/*--------------------------------*- C++ -*----------------------------------*\
| =========                 |                                                 |
| \\      /  F ield         | OpenFOAM: The Open Source CFD Toolbox           |
|  \\    /   O peration     | Version:  v2012                                 |
|   \\  /    A nd           | Website:  www.openfoam.com                      |
|    \\/     M anipulation  |                                                 |
\*---------------------------------------------------------------------------*/
FoamFile
{
    version     2.0;
    format      ascii;
    class       surfaceScalarField;
    location    "450";
    object      meshPhi;
}
// * * * * * * * * * * * * * * * * * * * * * * * * * * * * * * * * * * * * * //

dimensions      [0 3 -1 0 0 0 0];
oriented        oriented;


internalField   nonuniform List<scalar> 
20673
(
0
0
0
0
0
0
0
0
0
0
0
0
0
0
0
0
9.89721e-18
-4.98755e-19
0
0
0
0
0
0
0
0
0
0
0
0
0
0
0
0
0
0
0
2.76425e-08
1.31363e-16
1.61197e-08
0
0
0
0
0
0
0
0
0
0
0
0
0
0
0
0
0
0
0
0
0
0
0
0
0
0
0
0
0
0
0
0
0
0
0
0
0
0
0
0
0
0
0
0
0
0
0
0
0
0
0
0
0
0
0
-1.65048e-16
2.5763e-15
0
0
0
0
0
0
0
0
0
0
0
0
0
0
0
0
0
0
0
0
0
0
0
0
0
5.08901e-31
3.35792e-16
0
0
0
0
0
-5.14242e-17
3.402e-18
0
0
0
0
0
6.93268e-16
-7.14837e-18
0
0
0
0
0
0
0
0
0
0
-3.94907e-17
8.98689e-16
3.88878e-17
-1.92657e-17
0
0
0
0
0
0
0
0
0
0
0
0
0
0
0
0
0
0
0
0
-1.06832e-08
0
0
0
0
0
0
0
0
0
0
0
0
0
0
0
0
0
0
0
0
0
0
0
0
0
0
0
0
0
0
0
0
0
0
0
0
0
0
0
0
0
0
0
0
0
0
0
7.0368e-16
0
0
0
0
0
0
0
0
0
0
0
0
0
0
0
0
0
0
0
0
0
0
0
0
0
0
0
0
0
0
0
0
0
-4.81665e-17
0
4.01304e-16
0
0
0
0
0
0
0
0
0
0
0
0
0
0
0
-2.57192e-17
6.86946e-17
0
0
-3.32261e-15
0
0
0
0
0
0
3.00721e-16
1.55201e-16
0
0
0
0
0
0
0
0
0
0
0
0
0
0
0
0
0
0
0
0
2.56587e-16
5.15118e-17
0
-5.95723e-15
0
7.0644e-16
1.23756e-17
0
0
0
0
0
0
0
0
0
0
0
0
0
0
0
0
0
0
0
0
0
0
0
0
0
0
0
0
0
0
0
0
0
0
9.34729e-18
0
0
0
5.57174e-16
0
0
0
0
0
0
0
0
0
0
0
0
0
0
-1.82731e-16
-1.61901e-14
0
0
0
0
0
0
0
0
0
0
0
0
0
0
0
0
0
0
0
0
0
0
0
0
0
0
0
0
0
0
0
0
0
0
0
0
0
0
0
0
0
0
0
0
0
0
0
0
0
0
0
0
-1.21546e-16
2.19274e-17
0
0
0
0
0
0
0
0
0
0
0
0
0
0
0
0
0
0
0
0
0
0
0
0
0
0
1.71236e-17
0
0
0
0
0
0
0
0
0
0
0
0
0
0
0
0
0
0
0
0
0
0
0
0
0
0
0
0
0
0
0
0
0
0
0
0
0
0
0
0
0
0
0
0
0
0
0
0
0
0
0
0
0
0
0
0
0
0
0
0
0
0
9.09597e-16
0
-1.52449e-15
0
0
0
0
0
0
0
0
0
0
0
0
0
0
0
0
0
0
0
0
0
0
0
0
0
0
0
0
0
0
0
0
0
0
0
0
0
0
0
0
0
0
0
0
0
0
0
0
0
0
0
0
0
0
0
0
0
0
0
0
0
0
0
0
0
0
0
0
0
0
0
0
0
0
0
0
0
0
0
0
0
0
0
0
0
0
0
0
0
0
3.3547e-16
4.71114e-16
0
0
0
0
0
0
0
0
0
0
0
0
0
0
0
0
0
0
0
0
0
0
0
0
0
0
0
0
0
0
0
0
0
0
0
0
0
0
0
0
0
0
0
0
0
0
0
0
0
0
0
0
0
0
0
0
0
0
0
0
0
0
0
0
0
0
0
0
0
0
0
0
0
0
0
0
0
0
0
0
0
0
0
0
0
0
0
0
0
0
0
0
0
0
0
0
0
0
0
0
0
0
0
0
0
0
0
0
0
0
0
0
0
0
0
0
0
0
0
0
0
0
0
0
0
0
0
0
0
0
0
0
0
0
0
0
0
0
0
6.47333e-16
4.10343e-15
0
0
0
0
0
0
0
0
0
0
0
0
0
0
0
0
6.06261e-16
-1.57079e-16
0
0
0
0
0
0
0
0
0
0
0
0
0
0
0
0
0
0
0
0
0
-5.94388e-16
-6.25093e-18
0
0
0
0
0
0
0
0
0
0
0
0
0
4.2092e-17
1.16719e-16
0
0
0
0
0
0
0
0
0
0
0
0
0
0
0
0
0
0
0
0
0
0
0
0
0
-7.30034e-16
1.20129e-16
0
0
0
0
0
0
0
0
0
0
0
0
0
0
0
0
0
0
0
0
0
0
2.65252e-17
0
0
0
0
0
0
0
0
0
0
0
0
0
0
0
0
0
0
0
0
0
0
0
0
0
0
0
0
0
0
0
0
0
0
0
0
0
6.3502e-17
0
0
0
0
0
0
0
0
0
0
0
0
0
0
0
0
0
0
0
0
0
0
0
0
0
0
0
0
0
0
0
0
-9.15259e-17
4.68486e-17
0
0
0
0
0
0
0
8.64019e-16
4.73996e-16
-5.68081e-17
0
0
0
0
0
0
1.42056e-16
0
0
0
0
0
0
0
0
0
0
0
0
0
8.87739e-18
-1.08414e-15
5.0868e-16
0
0
0
0
0
0
0
0
0
0
0
0
0
1.14395e-15
3.53788e-08
-2.53213e-08
0
0
0
0
0
0
0
0
0
0
0
0
0
0
0
0
0
0
0
0
-7.13282e-15
-4.64777e-16
0
0
-9.09255e-16
4.25162e-16
0
0
0
0
0
0
0
0
0
0
0
0
0
0
0
0
0
0
0
0
0
0
0
0
0
0
0
0
0
0
0
0
0
0
0
0
0
0
0
0
0
0
0
0
0
0
0
0
0
0
0
0
0
0
0
0
0
0
0
0
-2.94717e-16
0
5.2508e-16
0
0
0
0
0
0
0
0
0
0
0
0
0
0
0
0
0
0
0
0
0
0
0
0
0
0
0
0
0
0
0
0
0
0
0
0
0
0
0
0
0
0
0
0
0
0
0
0
0
0
0
0
0
0
0
0
0
0
0
0
1.2377e-16
-1.37703e-16
0
0
0
0
0
0
0
0
0
0
-1.9248e-14
1.19742e-14
0
0
0
0
0
0
0
0
0
0
0
0
0
0
-4.22372e-17
2.17906e-16
0
0
0
0
0
0
0
0
0
0
0
0
0
0
0
0
0
0
0
0
0
0
0
0
0
0
0
0
0
0
0
0
0
0
0
0
0
0
0
0
0
0
0
0
0
0
0
0
0
0
0
0
0
0
0
0
0
0
0
0
0
0
0
0
0
0
0
0
0
0
0
0
0
0
0
0
0
0
0
0
0
0
0
0
0
0
0
0
0
0
0
0
0
0
0
0
0
0
0
0
0
0
0
0
0
0
0
0
0
0
0
0
0
0
0
0
0
0
0
0
-8.81165e-17
0
0
0
0
0
0
0
0
0
0
0
0
0
0
0
0
0
0
0
0
0
0
-1.4714e-15
-2.23841e-16
0
0
0
0
0
0
0
0
0
0
0
0
0
0
0
0
0
0
0
0
0
0
1.50474e-15
0
0
0
0
0
0
0
0
0
0
0
0
0
0
0
0
0
0
0
0
0
0
0
0
0
0
0
0
0
0
0
0
0
0
0
0
0
0
0
0
0
0
0
0
0
0
0
0
0
0
0
0
0
0
0
0
0
0
0
0
0
0
0
0
0
0
0
0
0
0
0
0
0
0
0
0
0
0
0
0
0
0
-1.57777e-15
-5.86724e-17
0
0
0
0
0
0
0
0
0
0
0
0
0
0
0
0
0
0
0
0
0
0
0
0
0
-2.41824e-08
-1.41433e-08
0
0
0
0
0
0
0
0
0
0
0
0
0
0
0
0
0
0
0
0
0
0
0
0
0
0
0
0
0
0
0
0
0
0
0
0
0
0
0
0
0
0
0
0
0
0
0
0
0
0
0
0
0
0
0
0
0
0
0
0
0
0
0
0
0
0
0
0
0
0
0
0
0
0
0
0
0
0
-4.85377e-17
0
0
0
0
0
0
0
0
0
0
0
0
0
0
0
0
0
0
0
0
-3.09554e-19
0
0
0
0
0
0
0
0
0
0
0
0
0
0
0
0
0
0
0
0
0
0
0
0
0
0
0
0
0
0
0
0
0
0
0
0
0
0
0
0
0
0
0
0
0
0
0
1.92795e-16
6.88302e-16
0
0
0
0
0
0
0
0
0
0
0
0
0
0
0
0
0
0
0
0
0
0
0
0
0
0
0
0
0
0
0
0
0
0
0
0
0
0
0
0
0
0
0
0
0
0
0
0
1.91629e-08
0
0
0
0
0
0
0
0
0
0
0
0
0
0
0
0
0
0
0
0
0
0
0
0
0
0
0
0
0
0
0
-1.54775e-16
0
0
0
0
0
0
0
0
0
0
0
0
0
0
0
1.12247e-16
1.17052e-16
0
0
0
0
0
0
0
0
0
0
0
0
0
0
0
0
0
0
0
0
0
0
0
0
0
0
0
0
0
0
0
0
0
0
0
0
2.30881e-15
3.14324e-15
0
0
0
0
0
0
0
0
0
0
0
0
0
0
0
0
0
0
0
0
0
0
0
0
0
0
0
0
0
0
0
0
0
0
0
0
0
0
0
0
0
-2.55074e-31
-3.94884e-17
0
0
0
0
0
0
0
0
0
0
0
0
0
0
0
0
0
0
0
0
0
0
0
0
0
0
0
0
0
0
0
0
0
0
0
0
0
0
0
0
0
0
0
0
0
0
0
0
0
0
0
0
0
0
0
0
0
0
0
0
0
0
0
0
0
0
0
0
-4.44875e-17
0
2.47527e-16
0
0
0
0
0
0
0
0
0
0
0
0
0
0
0
0
0
0
0
0
0
0
0
0
0
0
0
0
0
0
0
0
-3.70734e-16
-5.22509e-17
0
0
0
0
0
0
0
0
0
0
0
0
0
0
0
0
0
0
0
0
0
0
0
0
0
0
0
0
0
0
0
0
0
0
0
0
0
5.40671e-16
-3.77299e-17
4.88548e-17
0
0
0
0
0
0
0
0
0
0
0
0
0
0
0
0
0
0
0
0
0
-6.30338e-17
1.01874e-17
0
0
0
0
0
0
0
0
0
0
0
0
0
0
0
0
0
0
0
0
0
0
0
0
0
2.06751e-16
9.41689e-17
-1.19842e-15
0
0
0
0
0
0
0
0
0
0
0
0
0
0
0
0
0
0
0
0
0
0
0
0
0
0
0
0
0
0
0
0
0
0
0
0
0
0
0
0
0
0
0
0
0
0
0
0
0
0
0
0
0
0
0
0
0
0
0
-2.58044e-16
7.06151e-17
2.13288e-14
0
0
0
0
0
0
-1.13817e-16
7.78339e-17
0
0
0
0
0
0
0
0
0
0
0
0
0
0
0
0
0
0
0
0
0
0
0
0
1.06075e-15
0
0
0
0
0
0
0
0
0
0
0
0
0
3.4541e-16
-1.24635e-16
-2.88712e-16
0
4.7403e-16
0
4.29678e-17
0
0
0
0
0
5.00519e-16
0
-5.71036e-17
0
0
0
0
0
0
0
0
0
0
0
0
0
-2.74192e-16
4.22482e-17
0
0
7.88632e-15
0
0
0
0
0
0
0
0
0
0
0
0
0
0
0
0
0
0
-2.95416e-18
0
0
0
0
0
0
0
0
0
0
0
0
0
0
0
0
0
0
0
0
8.14285e-17
0
-1.51727e-16
0
0
0
0
0
0
-2.82581e-16
0
0
0
0
0
0
-1.29501e-16
5.2925e-16
0
0
0
0
0
0
0
0
0
0
0
0
0
0
0
0
0
0
0
0
0
0
0
0
0
0
0
0
2.18599e-15
3.13162e-15
0
0
0
0
0
0
-4.59575e-17
-9.49101e-15
0
0
0
0
0
0
0
0
0
0
0
0
0
0
0
0
0
0
0
0
0
0
0
0
0
0
0
0
0
0
0
0
0
0
0
0
0
0
0
0
0
0
0
0
0
0
0
0
0
0
0
0
0
0
0
1.06096e-14
0
0
0
0
0
0
0
0
0
0
0
0
0
0
0
0
0
0
0
0
0
0
0
0
0
0
0
0
0
0
0
0
0
0
0
0
0
0
0
0
0
0
0
0
0
0
0
0
0
0
0
0
0
0
0
0
0
0
0
0
0
0
0
0
0
0
0
0
0
0
0
0
0
0
0
0
0
0
0
0
0
0
0
0
0
0
0
0
0
0
0
0
0
0
0
0
0
3.43649e-14
0
0
0
0
0
0
0
0
0
0
0
0
0
0
0
0
0
0
0
0
0
0
0
0
0
0
0
0
0
0
0
0
0
0
0
0
0
0
0
0
0
0
0
0
0
0
0
0
0
0
0
0
0
0
0
0
0
0
0
0
0
0
0
0
0
0
0
0
0
0
0
-1.31842e-17
0
-3.91579e-16
0
-5.75678e-16
0
0
0
0
0
0
0
0
0
0
0
0
0
0
0
0
0
0
0
0
0
0
0
0
0
0
0
0
0
0
0
0
0
0
0
0
0
0
0
0
0
0
0
0
0
1.14009e-17
0
0
0
0
0
0
0
0
0
0
0
0
0
0
0
0
0
0
0
0
0
0
0
0
0
0
0
0
0
0
0
0
0
0
0
0
0
0
0
0
0
0
0
0
0
0
0
0
0
0
0
0
0
0
0
0
0
0
0
0
0
0
0
0
-9.3953e-17
0
0
0
0
0
0
0
0
0
0
0
0
0
0
0
0
0
0
0
0
0
0
0
0
0
0
0
0
0
0
0
0
0
0
0
0
0
0
0
0
0
0
0
0
0
0
0
0
0
0
0
0
0
0
0
0
0
0
0
0
0
0
0
0
0
0
0
0
0
0
0
0
0
0
0
0
0
0
0
0
0
0
0
0
0
0
0
0
0
0
0
0
0
0
0
0
0
0
0
0
0
0
0
0
0
0
0
0
-1.17578e-16
0
0
0
0
0
0
0
0
0
0
0
0
0
0
0
0
0
0
0
0
0
0
0
0
0
0
0
-9.47631e-17
-8.87553e-16
0
0
0
0
0
0
0
0
0
0
0
0
0
0
0
0
2.3646e-15
0
9.11057e-16
0
0
0
8.25551e-16
3.30433e-16
0
0
0
0
0
0
0
0
0
0
0
0
0
0
0
0
0
0
0
0
0
0
0
0
0
0
0
0
0
0
0
0
0
0
0
0
0
0
0
0
0
0
0
0
0
0
0
0
0
0
0
0
0
0
0
0
0
0
0
0
0
0
0
0
0
0
0
0
0
0
0
0
0
0
0
0
0
0
0
0
0
0
0
0
0
0
0
0
0
0
0
0
0
0
0
0
0
0
0
0
0
0
0
0
0
0
0
0
0
0
-5.14402e-17
0
0
0
0
0
-7.09484e-15
0
3.71095e-15
0
0
0
0
0
0
0
0
0
0
0
0
0
0
0
0
0
0
0
0
0
0
0
0
0
0
0
0
0
0
0
0
0
0
0
0
0
0
0
0
0
0
0
0
0
0
0
0
0
0
0
0
0
0
-1.55634e-16
-3.77398e-16
0
0
0
0
0
0
0
-2.17841e-16
-5.61547e-17
0
0
0
0
0
0
0
0
0
0
0
0
0
0
0
0
0
0
0
0
0
0
0
0
0
0
0
0
0
0
-1.55776e-17
8.70687e-17
0
0
0
0
0
0
0
0
0
-9.09185e-16
7.54202e-16
0
0
0
0
0
0
0
0
0
-4.24894e-16
-2.50524e-16
0
0
0
0
0
0
0
0
0
0
0
0
0
0
0
0
0
0
0
0
0
0
0
0
0
0
0
0
0
0
0
0
0
0
0
0
0
0
0
0
0
0
0
0
0
2.9339e-15
0
0
0
0
0
0
0
0
0
0
0
0
0
0
0
0
0
0
0
0
0
0
0
0
0
0
0
0
0
0
0
0
0
0
0
0
0
0
0
0
0
0
0
0
0
0
0
0
0
0
0
0
0
0
0
0
0
0
0
0
0
0
0
0
0
0
0
0
0
0
0
0
0
0
1.4454e-14
0
0
0
0
0
0
-1.36804e-16
0
0
0
0
0
0
0
0
0
0
0
0
0
0
0
0
0
0
0
0
0
0
0
0
0
0
0
0
0
0
0
0
0
0
0
0
0
0
0
-8.11126e-17
1.19444e-16
0
0
0
0
0
0
0
0
0
0
0
0
0
0
0
0
0
0
0
0
0
0
0
0
0
0
0
0
0
0
0
0
0
0
0
0
0
0
5.66877e-17
2.65124e-18
0
0
0
0
0
0
0
0
0
0
1.3302e-16
-9.19668e-17
0
0
0
0
0
0
0
0
0
0
0
0
0
0
0
0
0
0
0
0
0
0
0
0
0
0
0
0
0
0
0
0
0
0
0
0
0
0
0
0
0
0
0
0
0
5.61134e-16
0
0
0
0
0
0
0
0
0
0
0
0
0
0
0
1.89011e-15
0
0
0
0
0
0
0
0
0
0
0
0
0
0
-3.01281e-17
0
0
0
0
0
0
0
0
0
0
0
0
0
0
0
0
0
0
0
0
0
0
0
0
0
0
0
0
-2.53732e-16
1.42866e-15
0
0
0
0
0
0
0
0
0
0
0
0
0
0
0
0
0
0
0
0
0
0
-9.57897e-16
0
0
0
0
0
0
0
0
0
0
0
0
0
0
0
0
0
0
0
0
0
1.09313e-15
0
-2.30477e-15
0
0
0
0
0
0
0
0
0
0
0
0
0
0
0
0
0
0
0
0
0
0
0
0
0
-1.5056e-17
-4.08399e-16
1.16698e-15
0
0
0
0
0
0
0
0
0
0
0
0
0
0
0
0
0
0
0
0
0
0
0
0
0
0
0
0
0
0
0
0
0
0
0
0
0
0
0
0
0
0
-9.86763e-16
4.98684e-15
0
0
0
0
0
0
0
0
0
0
0
0
0
0
0
0
0
0
0
0
0
0
0
0
0
0
0
0
0
0
0
0
0
0
0
0
0
0
0
0
0
0
0
0
0
0
0
0
0
0
0
0
0
0
0
0
0
0
0
0
0
0
0
0
5.74033e-16
0
3.4508e-16
0
0
0
0
0
0
0
0
0
0
0
0
0
0
0
0
0
0
0
0
0
0
0
0
0
0
0
0
0
0
2.18927e-16
9.91087e-17
0
0
0
0
0
0
0
0
0
0
0
0
0
0
0
1.13365e-15
0
5.01141e-16
0
0
0
0
0
0
0
0
0
0
0
0
0
0
0
0
0
0
0
0
0
0
0
0
0
0
0
0
0
0
0
0
0
0
0
0
0
0
0
0
0
0
0
0
0
0
0
0
0
0
0
0
8.24443e-18
-3.97331e-18
-6.85309e-16
0
0
0
0
0
0
0
0
0
0
3.95243e-16
9.59783e-17
0
0
0
0
0
0
0
0
0
3.75897e-17
0
0
0
0
0
0
0
0
0
0
0
0
0
0
0
0
0
0
0
0
0
0
0
0
0
0
0
0
0
0
0
0
0
0
0
0
0
0
0
0
0
0
0
0
0
0
0
0
0
0
0
0
0
0
0
0
0
0
0
0
0
0
0
0
0
0
0
0
0
0
0
0
0
-3.37731e-16
-3.15404e-15
0
0
0
0
0
0
0
0
0
0
0
0
0
0
0
0
0
0
0
0
0
0
0
0
0
1.5009e-16
-1.83892e-16
0
0
0
0
0
0
0
0
0
0
0
0
0
0
0
0
0
0
0
0
0
0
0
0
0
0
0
0
0
0
0
0
0
0
0
0
0
0
0
0
0
0
0
0
0
0
0
0
0
0
0
0
0
0
0
0
0
0
0
0
0
0
0
0
0
0
0
0
0
0
0
0
0
0
0
0
0
0
0
0
0
0
0
0
0
0
0
0
0
0
0
0
0
0
0
0
0
0
0
0
0
0
0
0
0
0
0
0
0
0
0
0
0
0
0
0
0
0
0
0
0
0
0
0
0
0
0
0
0
0
0
0
0
0
8.21351e-17
1.48001e-15
0
0
0
0
0
0
0
0
0
0
0
0
0
0
0
0
0
0
0
0
0
0
0
0
0
0
0
0
0
0
0
0
0
0
0
0
3.6923e-17
0
0
0
0
0
0
0
0
0
0
0
0
0
0
0
0
0
0
0
0
0
0
0
0
0
0
-4.63696e-17
-5.61396e-17
0
0
0
0
0
0
0
0
0
0
0
0
0
0
0
0
0
0
0
2.48997e-18
0
0
0
0
0
-2.396e-15
-4.93732e-16
0
0
0
0
0
0
0
0
0
0
0
0
0
0
0
0
0
0
-5.32202e-16
0
0
0
0
0
0
0
0
0
0
0
0
0
0
0
0
0
0
0
0
0
0
0
0
0
0
0
0
0
0
0
0
0
-6.09819e-15
0
-5.08557e-15
0
0
0
0
0
0
0
0
0
0
0
0
0
0
0
0
0
0
0
0
0
0
0
0
0
6.17739e-17
0
2.07626e-16
0
0
0
0
0
0
0
0
0
0
0
0
0
0
0
0
0
0
0
-1.28536e-17
-8.01686e-16
-1.86035e-16
0
2.57444e-31
0
0
0
0
0
0
9.97416e-17
1.02347e-15
0
0
0
0
0
0
0
0
0
0
0
0
0
0
0
0
0
0
0
0
0
0
0
0
0
0
0
0
0
0
0
0
0
0
0
0
0
0
0
0
0
-3.93291e-16
-6.31842e-17
2.63739e-16
0
0
0
0
0
0
0
0
0
0
0
0
0
0
0
0
0
0
0
0
0
0
0
0
0
0
0
0
0
0
0
0
0
0
0
0
0
0
0
0
0
-9.03243e-16
0
0
0
-1.53902e-15
0
0
0
-8.31509e-16
0
0
0
0
0
0
0
0
0
0
0
0
0
0
0
0
0
0
0
0
0
0
0
0
0
0
0
-6.81395e-16
0
0
0
0
0
0
0
0
0
0
0
0
0
0
0
0
0
0
0
0
0
0
0
0
0
0
0
0
0
0
0
0
0
0
0
0
0
0
0
0
0
0
0
-5.38044e-15
0
0
0
0
0
0
0
0
0
0
0
0
0
0
0
0
0
0
0
0
0
0
0
0
0
0
0
0
0
0
0
0
0
0
0
0
-5.11869e-15
0
0
0
0
0
0
0
0
0
0
0
0
0
0
0
0
0
0
0
0
0
0
0
0
0
0
0
0
0
0
0
0
0
0
0
0
0
0
0
-1.27892e-15
0
0
0
0
0
0
0
0
0
0
0
0
0
0
0
0
0
0
0
0
0
0
0
0
0
0
0
0
0
0
0
0
0
0
0
0
0
0
0
0
0
-4.18056e-16
-7.18818e-16
0
0
0
0
0
0
0
0
0
0
0
0
0
0
0
0
0
0
0
0
0
0
0
0
0
0
0
0
0
-8.00381e-17
8.37874e-19
-5.60982e-16
0
0
0
0
0
0
0
0
0
0
0
0
0
0
0
0
0
0
0
0
0
0
0
0
0
0
1.67848e-15
-1.84141e-15
-4.98885e-17
0
0
0
0
0
0
0
-6.58905e-16
0
0
0
0
0
0
0
0
0
0
0
0
0
0
0
0
0
0
0
0
0
0
0
0
0
0
0
0
0
0
-1.55428e-16
-2.76499e-16
3.37671e-16
0
7.20506e-17
0
0
0
0
0
0
0
0
0
0
0
0
0
0
0
0
0
0
0
0
0
0
0
0
0
0
0
0
0
0
0
0
0
0
0
-7.14507e-16
2.17711e-16
0
0
0
0
0
-1.14556e-16
1.57441e-15
0
0
0
0
0
0
0
0
0
0
0
0
0
0
0
0
0
0
0
0
0
0
0
0
0
0
0
0
0
0
0
0
0
0
0
0
0
0
0
0
0
0
0
0
0
0
0
0
0
0
0
0
0
0
0
0
0
0
0
0
0
0
0
0
0
0
0
0
0
0
0
0
0
0
0
0
0
0
0
0
0
0
0
0
0
0
0
0
0
0
0
0
0
0
0
0
0
0
0
0
0
0
0
0
0
0
0
0
0
0
0
0
0
0
0
0
0
0
0
0
0
0
0
-2.56281e-17
0
0
0
0
0
2.70487e-15
0
0
0
0
0
0
0
0
0
0
0
0
0
0
0
0
0
0
0
0
0
0
0
0
0
0
0
0
0
0
0
0
0
0
0
0
0
0
0
0
0
0
0
0
0
0
0
0
0
0
-4.58382e-16
5.50988e-16
0
0
0
0
0
0
0
0
0
0
0
0
0
0
0
0
0
0
0
0
0
0
0
0
0
0
0
0
0
0
0
0
0
0
0
0
0
0
0
0
0
0
0
0
0
0
0
0
9.22526e-17
0
0
0
0
0
0
0
-2.61811e-16
2.08081e-15
0
0
0
0
0
0
0
0
0
0
0
0
0
0
0
0
0
0
0
0
0
0
5.77226e-16
0
0
0
0
0
0
0
0
6.78324e-17
-1.39637e-16
0
0
0
0
0
0
0
0
0
0
0
0
0
0
0
0
0
0
0
0
0
0
0
0
0
0
0
0
0
0
0
4.87459e-17
-1.02863e-16
0
0
0
0
0
0
0
0
0
0
0
0
0
0
0
0
0
0
0
0
0
-4.48752e-16
0
0
0
0
0
0
0
0
0
0
0
0
0
0
0
0
0
0
0
0
0
0
0
0
0
0
0
0
0
0
0
0
0
0
0
0
0
0
0
0
0
0
0
0
0
0
0
0
0
0
0
0
0
0
0
0
0
0
0
0
0
0
0
0
0
0
0
0
0
0
0
0
0
0
5.76375e-16
0
0
0
0
0
0
0
0
0
0
0
0
0
0
0
0
0
0
0
0
0
0
0
0
0
0
0
0
0
0
0
0
0
0
0
0
0
0
0
0
0
0
0
0
0
0
0
0
0
0
0
-7.52732e-16
4.95247e-16
0
0
0
0
0
-2.55433e-31
6.34347e-16
0
0
-3.27459e-16
0
0
0
7.11504e-19
4.61268e-17
0
0
0
0
0
0
0
0
0
0
0
0
0
0
0
0
0
0
0
0
0
0
0
0
0
0
0
0
0
0
0
0
0
0
-1.05649e-17
0
0
0
0
0
0
0
0
0
0
0
0
0
0
0
0
0
0
0
0
0
0
0
0
0
0
0
0
0
0
0
0
0
0
0
0
0
0
0
0
0
0
0
0
0
0
0
0
0
0
0
0
0
0
0
0
0
0
0
0
0
0
1.58576e-17
0
0
0
0
0
0
0
0
0
0
0
0
0
0
0
0
0
0
0
0
0
0
0
0
0
0
0
0
0
0
0
0
0
0
0
0
0
0
0
0
0
0
0
0
0
0
0
0
0
0
0
-9.69598e-16
5.35022e-17
0
0
0
0
0
0
0
0
0
0
0
0
0
0
0
0
0
0
0
0
0
0
3.79477e-15
0
0
0
0
0
0
0
0
0
0
-3.74141e-09
0
2.8442e-08
0
0
0
0
0
0
0
0
0
0
0
0
0
0
0
0
0
0
0
0
0
0
0
0
0
0
0
0
0
0
0
0
0
0
0
0
0
0
0
0
0
0
0
0
0
0
0
0
0
0
0
0
0
0
0
2.3324e-15
0
0
0
0
0
0
0
0
0
0
0
0
0
0
0
0
0
0
0
0
0
0
0
0
0
0
0
0
0
0
0
0
0
0
0
0
0
0
0
0
0
0
-1.22987e-15
9.29075e-18
0
0
0
0
0
0
0
0
0
0
0
0
0
0
0
0
0
0
0
0
0
0
0
0
0
0
0
0
0
0
0
0
0
0
0
5.11895e-31
0
1.80016e-16
0
0
0
0
0
0
0
0
0
0
0
0
0
0
0
0
0
0
0
0
0
0
0
0
0
0
0
0
0
0
-1.06512e-15
0
0
0
7.37425e-18
0
0
0
0
0
6.11635e-17
0
0
0
0
0
0
0
0
0
0
0
0
0
0
0
0
0
0
0
0
0
0
0
0
0
0
0
0
0
2.95457e-16
-1.31503e-15
0
0
0
0
0
0
0
0
0
0
0
0
0
0
0
0
0
0
0
0
0
0
0
0
0
0
0
0
0
0
0
0
0
0
0
0
0
1.34933e-15
0
0
0
0
0
0
1.61769e-16
-1.44478e-16
0
0
0
0
0
0
0
0
0
0
0
-1.65336e-15
6.30456e-17
0
0
0
0
0
0
0
0
0
0
0
0
0
0
0
0
0
0
0
0
0
0
0
0
0
0
0
0
0
0
0
0
0
0
6.73576e-17
1.50803e-16
0
0
0
0
0
0
1.51664e-15
0
0
0
0
0
0
0
0
0
0
0
0
0
0
0
0
0
0
0
0
0
0
0
0
0
0
0
0
0
0
0
0
1.53085e-15
0
0
0
0
0
0
0
0
0
2.43386e-08
-1.32796e-16
0
0
0
0
0
0
0
0
0
0
0
0
0
0
0
0
0
0
0
0
0
0
0
0
0
0
0
0
0
0
0
0
0
0
0
0
0
0
0
0
1.96298e-15
1.08405e-15
0
0
0
0
0
0
0
0
0
0
0
0
0
0
0
0
0
0
0
0
8.84986e-16
0
0
0
0
0
0
0
0
0
0
0
0
0
0
0
0
0
0
0
0
0
0
0
0
0
0
0
0
0
0
0
0
0
0
0
0
0
0
0
0
0
0
0
2.31572e-16
-5.73769e-17
0
0
0
0
0
0
0
-3.64353e-17
0
0
0
0
0
0
0
0
0
0
0
0
0
0
0
0
0
0
0
0
0
0
0
0
0
0
0
0
0
0
0
0
0
0
0
0
0
0
0
0
0
0
0
0
-5.75928e-16
0
0
0
0
0
0
0
0
0
0
0
0
0
0
0
0
0
0
0
0
0
0
0
0
0
0
0
0
0
0
0
0
0
0
-1.67955e-17
-1.72504e-15
0
0
0
0
0
0
0
0
0
0
0
0
0
0
0
0
0
-7.99119e-17
0
0
0
0
0
0
0
0
0
0
0
0
0
0
0
0
0
0
0
0
0
0
0
0
0
0
0
0
0
0
-2.53919e-16
0
0
0
0
0
0
0
0
0
0
0
0
1.96551e-15
0
0
0
0
0
0
0
0
0
0
0
0
-5.3521e-14
0
0
0
0
0
0
0
0
0
0
0
0
0
0
0
0
0
0
-2.01506e-15
0
0
0
0
0
0
0
0
0
0
0
0
0
0
0
0
0
0
1.02379e-30
1.71165e-15
0
-3.51438e-16
0
0
0
0
0
0
0
0
0
1.35336e-16
-9.01142e-17
0
0
0
0
0
0
0
0
0
0
0
0
0
0
0
0
0
0
0
0
0
0
0
0
0
0
0
0
0
0
0
0
0
-1.65222e-16
-7.38712e-17
3.3849e-16
0
0
0
0
0
0
0
0
0
0
0
0
0
0
0
0
0
0
0
0
0
0
0
0
0
0
0
0
0
0
0
0
0
0
0
0
0
0
0
0
0
0
0
0
0
0
0
0
0
0
0
0
0
0
0
0
0
0
0
0
0
0
0
0
0
0
0
0
0
0
0
0
0
0
0
2.36834e-15
4.1149e-16
0
0
0
0
0
0
0
0
0
0
0
0
0
0
0
0
0
0
0
0
0
0
0
0
0
0
0
0
0
0
0
0
0
0
0
0
0
0
0
0
0
0
0
0
0
0
0
0
0
1.21568e-15
0
0
0
0
0
0
0
0
0
0
0
0
0
0
0
0
0
0
0
0
0
0
0
0
0
0
0
0
0
0
0
0
0
0
0
0
0
0
0
0
0
0
0
0
0
0
0
0
0
0
0
0
0
0
0
2.38039e-08
7.99377e-17
0
0
0
0
0
0
0
0
0
0
0
0
0
0
0
0
0
0
0
2.09126e-17
0
0
0
0
0
0
0
-1.81484e-15
0
0
0
0
0
0
0
0
0
0
0
0
0
0
0
-1.96815e-16
0
0
3.63619e-15
0
0
0
0
0
0
0
0
0
0
0
0
0
0
0
0
0
0
0
0
0
0
-4.06914e-16
0
0
0
0
0
0
0
0
0
0
0
0
0
0
0
0
0
0
0
0
0
0
0
0
0
0
0
0
0
0
0
0
0
0
0
0
0
0
0
0
0
0
0
0
0
0
0
0
0
0
0
0
0
0
0
0
0
0
0
0
0
0
0
9.24834e-17
0
0
0
0
-2.08866e-16
0
9.06277e-17
0
0
0
0
0
0
0
0
0
0
0
0
0
0
0
0
0
0
0
0
0
0
0
0
0
0
0
0
0
0
0
0
0
0
0
0
0
0
0
0
0
0
0
0
0
0
0
0
0
0
2.27924e-15
0
0
0
0
0
0
0
0
0
0
0
0
0
0
0
0
0
0
-9.83079e-16
0
0
0
0
7.91783e-19
0
0
0
0
0
0
0
0
0
0
0
0
0
0
-6.68073e-17
0
0
0
0
0
0
0
0
0
0
0
0
0
0
5.85875e-19
0
0
0
0
0
0
0
0
0
0
0
0
0
0
0
0
0
0
0
0
0
0
0
0
0
0
0
0
0
0
0
0
0
0
0
0
0
0
0
0
0
0
0
0
0
-5.22261e-17
5.28939e-18
0
0
0
0
0
0
0
0
0
0
0
0
0
0
0
0
0
0
0
0
0
0
0
0
0
0
0
0
0
-3.2569e-16
7.12169e-16
5.25232e-16
6.37314e-17
0
0
0
0
0
0
0
0
0
0
0
0
0
0
0
0
0
0
0
0
0
0
0
0
0
0
0
0
0
0
0
0
0
6.83288e-16
0
4.46588e-17
0
0
0
0
0
-2.04622e-15
0
0
0
0
0
0
0
0
0
0
0
0
0
0
0
0
0
0
0
0
0
0
0
0
0
0
0
0
0
0
0
0
0
0
0
0
0
0
0
0
0
0
0
0
0
0
0
0
0
0
0
0
0
0
-8.64177e-17
-1.62393e-16
0
0
0
0
0
0
0
0
0
0
0
0
0
0
0
0
0
0
0
0
0
0
0
0
0
0
0
0
0
0
0
0
0
0
0
0
0
0
0
0
0
-1.35969e-15
0
0
0
0
0
0
0
0
0
0
0
0
0
0
0
0
0
0
0
0
0
0
4.74321e-17
-9.38096e-17
0
0
0
0
0
0
0
0
0
0
0
3.96376e-16
6.6809e-16
0
0
0
0
0
0
0
0
0
0
0
0
0
0
0
0
0
0
0
0
0
0
0
0
0
0
0
0
0
0
0
5.54883e-17
0
0
0
4.98144e-15
-8.32487e-15
0
0
0
0
0
0
0
0
0
0
0
0
0
0
0
0
0
0
0
0
0
0
0
0
0
0
0
0
0
0
0
0
0
0
0
0
0
0
0
0
0
0
0
0
0
0
0
0
0
0
0
-1.58855e-16
0
0
0
0
0
0
0
0
0
0
0
0
0
0
0
0
0
0
0
0
0
0
0
0
0
0
0
0
0
0
0
0
0
0
0
0
0
0
0
0
0
0
-1.55564e-15
-3.01056e-17
0
0
0
0
0
0
0
0
0
0
0
0
0
0
0
0
0
0
0
0
0
0
0
0
0
0
0
0
0
0
0
0
0
0
0
0
0
0
0
0
0
0
0
0
0
0
0
0
0
0
0
0
0
0
0
0
0
0
0
0
0
0
0
0
0
0
0
0
0
0
-3.70912e-15
4.84443e-15
0
0
7.81462e-16
0
0
0
0
0
0
0
0
0
0
0
0
0
0
0
0
0
0
0
0
0
0
0
0
0
0
0
0
0
0
0
0
0
0
0
0
0
0
0
0
0
0
0
0
0
0
0
0
0
0
0
0
0
0
0
0
0
0
0
0
0
0
0
0
0
0
0
0
0
0
0
0
0
0
0
-2.49477e-16
0
0
0
0
0
0
0
0
0
0
0
0
0
0
0
0
0
0
0
0
0
0
0
0
0
0
0
0
0
0
0
0
0
0
0
0
0
0
0
0
0
0
0
0
0
0
0
0
0
0
0
0
0
0
0
0
0
0
0
0
0
0
0
0
0
0
0
0
0
0
0
0
0
0
0
0
0
0
0
0
0
0
0
0
0
0
0
0
0
0
0
0
0
0
0
0
0
0
0
0
0
0
0
0
0
0
0
0
0
0
0
-3.59249e-16
0
0
0
0
0
0
0
0
0
0
0
0
0
0
0
0
0
0
0
0
0
0
0
0
0
0
0
0
0
0
0
0
0
0
0
0
0
0
0
0
0
0
0
0
0
0
0
0
0
0
0
0
0
0
0
0
0
-1.19415e-16
0
-2.50098e-16
0
0
0
0
0
0
0
0
0
0
0
0
0
0
0
-8.63153e-17
0
0
0
0
0
0
0
0
0
0
0
0
0
0
0
0
0
0
0
0
0
0
0
0
0
0
0
0
0
0
0
0
0
0
0
0
0
0
0
0
0
0
0
0
0
0
0
0
0
0
0
0
0
0
0
0
0
0
0
0
0
0
0
0
0
0
-2.41526e-15
-4.33188e-16
1.24221e-16
0
0
0
0
0
0
0
0
0
0
0
0
0
0
0
0
0
0
0
0
0
0
0
0
0
0
0
0
0
0
0
0
0
0
0
0
0
0
0
0
0
0
0
0
0
0
0
0
0
0
0
0
0
0
0
0
0
-2.09253e-16
-2.76197e-16
0
-7.47569e-17
0
0
0
0
0
0
0
0
0
0
0
0
0
0
0
0
0
0
0
0
0
0
0
0
0
0
0
1.02219e-14
0
0
0
0
0
0
0
0
0
0
0
0
0
0
0
0
0
0
0
0
0
0
0
0
0
0
0
0
0
0
0
0
0
0
0
0
0
0
0
0
0
0
0
0
0
0
0
0
5.61573e-17
0
0
0
0
0
0
0
0
0
0
0
0
0
0
0
0
0
0
0
0
0
0
0
0
0
0
0
0
0
0
0
0
0
0
0
-1.33801e-16
4.08706e-17
0
0
0
0
0
0
0
0
0
0
0
0
0
0
0
0
0
0
0
0
0
0
0
0
0
0
0
0
0
0
0
0
0
0
0
0
0
0
0
0
0
0
6.56759e-17
0
0
0
0
0
0
0
0
0
0
0
0
0
0
0
0
0
0
0
0
0
0
0
0
0
0
0
0
0
0
0
0
0
0
0
0
0
0
0
0
0
0
0
0
0
0
0
0
0
0
0
0
0
0
0
0
0
0
0
0
0
-6.43611e-32
1.91629e-08
0
0
0
0
0
0
0
0
0
0
0
0
0
0
0
0
0
0
-2.041e-16
0
0
0
0
0
0
0
0
0
0
0
0
0
0
0
0
0
0
0
0
0
0
0
0
0
0
0
0
0
0
0
-1.48919e-16
1.05012e-16
0
0
0
0
0
0
0
0
0
0
0
0
0
0
0
0
0
0
0
3.02232e-16
-1.49516e-16
0
0
0
0
0
0
0
-3.62778e-16
1.57868e-16
0
0
0
0
0
0
0
0
0
0
0
0
0
0
0
0
0
0
0
0
0
0
0
0
0
0
0
0
0
0
0
0
0
0
0
0
0
0
0
0
0
0
0
0
0
0
0
0
0
0
0
0
0
0
0
0
0
0
0
0
0
0
0
0
0
0
0
0
0
0
0
0
0
0
0
0
0
0
0
0
0
0
0
0
0
0
0
0
0
0
0
0
0
0
0
0
2.6653e-17
0
0
0
0
0
0
0
0
0
0
0
0
0
0
0
0
0
0
0
0
0
0
0
0
0
0
0
0
0
0
0
0
0
0
0
0
0
0
0
0
0
0
0
0
0
0
0
0
0
0
0
0
0
0
0
0
0
0
0
0
0
0
0
0
0
0
0
0
0
0
0
0
0
0
-2.04704e-15
5.87553e-17
0
0
0
0
0
0
0
0
0
0
0
0
4.44929e-16
0
0
0
0
0
0
0
0
0
0
0
0
0
0
0
0
0
0
0
0
0
0
0
0
0
0
0
0
0
0
0
0
0
0
-6.91778e-17
0
0
0
0
0
0
0
0
0
0
0
0
0
0
0
0
0
0
0
0
0
0
0
0
0
0
0
0
0
0
0
0
0
0
0
0
0
0
0
0
0
0
0
0
0
0
0
0
0
0
0
0
0
0
0
0
0
0
0
0
-1.68538e-16
0
-1.6797e-15
0
0
0
0
0
0
0
0
0
0
0
0
0
0
0
0
0
0
0
0
0
0
0
0
0
0
0
0
0
0
0
0
0
0
0
0
0
0
0
0
0
0
0
0
0
0
0
0
0
0
0
0
0
0
0
0
0
0
2.60708e-16
-3.09635e-16
0
0
0
0
0
0
0
0
0
0
0
0
0
0
0
0
0
0
0
0
0
0
0
0
0
0
0
0
0
0
0
0
0
0
0
0
0
0
0
0
0
0
0
0
0
0
1.35627e-15
0
0
0
0
0
0
0
0
0
0
0
0
0
0
0
0
0
0
0
9.52677e-17
0
0
0
0
0
0
0
0
0
0
0
0
0
0
0
0
0
0
0
0
0
0
0
0
0
0
0
0
0
0
0
0
0
0
0
0
0
0
0
0
-4.17397e-16
0
0
0
0
0
1.79254e-16
0
0
0
0
0
0
0
0
0
0
0
0
0
0
0
0
0
0
0
0
0
0
0
0
0
0
0
0
0
0
0
0
0
0
0
0
0
0
0
0
0
0
0
0
0
0
0
0
0
0
-3.15518e-17
1.11694e-17
0
0
0
0
0
0
0
0
0
0
0
0
0
0
0
0
0
0
0
0
0
0
0
0
0
0
0
0
0
0
0
0
0
0
0
0
0
0
0
0
0
0
0
0
0
0
0
0
0
0
0
0
0
0
0
0
0
0
0
0
0
0
0
0
0
0
0
0
0
0
0
0
0
0
-1.21039e-17
-1.06658e-16
0
0
0
0
0
0
0
0
0
0
0
0
0
0
0
0
0
0
0
0
0
0
0
0
0
0
0
0
0
0
0
0
0
0
0
0
0
0
0
0
0
0
0
0
0
0
0
0
0
0
0
0
0
0
0
0
0
0
0
0
0
0
0
0
0
0
0
0
0
0
0
0
0
0
0
0
0
0
0
0
-2.62814e-17
0
0
0
0
0
0
0
0
0
0
0
0
-6.57834e-16
0
0
0
0
0
0
2.33289e-16
-6.92964e-17
0
0
0
0
0
0
0
0
0
0
0
0
0
0
0
0
0
0
0
0
0
0
0
0
0
0
0
0
0
0
0
0
0
0
0
0
0
0
0
0
0
0
0
0
0
0
0
0
0
0
0
0
0
0
0
0
0
0
0
0
0
0
0
0
0
0
0
-3.17882e-17
0
0
0
0
0
0
0
0
0
0
0
0
0
0
0
0
0
0
0
0
0
0
0
0
0
0
0
0
0
0
0
0
0
0
0
0
0
0
0
0
0
0
0
0
0
0
0
0
0
0
0
0
0
0
0
0
0
0
0
0
0
0
0
0
0
0
0
0
0
0
0
0
0
0
0
0
0
-1.98214e-15
8.40457e-17
0
0
0
0
0
0
0
0
0
0
0
0
0
0
0
0
0
0
0
0
0
0
0
0
0
0
0
0
0
0
0
0
0
0
0
0
0
0
0
0
0
0
0
0
0
0
0
0
0
0
0
0
0
0
0
0
0
0
0
0
0
0
0
0
0
0
0
0
0
0
0
0
0
0
0
0
0
0
0
0
0
0
0
0
0
0
0
0
0
0
0
0
0
0
0
0
0
0
0
0
0
0
0
0
0
0
0
0
0
0
0
0
0
0
0
0
0
0
0
0
0
0
0
0
0
0
0
0
0
0
0
0
0
0
1.60684e-16
4.25431e-15
0
0
0
0
0
0
0
0
0
0
0
0
0
0
0
0
0
0
0
0
0
0
0
0
0
0
0
0
0
0
0
0
0
0
-1.53585e-15
-6.02533e-15
0
0
0
0
0
5.58214e-17
-1.17434e-16
0
0
0
0
0
0
0
0
0
0
0
0
0
0
0
0
0
0
0
0
0
0
0
0
0
0
0
0
0
0
0
0
0
0
0
0
0
1.80102e-15
0
0
0
0
0
0
0
0
0
-2.71562e-17
0
0
0
0
0
0
0
0
0
0
0
0
0
0
0
0
0
0
0
0
0
0
0
0
0
0
0
0
0
0
0
0
0
0
0
0
0
0
0
0
0
0
-2.58346e-18
0
-2.73706e-17
0
0
0
0
0
0
0
0
0
0
0
0
0
0
0
0
0
0
0
0
0
0
0
0
0
0
0
0
0
0
0
0
0
0
0
0
0
0
0
0
0
0
0
0
0
0
0
0
0
0
0
0
0
0
0
0
0
0
0
0
0
0
0
0
0
0
0
0
0
0
0
0
0
0
0
0
0
0
0
0
0
0
0
0
0
0
0
0
0
0
0
0
0
0
0
0
0
0
0
0
0
0
0
0
0
0
0
0
0
0
0
0
0
0
0
0
0
0
0
0
0
0
0
0
0
0
0
0
0
0
0
0
0
0
0
0
0
0
0
0
0
0
0
0
0
0
0
0
0
0
0
0
0
0
0
0
0
0
0
0
0
0
0
0
0
0
0
0
0
0
0
0
0
0
0
0
0
0
0
0
0
0
0
0
0
0
0
0
0
0
0
0
0
0
0
0
0
-1.57471e-17
0
0
0
0
0
0
0
0
0
0
0
0
0
0
0
0
0
0
0
0
0
0
0
0
0
0
0
0
0
0
0
0
0
0
0
0
0
0
0
0
0
0
4.43843e-16
0
0
0
0
0
0
0
0
0
0
0
0
0
0
0
0
0
0
0
0
0
0
0
0
0
0
0
0
0
0
0
0
0
0
0
0
0
0
0
0
0
0
0
0
0
0
0
0
0
0
0
0
0
0
6.07142e-17
-3.71747e-17
0
0
0
0
0
0
0
-1.47179e-15
-8.48003e-15
0
0
0
0
2.79805e-14
0
1.43875e-14
0
0
0
0
0
0
0
0
0
0
0
0
0
0
0
-3.22092e-17
0
0
0
0
0
2.61976e-16
0
-1.47182e-18
0
1.12416e-16
0
0
0
0
6.43983e-16
-1.61566e-17
0
0
0
0
0
0
0
0
0
0
0
0
0
0
0
0
0
0
0
0
0
0
0
0
0
0
0
0
0
0
0
0
0
0
0
0
0
0
0
0
0
0
0
0
0
0
0
-2.5721e-15
0
0
0
0
0
0
0
0
0
0
0
0
0
0
0
0
0
0
0
0
0
0
0
0
0
0
0
0
0
0
0
0
0
0
0
0
0
0
0
0
0
0
0
0
0
0
0
0
0
0
0
0
0
0
0
0
0
0
3.87254e-16
0
0
0
0
0
0
0
0
0
0
0
0
0
0
0
0
0
0
0
0
0
0
0
0
0
0
0
0
0
0
0
0
0
0
0
0
0
0
0
0
0
0
0
0
0
0
0
0
0
0
0
0
0
0
0
0
0
0
0
0
0
1.52673e-16
1.07938e-15
0
0
0
0
0
0
0
0
0
0
0
0
0
0
-2.55948e-31
0
0
0
0
0
0
0
4.14437e-16
0
0
0
0
0
0
0
0
0
0
0
0
0
0
0
0
0
0
0
0
0
0
0
0
0
0
0
0
0
0
0
0
0
0
0
0
0
0
0
0
0
0
0
0
0
0
-1.02199e-17
1.97945e-17
0
0
0
0
0
0
0
0
0
0
0
0
0
0
0
0
0
0
0
0
1.40256e-15
-1.22938e-17
0
0
0
0
0
0
0
0
0
0
0
0
0
0
0
0
0
0
0
0
0
0
0
0
0
0
0
0
0
0
0
0
0
0
0
0
0
0
0
0
0
0
0
0
0
0
0
0
0
0
0
0
0
0
0
0
0
0
0
0
0
0
0
0
0
0
0
0
0
0
2.64041e-16
-9.8699e-17
0
0
0
0
2.87949e-17
-1.08514e-14
0
0
0
0
0
0
0
0
0
0
0
0
0
0
0
0
0
0
0
0
0
0
0
0
0
0
0
0
0
0
0
0
0
0
0
0
0
0
0
0
0
0
0
0
0
0
0
0
0
0
0
0
0
0
0
0
0
0
0
0
0
0
0
0
0
0
0
0
0
0
0
0
0
0
0
0
0
0
0
0
0
0
0
0
0
0
0
0
0
0
0
0
0
0
0
0
0
2.34343e-16
0
0
0
0
0
0
0
0
0
0
0
0
-4.04364e-16
1.0236e-14
0
0
0
0
0
0
0
0
0
0
0
0
0
0
0
0
0
0
0
-2.4738e-15
0
0
0
0
0
0
0
0
0
0
0
0
0
0
0
0
0
0
0
0
0
0
0
0
0
0
0
0
0
0
0
0
0
0
0
0
0
0
0
0
0
0
0
0
0
0
0
0
0
0
0
0
0
0
0
0
0
0
0
0
0
0
0
0
0
-5.5653e-17
0
0
0
0
0
0
0
0
0
0
0
0
0
0
0
0
0
0
0
0
0
0
0
0
0
0
0
0
0
0
0
0
0
0
0
0
0
0
0
0
0
0
0
0
0
0
0
0
0
0
0
0
0
0
0
0
0
0
0
0
-5.73382e-15
0
0
0
0
0
0
0
0
0
0
0
0
0
0
0
0
0
0
0
0
0
0
0
0
0
0
0
0
0
0
0
0
0
0
0
0
0
0
0
0
0
0
0
0
0
0
0
0
0
0
0
0
0
0
0
0
0
0
0
0
0
0
0
0
0
0
0
0
0
0
0
0
0
0
0
0
0
0
0
0
0
0
0
0
0
0
0
0
0
0
0
0
0
0
0
0
0
0
-1.86531e-16
0
0
0
0
0
0
0
0
0
0
0
0
0
0
0
0
0
0
0
0
0
0
0
0
0
0
0
0
0
0
0
0
0
0
0
0
0
0
0
1.20496e-16
0
4.44045e-16
0
0
0
0
0
0
0
0
0
0
0
0
0
0
0
0
0
0
0
0
0
0
0
0
0
0
0
0
0
0
0
0
0
0
0
0
0
0
0
0
0
0
0
5.62668e-17
0
0
0
0
0
0
0
0
0
0
0
0
0
0
0
0
0
0
0
1.03623e-15
1.30384e-16
0
0
1.63249e-14
-1.265e-14
0
0
0
0
0
0
0
0
0
0
0
0
0
0
0
0
0
0
0
0
0
0
0
0
5.23045e-16
6.81207e-16
0
0
0
0
0
0
0
0
0
-7.52438e-17
0
0
0
0
0
0
0
0
0
0
0
0
0
0
0
0
0
0
0
0
0
0
0
0
0
0
0
0
0
0
0
0
0
0
0
0
0
0
0
0
0
0
0
0
0
0
0
0
0
0
0
0
0
0
0
0
0
0
0
0
0
0
0
0
0
0
0
0
0
0
0
0
0
0
0
0
0
0
0
0
0
0
0
0
0
0
0
0
0
0
0
0
0
0
0
0
0
0
0
0
0
0
0
0
0
0
0
0
0
0
0
0
0
0
0
0
0
0
0
0
0
0
0
0
0
0
0
0
0
0
0
0
0
0
0
0
0
0
0
0
0
0
0
0
0
0
0
0
0
0
0
0
0
0
0
0
0
0
0
0
0
0
0
0
0
0
0
0
0
0
0
0
0
0
0
0
0
0
0
0
0
0
0
0
0
0
0
0
0
0
0
0
0
0
0
0
0
0
1.53463e-15
-5.85703e-16
0
0
0
0
0
0
0
0
0
0
0
0
0
0
0
0
0
0
0
0
0
0
0
0
0
0
0
0
0
0
0
0
0
0
0
0
0
0
0
0
0
0
0
0
0
0
0
0
0
0
0
0
0
0
0
0
0
0
0
0
0
0
0
0
0
0
0
0
0
0
0
0
0
0
0
0
0
0
0
0
0
0
0
0
0
0
0
0
0
0
-9.07338e-16
0
0
0
0
0
0
0
0
0
0
0
0
0
0
0
0
3.02744e-17
0
0
0
0
0
0
0
0
0
0
0
0
0
0
0
0
0
0
0
0
0
0
0
0
0
0
0
0
0
0
0
0
0
0
0
0
0
0
0
0
0
0
0
0
0
0
0
0
0
0
0
0
0
0
0
0
0
0
0
0
0
0
0
0
0
0
0
0
0
0
0
0
0
0
0
0
0
0
0
0
0
0
0
0
0
0
0
0
0
0
1.51119e-15
0
0
0
0
0
0
0
0
0
0
0
0
0
0
0
0
0
0
0
0
0
0
0
0
0
0
0
0
0
0
0
0
0
0
0
0
0
0
0
0
0
0
0
0
0
0
0
0
0
0
0
0
0
0
0
0
0
0
0
0
0
0
0
0
0
3.16381e-16
-1.24817e-16
0
0
0
0
0
0
0
0
0
0
0
0
-5.44461e-15
3.9567e-15
0
0
0
0
0
0
0
0
0
0
0
0
0
0
0
0
0
0
0
0
0
0
0
0
0
0
0
0
0
0
-6.45473e-17
0
0
0
0
0
0
0
0
0
0
0
0
0
0
0
0
1.66588e-14
0
0
0
0
0
0
0
1.47388e-15
-1.96339e-17
0
0
0
0
0
0
0
0
0
0
0
0
0
0
0
0
0
0
0
0
0
0
0
0
0
0
0
0
0
0
0
0
0
0
0
0
0
3.26876e-16
0
-1.31096e-16
0
0
0
0
0
0
0
0
0
0
0
0
0
0
0
0
0
0
0
0
0
0
0
0
0
0
0
0
0
0
0
0
0
0
0
0
0
0
0
0
0
0
0
0
0
0
0
0
0
0
0
0
0
0
0
0
0
0
0
0
0
0
0
0
0
0
0
0
0
0
0
0
0
0
0
0
0
0
0
0
0
0
0
0
0
0
0
1.06052e-15
-1.37819e-15
0
0
0
0
0
0
0
0
0
0
0
0
0
0
-9.92711e-16
8.9524e-16
0
0
0
8.90939e-16
1.39435e-15
0
0
0
0
0
0
0
0
0
0
0
0
0
0
0
0
0
0
0
-4.01845e-15
0
0
0
0
0
0
0
0
0
6.74249e-16
0
0
0
0
0
0
0
6.86162e-17
0
0
0
0
0
0
0
0
0
0
0
0
0
0
0
0
0
0
4.58306e-17
0
0
0
0
0
0
0
0
0
0
0
0
0
0
0
0
0
0
0
0
0
0
0
0
0
0
0
0
0
0
0
0
0
0
0
0
0
0
0
0
0
0
0
0
0
0
0
0
0
0
0
0
0
0
0
0
0
0
0
0
0
0
0
0
0
0
0
0
0
0
0
0
0
0
0
0
0
0
0
0
0
0
0
0
0
0
0
0
0
0
0
0
0
0
0
0
0
0
0
0
0
0
0
0
0
0
0
0
0
0
0
0
0
0
0
0
0
0
0
0
0
0
0
0
0
0
0
0
0
0
0
0
0
0
0
0
0
0
0
0
0
0
0
0
0
0
0
0
0
0
0
0
0
0
0
0
0
0
0
0
0
0
0
2.2651e-15
0
0
0
0
0
0
0
0
0
0
0
0
0
0
0
0
0
0
0
0
0
0
0
0
0
0
0
0
0
0
0
0
0
0
0
0
0
0
0
0
0
0
0
0
0
0
0
0
0
0
0
0
0
0
0
0
0
0
0
0
0
0
0
0
0
0
0
0
0
0
0
0
0
0
0
0
0
0
0
0
0
0
0
0
0
0
0
0
0
0
0
-1.76433e-16
0
0
0
0
0
0
0
0
0
-4.57997e-15
0
0
0
0
0
0
0
0
0
0
0
0
0
0
0
0
0
0
1.98004e-14
8.29495e-15
0
0
0
0
0
0
0
0
0
0
0
0
0
0
0
0
0
0
0
0
0
0
0
0
0
0
0
0
0
0
0
0
0
0
0
0
0
0
0
0
0
0
0
0
0
0
0
0
0
0
0
0
0
0
0
0
0
0
0
0
0
0
0
0
0
0
0
0
0
0
0
0
-1.04589e-17
0
0
0
0
0
0
0
0
0
0
0
0
0
0
0
0
0
0
0
0
0
0
0
0
0
-5.08901e-31
0
0
0
0
0
0
0
0
0
0
0
0
0
0
0
0
0
0
0
0
0
0
0
0
0
0
0
0
0
0
0
0
0
0
0
0
0
0
0
0
0
0
0
0
0
0
0
0
0
0
0
0
0
0
0
0
0
0
0
0
0
0
0
0
0
0
0
0
0
0
0
0
0
0
0
0
0
0
0
0
0
0
0
0
0
0
0
0
-4.03815e-16
0
0
0
0
0
0
0
0
0
0
0
0
0
0
8.23772e-17
0
0
0
0
0
0
0
0
0
0
0
0
0
0
0
0
0
0
0
0
0
0
0
0
0
0
0
0
0
0
0
0
0
0
0
0
0
0
0
0
0
0
0
5.10079e-17
-3.16055e-14
0
0
0
0
0
0
0
0
0
0
0
0
0
0
2.53841e-16
-4.29788e-17
0
0
0
0
0
0
0
0
0
0
0
0
0
0
0
0
0
0
0
0
0
0
0
0
0
0
0
0
0
0
0
0
0
0
0
0
0
0
0
0
0
0
0
0
0
0
0
0
0
0
0
0
0
0
0
0
0
0
0
0
0
0
0
0
0
0
0
0
0
0
0
0
0
0
0
0
0
0
0
0
0
0
0
0
0
0
0
0
0
0
0
0
0
0
0
0
0
0
0
0
0
0
0
0
0
0
0
0
0
0
0
0
0
0
0
1.52119e-16
0
0
-5.69233e-17
0
0
0
0
0
0
0
0
0
0
0
0
0
0
0
0
0
0
0
0
0
0
0
0
0
0
0
0
0
0
0
0
0
0
0
0
0
0
0
0
0
0
0
0
0
0
0
0
0
0
0
0
0
0
0
0
0
0
0
0
0
0
0
0
0
0
0
0
0
0
0
0
0
0
0
0
0
0
0
0
0
0
0
0
0
0
0
0
0
0
0
0
0
0
0
0
0
0
0
0
0
0
0
0
0
0
0
0
0
0
0
0
0
0
0
0
0
0
0
0
0
0
0
0
0
0
0
0
0
0
0
0
0
0
0
0
0
0
0
0
0
0
0
0
0
0
0
0
0
0
0
0
0
0
0
0
-5.11895e-31
0
0
0
0
0
0
0
0
0
0
0
0
0
0
0
0
0
0
0
0
0
0
0
0
1.22617e-16
0
0
-2.45575e-16
0
0
0
0
0
0
0
0
0
0
0
0
0
0
0
0
0
0
0
0
0
-6.73561e-16
0
0
0
0
0
0
0
0
0
0
0
0
0
0
0
-4.69105e-16
0
0
0
0
0
0
0
0
0
0
0
0
0
0
0
0
0
0
0
0
2.18437e-15
0
0
0
0
0
0
0
-2.38525e-15
0
0
0
0
0
0
0
0
0
0
0
0
0
0
0
0
0
0
0
0
0
0
0
0
0
0
0
0
0
0
0
0
0
0
0
0
0
0
0
0
0
0
0
0
0
0
0
0
0
0
0
0
0
0
0
0
0
0
0
0
0
0
0
0
0
0
0
0
0
0
0
0
0
0
0
0
0
0
0
1.14232e-16
0
0
0
0
0
0
0
0
0
0
0
0
0
0
0
0
0
0
0
0
0
0
0
0
0
0
0
0
0
9.23622e-17
0
0
0
-3.48329e-17
0
0
0
0
0
0
0
0
0
0
0
0
0
0
0
0
0
0
0
-5.55857e-17
0
0
0
0
0
0
0
0
0
0
0
0
0
0
0
0
0
0
0
0
0
0
0
0
0
0
0
-6.44465e-17
-1.65067e-16
0
0
0
0
0
0
0
0
0
0
0
0
0
0
0
0
0
0
0
0
0
0
0
0
0
0
0
0
0
0
0
0
0
0
0
0
0
0
0
0
0
0
0
0
0
0
0
0
1.08432e-16
-3.30191e-16
0
0
0
0
0
0
0
0
0
0
0
0
0
0
0
0
0
0
0
0
0
0
0
0
0
0
0
0
0
0
0
0
0
0
0
0
0
0
0
0
0
0
0
0
0
0
0
0
0
0
0
0
0
0
0
0
0
0
0
0
0
0
0
0
0
0
0
0
0
0
0
0
0
0
1.6915e-15
0
0
0
0
0
0
0
0
0
0
0
0
0
0
0
0
0
0
0
0
0
0
0
0
0
0
0
0
0
0
0
0
0
0
0
0
0
0
0
0
0
0
0
0
0
0
0
0
0
0
0
0
0
0
0
0
0
0
0
0
0
0
0
0
0
0
0
1.01277e-16
2.91749e-16
0
0
0
0
0
0
0
0
0
0
0
0
0
0
0
0
0
0
0
0
0
0
0
0
0
0
0
0
0
0
0
0
0
1.80784e-16
-8.59806e-17
0
0
0
0
0
0
0
0
0
0
0
0
0
0
0
0
0
0
0
0
0
0
0
0
0
0
0
0
0
0
0
0
0
0
0
0
0
0
0
0
0
0
0
0
0
0
0
0
0
0
0
0
0
0
0
0
0
0
0
0
0
0
0
0
0
0
0
0
0
0
0
0
0
0
0
0
8.28414e-16
0
0
0
0
0
0
0
0
0
0
0
0
0
0
0
0
0
0
0
0
0
0
0
0
0
0
0
0
0
0
0
0
0
0
0
0
0
0
0
0
0
0
0
0
0
0
0
0
3.55365e-15
0
0
0
0
0
0
0
0
0
0
7.4279e-15
0
0
0
0
0
0
0
0
0
0
0
0
0
0
0
0
0
0
0
0
0
0
0
-3.72985e-16
1.47601e-16
0
0
0
0
0
1.99376e-14
0
0
0
0
0
0
0
0
0
0
0
-1.32711e-16
3.56958e-17
0
0
0
0
0
-1.08114e-17
0
0
0
0
0
0
0
0
0
0
0
0
0
0
0
0
0
0
0
0
0
0
0
0
0
0
0
0
0
0
0
0
0
0
0
0
0
0
0
0
0
0
0
0
0
0
0
0
0
0
0
0
0
0
0
0
0
0
0
0
0
0
0
0
0
0
0
0
0
0
0
0
0
0
0
0
0
0
0
0
0
0
0
0
0
0
0
0
0
0
-1.74115e-14
1.63356e-14
0
0
0
0
0
0
0
0
0
0
0
0
0
0
0
0
0
0
0
0
0
0
0
0
0
0
0
0
0
0
0
0
0
0
0
0
0
0
0
0
0
0
0
0
0
0
0
0
0
0
0
0
0
0
0
0
0
0
0
0
0
0
0
0
0
0
0
0
0
0
0
0
0
0
0
0
0
0
0
0
0
0
0
0
0
0
0
0
0
0
0
0
0
0
0
0
0
0
0
0
0
0
0
0
0
0
0
0
0
0
0
0
0
0
0
0
0
0
0
0
0
0
0
0
0
0
0
0
0
0
0
0
0
0
0
0
0
0
0
0
0
0
0
0
0
0
0
0
0
0
0
0
0
0
0
0
0
0
0
0
0
0
0
0
0
0
0
0
0
0
0
0
0
0
0
0
0
0
0
0
0
0
0
0
0
0
0
0
0
0
-5.62235e-16
2.82071e-16
0
0
0
0
0
0
0
0
0
0
0
0
0
0
0
0
0
0
0
0
0
0
0
0
0
0
0
0
0
0
0
0
0
0
0
0
0
0
0
0
0
0
0
0
0
0
0
0
0
0
0
0
0
-1.68629e-17
0
0
0
0
1.05645e-15
0
0
0
0
0
0
0
0
0
0
0
0
0
0
0
0
0
0
0
0
0
0
0
0
0
0
0
0
0
0
0
0
0
0
0
0
0
0
0
0
0
0
0
0
0
0
0
0
0
0
0
0
0
0
0
0
0
0
0
0
0
0
0
0
0
-2.71237e-14
0
0
0
0
0
0
0
0
0
0
0
0
0
0
0
0
0
0
0
0
-7.0262e-15
-3.59931e-14
0
1.05018e-15
0
0
0
0
0
0
0
0
0
0
0
0
0
0
0
0
0
0
0
0
0
0
0
0
0
0
0
0
0
0
0
0
0
0
0
0
0
0
0
0
0
0
0
0
0
0
0
0
0
0
0
0
0
0
0
0
0
0
0
0
0
0
0
0
0
0
0
0
0
0
0
0
0
0
0
0
0
0
0
0
0
0
0
0
0
0
0
0
0
0
0
0
2.2308e-15
0
0
0
0
0
0
0
0
0
0
0
0
0
0
0
0
0
0
0
0
0
0
0
0
0
0
0
0
0
0
0
0
0
0
0
0
0
0
0
3.56543e-15
0
0
0
0
0
0
0
0
0
0
0
0
0
0
0
0
0
0
0
0
0
0
0
0
0
0
0
3.62061e-14
0
0
0
0
0
0
0
0
0
0
0
0
0
0
0
0
0
0
0
0
0
0
0
0
0
0
0
0
0
0
0
0
0
0
0
0
0
0
0
0
0
0
0
0
0
0
0
0
0
0
0
0
0
0
0
0
0
0
0
0
0
0
0
0
0
0
0
0
0
0
0
0
0
0
0
0
0
0
0
0
0
0
0
0
0
0
0
0
0
0
0
0
0
0
0
0
0
0
0
0
0
0
0
0
0
0
0
0
0
0
0
0
0
0
0
0
-1.35248e-17
0
0
0
0
0
0
0
0
0
0
0
0
0
0
0
0
0
0
0
0
0
0
0
0
0
0
0
0
0
0
0
0
0
0
0
0
0
0
0
0
0
0
0
0
0
0
0
0
0
0
0
0
0
0
3.44788e-15
0
0
0
0
0
0
0
0
0
0
0
0
0
0
0
0
0
0
0
0
0
0
0
0
0
0
0
0
0
0
0
0
0
-1.20023e-15
0
0
0
0
0
0
0
0
0
0
0
0
0
0
0
0
0
0
0
0
0
0
0
0
0
0
0
0
0
0
0
0
0
0
0
0
0
0
0
0
0
0
0
0
0
0
0
0
0
0
0
0
0
-5.02914e-31
0
6.90971e-17
0
0
0
0
0
0
0
0
0
0
0
0
0
0
0
0
0
0
0
0
0
0
0
0
3.95558e-14
0
0
0
0
0
0
0
0
0
0
0
0
0
0
3.02782e-15
0
0
0
0
0
0
0
0
0
0
0
0
0
0
0
0
0
0
0
0
0
0
0
0
0
0
0
0
0
0
0
0
0
0
0
0
0
0
0
0
1.60673e-15
0
0
0
0
0
0
0
0
0
0
0
0
0
0
0
0
0
0
0
0
0
0
0
0
0
0
0
0
0
0
0
0
0
0
0
0
0
0
0
0
0
0
0
0
0
0
0
0
0
0
0
0
0
0
0
0
0
0
0
0
0
0
0
0
0
0
0
0
0
0
0
0
0
0
0
0
0
0
0
0
0
0
0
0
0
0
0
0
0
0
0
0
0
0
0
0
0
0
0
0
0
0
0
0
0
0
0
0
0
0
0
0
0
0
0
0
0
0
0
0
0
0
0
0
0
0
0
0
0
-1.02747e-16
0
0
0
0
0
0
0
0
0
0
0
0
0
0
0
0
0
0
0
0
0
0
0
0
0
0
0
0
0
0
0
0
0
0
0
0
0
0
0
0
0
0
0
0
0
0
0
0
0
0
0
0
0
0
0
0
0
0
1.47639e-16
-1.49498e-17
0
0
0
0
0
0
0
0
0
0
0
0
0
0
0
0
0
0
0
0
0
0
0
0
0
0
0
0
0
0
0
0
0
0
0
0
0
0
0
0
0
0
0
0
0
0
0
0
0
0
0
0
0
0
0
0
0
0
0
0
0
0
0
0
0
0
0
0
0
0
0
0
0
0
0
0
0
0
0
0
0
0
0
0
0
0
0
0
0
0
0
1.16527e-15
0
0
0
0
0
0
0
0
0
0
0
0
0
0
0
0
0
0
0
0
0
0
0
0
0
0
0
0
0
0
0
0
0
-1.5114e-15
0
0
0
0
0
0
9.19e-17
0
0
0
0
0
0
3.87212e-16
0
0
0
0
0
0
0
0
0
0
0
0
0
0
-1.08488e-14
1.73142e-16
0
0
0
0
0
0
0
0
0
0
0
0
0
0
0
0
0
0
0
0
0
0
0
0
0
0
0
0
0
0
0
0
0
0
0
0
0
0
0
0
0
3.62744e-15
0
0
0
0
0
0
0
0
0
0
0
0
0
0
0
0
0
0
0
0
0
0
0
0
0
0
0
0
0
-8.64714e-16
0
0
0
0
0
0
0
0
0
0
0
0
0
0
0
0
0
0
0
0
0
0
0
0
0
0
0
0
0
0
0
0
0
0
0
0
0
0
0
0
0
0
0
0
0
0
0
0
0
0
0
0
0
0
0
0
0
0
0
0
0
0
0
0
0
0
0
0
0
0
0
0
0
0
0
0
0
0
0
0
0
0
0
0
0
0
0
0
0
0
0
0
0
0
0
0
0
0
0
0
3.56361e-15
0
0
0
0
0
0
0
0
0
0
0
0
0
0
0
0
0
0
0
0
0
0
0
0
0
0
0
0
0
0
0
0
0
0
0
0
0
0
0
0
0
0
0
0
0
0
0
0
0
0
0
0
0
0
0
0
0
0
0
0
0
0
0
0
0
0
0
0
0
0
0
0
0
0
0
0
0
0
0
0
0
0
0
0
0
0
0
0
0
0
0
0
0
-6.26404e-17
-3.17773e-17
0
0
0
0
0
0
0
0
0
0
0
0
0
0
0
0
0
0
0
0
0
0
0
0
0
0
0
0
0
0
0
0
0
0
0
0
0
0
0
0
0
0
0
-5.34794e-19
0
0
0
0
0
0
0
0
-1.65707e-16
3.36105e-16
0
0
0
0
0
0
0
0
0
0
0
0
0
0
0
0
-1.53169e-14
0
0
0
0
0
0
0
0
0
0
0
0
0
0
0
0
0
0
0
0
0
0
0
0
0
0
0
0
0
0
0
0
0
0
0
0
0
0
0
0
0
0
0
0
0
0
0
0
0
0
0
0
0
0
0
0
0
0
0
0
0
0
0
0
0
0
0
0
0
0
0
0
0
0
0
0
0
0
0
0
0
0
0
0
0
0
0
0
0
0
0
0
0
0
0
0
0
0
0
0
0
0
0
0
0
0
0
0
0
0
0
0
0
0
0
0
0
0
0
0
0
0
0
0
0
0
0
0
0
0
0
0
0
0
0
0
1.5942e-16
0
0
0
0
0
0
-5.96515e-17
0
0
0
0
0
0
0
0
0
0
0
0
0
0
0
0
0
0
0
1.2338e-14
0
0
0
0
0
0
0
0
0
0
0
-1.05687e-18
0
0
0
0
0
0
0
0
0
0
0
0
0
0
0
0
0
0
0
0
0
0
0
0
0
-1.91628e-08
-1.91629e-08
-1.74749e-08
-2.08508e-08
-2.07139e-08
-1.76118e-08
-2.44607e-08
-1.3865e-08
-2.28477e-08
-1.5478e-08
-1.83963e-08
-1.99294e-08
-1.79563e-08
-2.03694e-08
-2.30226e-08
-1.53031e-08
-1.86027e-08
-1.9723e-08
-2.36151e-08
-1.47106e-08
-1.91629e-08
-1.91629e-08
-1.91629e-08
-1.91629e-08
-1.90672e-08
-1.92585e-08
-2.45818e-08
-1.37439e-08
-1.962e-08
-1.87057e-08
-2.2206e-08
-2.44893e-08
-1.38364e-08
-2.18338e-08
-1.64919e-08
-2.1045e-08
-1.72807e-08
-1.568e-08
-2.26457e-08
-1.91629e-08
-2.27321e-08
-1.55936e-08
-1.95613e-08
-1.87644e-08
-1.91628e-08
-1.91629e-08
-1.83453e-08
-1.99804e-08
-1.93863e-08
-1.89394e-08
-2.32952e-08
-1.50305e-08
-1.65014e-08
-2.18243e-08
-1.70925e-08
-2.12332e-08
0
0
0
0
0
0
0
0
0
0
0
0
0
0
0
0
0
0
0
0
0
0
0
0
0
0
0
0
0
0
0
0
0
0
0
0
0
0
0
0
0
0
0
0
0
0
0
0
0
0
0
0
0
0
0
0
0
0
0
0
0
0
0
0
0
0
0
0
0
0
0
0
0
0
0
0
0
0
0
0
0
0
0
0
0
0
0
0
0
0
0
0
0
0
0
0
0
0
0
0
0
0
0
0
0
0
0
0
0
0
0
0
0
0
0
0
0
0
0
0
0
0
0
-2.12612e-14
0
1.02758e-15
0
0
0
0
0
0
0
0
1.50005e-16
0
0
0
0
0
0
0
0
0
0
-1.54247e-08
-2.2901e-08
-1.54587e-08
-2.2867e-08
-1.91843e-08
-1.91414e-08
0
0
0
0
0
-1.75352e-08
-2.07905e-08
0
-2.4854e-08
-1.34717e-08
0
0
0
0
0
0
0
0
0
-1.94295e-08
-1.88962e-08
-1.91629e-08
-1.91629e-08
0
0
0
0
0
0
0
0
0
0
0
0
0
0
0
0
-1.97955e-08
-1.85302e-08
0
0
0
0
0
0
0
-2.04377e-08
-1.7888e-08
-1.82519e-08
-2.00738e-08
0
0
0
0
-1.70332e-08
-2.12925e-08
0
0
0
0
0
0
0
0
0
0
0
0
0
0
0
0
0
0
0
0
0
0
0
0
0
0
-2.27243e-08
-1.56014e-08
0
0
0
0
0
0
0
0
-1.91628e-08
-1.91629e-08
0
0
0
0
0
0
0
-1.89719e-08
-1.93538e-08
-2.04995e-08
-1.78263e-08
0
0
0
-1.75374e-08
-2.07883e-08
0
0
0
0
-2.1766e-08
-1.65597e-08
0
0
-2.29874e-08
-1.53383e-08
0
0
0
0
0
1.74649e-16
0
0
0
0
0
0
0
0
-1.94884e-08
-1.88373e-08
0
0
0
0
0
0
0
0
0
0
0
0
0
0
0
0
0
-1.86678e-08
-1.96579e-08
0
0
0
2.18224e-16
-2.00838e-08
-1.82419e-08
0
-1.89611e-08
-1.93646e-08
-4.68503e-19
0
0
0
0
0
0
0
-2.44729e-08
-1.38528e-08
-1.73923e-08
-1.84516e-08
-1.98741e-08
-1.91629e-08
-1.91629e-08
-1.75908e-08
-2.07349e-08
-1.91629e-08
-1.91629e-08
-1.9073e-08
-1.92527e-08
0
0
0
0
0
0
0
0
0
0
0
0
0
0
0
0
0
0
0
-1.91629e-08
-1.91628e-08
0
-1.87637e-08
-1.9562e-08
-1.96087e-08
-1.8717e-08
0
0
0
7.21544e-16
0
0
-2.12199e-08
-1.71058e-08
0
0
-1.61873e-08
-2.21384e-08
-1.91629e-08
-1.91629e-08
0
0
0
0
0
0
-1.88193e-08
-1.95064e-08
0
0
0
0
0
0
0
-2.1752e-08
-1.65737e-08
0
0
0
0
0
0
0
0
0
0
0
-1.91629e-08
-1.91629e-08
0
0
-2.0842e-08
-1.74837e-08
0
0
0
0
0
0
0
0
0
-2.39925e-08
-1.43332e-08
0
0
0
-1.91628e-08
-1.91629e-08
0
-1.91629e-08
-1.91629e-08
0
-2.33481e-08
-1.49776e-08
0
0
0
0
0
0
0
-2.8714e-08
-2.85026e-08
2.85026e-08
3.15436e-08
-3.15436e-08
-3.49726e-08
3.49726e-08
3.62897e-08
-3.62897e-08
0
0
0
0
0
0
0
0
0
0
0
0
0
0
0
0
0
0
0
0
0
0
0
0
0
0
0
0
-2.3635e-08
-1.46907e-08
0
0
0
0
0
0
0
0
0
0
0
0
0
0
0
-1.91629e-08
-1.91629e-08
0
0
0
0
0
0
0
0
0
0
0
-1.80172e-08
-2.03085e-08
0
0
0
0
0
0
0
0
0
0
0
0
-2.14655e-08
-1.68602e-08
0
0
0
-2.63091e-08
-1.20166e-08
0
0
0
0
0
0
0
0
0
0
0
0
0
0
0
0
0
0
-2.1116e-08
-1.72097e-08
0
0
0
0
0
0
0
0
0
0
0
0
0
-1.84239e-08
-1.99018e-08
-2.41276e-08
-1.41981e-08
0
0
0
0
-1.96189e-08
-1.87068e-08
0
0
0
0
0
0
0
-2.18837e-08
-1.6442e-08
0
0
0
0
0
0
0
0
0
0
0
0
0
0
0
0
0
-1.79524e-08
-2.03733e-08
0
0
0
0
0
0
0
0
0
0
0
0
0
0
0
0
0
-1.94341e-08
-1.88916e-08
-1.91629e-08
-1.91629e-08
0
-1.94416e-08
-1.88841e-08
0
0
0
0
0
0
-4.04514e-16
0
0
0
0
0
0
0
0
0
0
0
0
0
0
0
0
0
0
0
0
0
0
0
0
0
0
0
0
0
0
0
0
0
0
0
0
0
0
0
0
0
0
0
0
0
0
0
0
0
0
0
0
0
0
0
0
0
0
0
0
0
0
0
0
0
0
0
0
0
0
0
0
0
0
0
0
0
0
0
0
0
0
0
0
0
0
0
0
0
0
0
0
0
0
0
0
0
0
0
0
0
0
0
0
0
0
0
-5.8218e-17
0
0
0
-1.91629e-08
-1.91629e-08
0
0
0
0
0
0
0
0
0
0
0
0
0
0
0
0
0
0
0
0
0
0
0
0
0
0
0
0
0
0
0
0
0
0
0
0
0
0
0
0
0
0
0
0
0
0
0
0
0
0
0
0
0
0
-2.07576e-08
-1.75681e-08
-1.95949e-08
-1.87308e-08
0
0
0
0
0
0
0
2.67983e-16
0
0
0
0
0
0
0
0
0
0
0
0
-1.48564e-15
4.62511e-16
0
0
0
0
0
0
0
0
0
0
0
0
0
0
0
0
0
0
0
0
0
0
0
0
0
0
0
0
0
0
0
0
0
0
0
0
0
0
0
0
0
0
0
0
0
0
0
0
0
0
0
0
0
0
0
0
6.55549e-18
0
0
-2.07543e-08
-1.75714e-08
0
0
0
0
0
0
0
0
0
0
0
0
0
0
0
0
0
0
0
0
0
0
0
0
0
0
0
0
0
0
0
0
0
0
0
0
0
0
0
0
0
0
0
0
0
0
0
0
0
0
0
0
0
0
0
0
0
0
0
0
0
0
0
0
0
0
0
0
0
0
0
0
0
0
0
0
0
0
0
0
0
0
0
0
0
0
0
0
0
0
0
-1.89643e-16
0
0
0
0
0
0
0
0
0
0
-2.14672e-08
-1.68585e-08
0
0
0
0
0
0
0
0
0
0
0
0
0
0
0
0
0
0
0
0
0
0
0
0
0
0
0
0
0
0
0
0
0
0
8.59335e-16
0
0
0
0
0
0
0
0
0
0
0
0
0
0
0
0
0
0
0
0
0
0
0
0
0
0
0
0
0
0
0
0
0
0
0
0
-2.90432e-15
0
0
0
0
0
0
0
0
0
0
0
0
0
0
0
0
0
0
0
0
0
0
0
1.83483e-16
0
0
0
0
0
0
0
0
-1.98876e-08
-1.84381e-08
0
0
0
2.8664e-17
0
-7.03224e-16
0
1.58335e-16
0
0
0
0
0
0
0
0
0
0
0
0
0
0
0
0
0
0
0
-3.09196e-15
0
0
0
0
0
0
0
0
0
0
0
0
0
0
0
0
0
2.9522e-17
0
0
0
0
0
0
0
0
0
0
0
0
0
0
0
0
0
0
0
0
0
0
0
0
0
0
0
0
0
0
0
0
0
0
0
0
0
0
0
0
0
0
-1.67314e-14
0
0
0
0
0
0
0
0
1.61279e-16
0
0
0
0
0
0
0
0
0
0
0
0
0
0
0
0
0
0
0
0
0
0
0
0
0
0
0
0
0
0
0
0
-1.69343e-14
0
0
0
0
0
0
0
0
0
0
0
0
0
0
0
0
0
0
0
0
0
0
0
0
0
0
0
0
0
-3.26009e-08
3.26009e-08
-1.91629e-08
-1.91629e-08
0
0
0
0
0
0
0
0
0
0
0
0
0
0
0
0
0
-2.04509e-08
-1.78748e-08
0
0
0
0
0
0
0
0
0
0
0
0
0
0
0
0
0
0
0
0
0
0
0
0
0
0
0
0
0
0
0
0
0
0
0
0
0
0
0
0
0
0
0
0
0
0
0
0
0
0
0
0
0
0
0
0
0
0
0
0
0
0
0
0
0
0
0
0
0
0
0
0
0
0
0
0
-7.17059e-16
0
0
0
0
0
0
0
0
0
0
0
0
0
0
0
0
0
0
0
0
0
0
0
0
0
0
0
0
0
0
0
0
0
0
0
0
0
0
0
0
0
0
0
0
0
0
0
0
0
0
0
0
0
0
0
0
0
0
0
0
0
-1.00999e-15
0
-3.79397e-08
3.79397e-08
3.85245e-08
-3.85245e-08
0
0
0
0
3.18778e-08
-3.18778e-08
0
0
0
0
0
0
0
0
0
0
0
0
0
0
0
0
0
0
0
0
0
0
0
0
0
0
0
0
0
0
0
0
0
4.13108e-15
0
0
7.37715e-16
-7.50844e-17
0
0
0
0
0
0
0
0
0
0
0
0
0
0
0
0
0
0
0
0
0
0
0
0
0
0
0
0
0
0
0
0
0
0
0
0
0
0
0
0
0
6.75533e-16
-2.01196e-16
-2.76514e-16
3.47051e-08
-3.47051e-08
0
0
0
0
0
0
0
0
0
0
0
0
0
0
0
0
0
0
0
0
0
0
0
0
0
0
0
0
0
-2.09847e-08
-1.7341e-08
0
0
0
0
0
0
0
0
0
0
0
0
0
0
0
0
0
0
0
8.62008e-15
0
0
0
0
0
0
0
0
0
0
0
0
0
1.04135e-14
-2.50422e-15
0
0
0
0
0
0
0
0
0
0
0
0
0
0
0
0
0
0
0
0
0
0
0
0
0
0
0
0
0
0
0
0
0
0
0
0
0
0
0
0
0
0
0
0
0
0
0
0
0
0
0
0
0
0
0
0
0
2.78679e-16
0
0
0
0
0
0
0
0
0
0
0
0
0
0
-1.91629e-08
-1.91629e-08
0
0
0
0
0
0
0
0
0
0
0
0
0
0
0
2.67839e-16
0
-1.57844e-08
-2.25413e-08
0
0
0
0
0
0
0
0
0
0
0
0
0
0
0
0
0
0
0
0
0
0
0
0
0
0
0
0
0
0
0
0
0
0
0
0
0
0
0
0
0
0
0
1.18198e-15
-1.16467e-15
0
0
0
0
0
-5.16575e-16
0
0
0
0
0
0
0
0
0
0
0
0
0
-8.55845e-16
0
3.80861e-16
0
0
0
0
0
0
0
0
0
0
0
0
0
0
0
0
0
0
0
0
0
0
0
0
0
0
0
0
0
0
0
0
0
0
0
0
-1.96657e-08
-1.866e-08
0
0
0
0
0
0
-1.63796e-08
-2.19461e-08
0
0
0
0
0
6.71899e-15
5.91869e-17
0
0
0
0
0
0
0
0
0
0
0
0
0
0
0
0
0
0
0
0
0
0
0
0
0
0
0
0
0
0
0
0
0
0
0
0
0
0
0
0
0
0
0
0
0
1.69152e-15
0
0
0
0
0
0
0
0
0
0
0
-1.51101e-15
-1.73474e-15
0
0
0
0
0
0
0
0
0
0
0
0
0
0
0
0
0
0
0
0
0
0
0
0
0
0
0
0
0
0
0
0
0
0
0
0
0
0
0
3.37218e-08
-3.37218e-08
0
0
0
0
0
0
0
0
0
0
0
0
0
0
0
0
0
0
0
0
0
0
0
0
0
0
0
0
0
0
0
0
0
0
0
0
0
0
0
0
0
0
0
0
0
0
0
0
0
0
0
0
0
0
0
0
0
0
0
0
0
0
0
0
0
0
0
0
0
0
0
0
0
0
0
0
0
0
0
0
0
0
0
0
0
0
0
0
0
0
0
0
0
0
0
0
0
0
0
0
0
0
0
0
0
0
0
0
0
0
0
0
0
0
0
0
0
0
0
0
0
0
0
0
0
0
0
0
0
0
0
0
0
0
0
0
0
0
0
0
0
0
0
0
0
0
0
0
0
0
0
0
0
0
0
0
0
0
0
0
0
0
0
0
0
0
0
0
0
0
0
0
0
0
0
0
0
0
0
0
0
0
0
0
0
0
0
0
0
0
0
0
0
0
0
0
0
0
0
0
0
0
0
0
0
0
0
0
0
0
0
0
0
0
0
0
0
0
0
0
0
0
0
0
0
0
0
0
0
0
0
0
0
0
0
0
0
0
0
0
0
0
0
0
0
0
0
0
0
0
0
0
0
0
0
0
0
0
0
0
0
0
0
0
0
0
0
0
0
0
0
0
0
0
0
0
0
0
0
0
0
1.72288e-17
-3.01522e-16
0
0
0
0
0
0
0
0
0
0
0
0
0
0
0
0
0
0
0
0
0
0
0
0
0
0
0
0
0
0
0
0
0
0
0
0
0
0
0
0
0
0
0
0
0
0
0
0
0
0
0
0
0
0
0
0
0
0
0
0
0
0
0
0
0
0
0
0
0
0
0
0
0
0
0
0
0
0
0
0
0
0
-2.55199e-31
8.01298e-17
0
0
0
0
0
0
1.6776e-16
0
0
0
0
0
0
0
0
0
0
0
6.38478e-17
0
0
0
0
0
0
0
0
0
0
0
0
0
0
0
0
0
0
0
0
0
0
0
0
0
0
0
0
0
0
0
0
-2.66251e-16
-1.34103e-16
0
0
5.69019e-17
0
0
0
0
0
0
0
0
0
0
0
0
0
0
0
0
0
0
0
1.14256e-16
0
0
0
0
0
0
0
0
0
0
0
0
0
0
-1.58433e-17
-3.40187e-08
3.40187e-08
0
0
0
0
0
0
0
0
0
0
0
-1.14471e-16
0
0
0
0
0
0
0
0
0
0
0
3.63267e-08
-3.63267e-08
0
0
0
9.93269e-17
0
0
0
0
0
0
0
0
0
0
0
0
0
0
0
0
0
0
0
0
0
0
0
0
0
0
0
0
0
0
0
0
0
0
0
0
0
0
0
-1.87299e-08
-1.95958e-08
0
1.07775e-14
0
0
0
0
0
0
-3.4205e-16
0
2.55091e-15
0
0
0
0
0
0
0
0
1.214e-16
-3.4323e-15
0
-5.11159e-16
0
0
0
0
0
0
0
0
0
0
0
0
0
0
0
0
0
0
0
0
0
0
0
0
0
0
0
0
0
0
0
0
0
0
0
0
0
0
0
0
0
0
0
-5.115e-16
-6.44006e-16
0
0
0
0
0
-8.58958e-16
-1.7375e-08
-2.09507e-08
0
0
0
0
0
0
0
0
0
0
0
0
0
0
0
0
0
0
0
0
0
0
0
0
0
0
0
0
0
0
0
0
0
0
0
0
0
0
0
0
0
0
0
0
0
0
0
0
0
0
3.07619e-08
-3.07619e-08
0
0
0
0
0
0
0
0
0
0
0
0
0
0
0
0
0
0
0
0
0
0
0
0
0
0
0
0
0
0
0
0
0
0
0
0
0
0
0
0
0
0
0
0
0
0
0
0
0
0
0
0
0
0
0
0
0
0
0
0
0
0
0
0
0
0
0
0
0
0
0
0
0
0
0
0
0
0
0
0
0
0
0
0
0
0
0
0
0
0
1.20418e-16
0
0
0
0
0
0
0
0
0
0
0
0
0
0
0
0
0
0
0
0
0
0
0
0
0
0
-1.1224e-16
0
0
0
0
0
0
0
5.34638e-17
0
0
0
0
0
0
0
-6.63755e-17
0
0
0
0
0
0
0
0
0
0
0
0
0
0
0
4.3466e-17
0
0
0
0
0
0
0
0
0
0
0
0
0
0
0
-6.9957e-17
6.48653e-17
0
0
0
0
0
0
0
0
0
0
0
0
0
0
0
0
0
0
0
0
0
0
0
0
0
0
0
0
0
0
0
0
0
0
0
0
0
0
0
0
0
0
0
0
0
-2.12344e-16
-6.89935e-17
0
0
0
0
0
1.43053e-16
-6.55043e-16
0
0
0
0
0
0
0
0
0
0
0
0
0
0
0
0
0
0
0
0
0
0
0
0
0
0
0
0
0
-1.68267e-16
0
0
0
0
0
0
0
0
0
0
0
0
0
0
0
0
0
0
0
0
0
0
0
0
0
0
1.90252e-16
0
0
0
0
0
0
0
0
0
0
0
0
0
0
0
0
0
0
0
0
0
0
0
0
0
0
0
0
0
0
0
0
6.37009e-17
0
0
0
0
0
0
0
0
0
0
0
0
0
0
0
0
0
0
0
0
0
0
0
0
0
0
0
0
0
0
-1.85306e-16
-1.48032e-16
0
0
0
0
0
0
0
0
0
0
0
2.62866e-16
3.87917e-16
0
9.47519e-17
0
0
0
0
0
0
0
0
0
0
0
0
0
0
0
0
0
0
0
0
0
0
0
0
0
0
7.99782e-15
0
0
0
0
0
0
0
0
0
0
0
0
0
0
-2.16976e-08
-1.66281e-08
0
-5.85894e-17
-5.75219e-17
0
0
0
6.03473e-17
0
0
0
0
0
0
0
0
0
0
0
0
0
0
0
0
0
0
0
0
0
0
0
-8.38957e-16
0
0
0
0
0
0
0
0
0
0
0
0
0
0
0
0
0
0
0
0
0
0
0
2.3187e-15
2.38765e-15
0
0
0
0
0
0
0
0
-1.06522e-15
0
0
0
0
0
0
0
0
0
0
0
0
0
0
0
7.68397e-16
2.6588e-16
-6.15272e-17
0
-2.63179e-17
0
0
0
0
0
0
0
0
0
0
0
0
0
0
0
0
0
0
0
0
0
0
0
0
0
0
0
0
0
0
0
1.02712e-16
0
0
0
0
0
0
0
0
0
0
0
0
0
-8.93432e-15
-2.49788e-16
0
0
0
0
0
0
0
0
0
0
0
0
0
0
0
0
0
0
0
0
0
0
0
0
0
0
0
0
0
7.99546e-16
0
0
0
0
0
0
0
0
0
0
0
0
0
0
0
0
0
0
0
0
0
0
0
0
0
0
0
0
0
0
0
0
0
0
0
0
-1.56558e-16
0
0
0
0
0
0
0
0
0
0
0
0
0
0
0
0
0
1.64632e-16
0
0
0
0
0
0
0
0
0
0
0
0
0
0
0
0
0
0
0
2.69632e-16
0
0
0
0
0
0
0
0
0
0
0
0
0
0
0
0
0
0
0
0
0
0
0
0
0
0
0
0
0
-6.64062e-15
2.38659e-15
0
0
0
0
0
0
0
0
-1.08675e-17
0
0
0
0
0
0
0
-3.86856e-16
0
0
0
0
0
0
0
0
0
0
0
0
0
0
0
0
0
0
0
0
0
0
0
0
0
0
0
0
0
0
0
0
0
0
0
0
0
0
0
0
0
0
0
0
0
0
0
0
0
0
0
0
9.24143e-16
0
0
0
0
0
0
1.00883e-14
-1.65501e-15
0
0
0
0
0
0
0
0
-1.67431e-08
-2.15826e-08
0
0
0
0
1.73838e-16
0
0
-2.21064e-15
0
0
0
3.13862e-16
0
0
0
0
0
0
0
0
0
0
0
0
0
0
0
0
0
0
0
2.14388e-16
0
0
0
0
0
0
0
0
0
0
0
0
0
0
0
0
0
0
0
0
0
0
0
0
0
0
0
0
0
0
0
0
2.18974e-16
-1.30704e-16
0
0
0
0
0
0
0
0
0
0
0
0
0
0
0
0
0
0
0
2.73431e-16
0
0
0
0
0
0
0
0
0
0
0
0
0
-1.88019e-18
0
0
0
0
0
0
0
0
0
0
0
5.01566e-19
0
0
0
0
0
0
0
0
0
0
0
0
0
0
0
0
0
0
0
0
0
0
0
0
0
0
0
0
0
0
0
-1.66784e-14
0
0
0
-1.82845e-16
-3.45306e-16
0
0
0
0
0
0
0
0
0
0
-5.91174e-17
0
0
0
0
0
0
0
0
0
0
0
0
0
0
0
0
0
0
0
0
0
0
0
0
3.31702e-16
0
0
0
0
0
0
0
0
0
0
0
0
-1.45218e-08
0
0
0
0
0
0
0
0
0
0
0
0
0
0
0
0
0
0
0
0
0
0
0
0
0
8.1084e-17
5.05406e-16
0
0
0
0
0
0
0
0
0
1.09134e-14
1.32191e-14
0
0
0
0
0
0
0
0
0
0
0
0
0
0
0
0
0
0
0
0
0
0
0
0
0
0
0
0
0
0
0
0
0
0
-1.63184e-15
0
0
0
0
0
0
0
0
0
0
0
5.17192e-16
0
0
0
0
0
0
0
0
0
0
0
0
0
0
0
0
0
0
0
0
0
0
0
-8.1846e-15
0
3.64752e-15
0
0
0
0
0
0
0
0
0
0
0
0
0
0
0
0
0
0
0
0
0
0
0
0
0
0
0
0
0
0
0
0
0
0
0
0
2.25719e-17
0
0
0
0
0
0
0
0
0
0
0
0
0
0
0
0
0
0
0
0
0
0
0
0
0
0
0
0
0
0
0
0
2.04663e-15
-2.98459e-15
0
0
0
2.91179e-16
0
0
0
1.10257e-16
2.84367e-16
0
0
0
0
0
0
0
0
0
0
0
0
0
0
0
0
0
0
0
0
0
0
0
0
0
0
0
0
0
0
0
0
0
0
0
0
0
0
0
0
0
0
0
0
0
0
0
0
0
0
0
0
0
2.04304e-16
1.55639e-15
0
0
0
0
0
0
0
0
0
0
0
0
0
0
0
0
0
0
0
0
0
0
0
0
0
0
0
0
0
0
0
0
0
0
0
0
0
0
0
0
0
0
0
0
0
0
0
0
0
0
0
0
0
0
0
0
0
0
0
0
0
3.53788e-08
-9.83682e-17
0
0
0
0
0
0
0
0
0
0
0
0
0
0
0
0
0
0
0
0
0
0
0
0
0
0
0
0
-2.48324e-15
0
0
0
0
0
0
0
0
0
0
0
0
0
0
0
0
0
0
0
0
0
0
0
0
0
0
0
0
0
0
0
0
0
0
0
0
0
0
0
0
0
0
0
0
0
0
0
0
0
0
2.07433e-16
0
0
0
0
0
0
0
0
0
0
0
0
0
0
0
0
0
0
0
0
0
0
0
-1.6163e-15
-2.92416e-17
0
0
0
0
0
0
0
0
0
0
0
0
0
0
3.99403e-15
1.96101e-15
0
0
0
0
0
0
0
0
0
0
1.41564e-08
0
0
0
0
0
0
0
0
0
0
0
0
0
0
0
0
0
0
7.80655e-17
0
0
0
0
0
0
0
0
0
0
0
-4.18845e-16
0
0
0
0
0
0
0
0
0
0
0
0
0
0
0
0
0
3.53263e-15
-1.91355e-16
0
0
0
0
0
-1.06389e-16
0
0
0
0
1.02147e-15
-5.67371e-16
0
0
0
0
0
0
0
-1.76024e-15
0
0
0
0
0
0
0
0
0
0
-5.88023e-16
0
0
0
0
0
0
0
0
0
0
0
0
0
0
0
0
2.41693e-08
3.26783e-16
0
2.24816e-08
0
0
0
0
0
0
0
0
0
0
0
0
0
0
0
0
0
0
0
0
0
0
0
0
0
0
0
0
0
0
0
0
0
0
0
0
2.27488e-16
0
0
0
0
0
0
0
0
0
0
0
0
0
0
0
0
0
0
0
2.48083e-17
0
0
0
0
0
0
0
0
4.59313e-16
1.73161e-15
9.083e-17
0
0
0
0
0
0
0
0
0
0
0
0
4.22661e-18
0
0
0
0
-6.69293e-15
0
0
0
0
0
0
0
1.99395e-08
0
0
0
0
0
0
0
0
0
0
0
0
0
0
0
0
0
0
0
0
6.37911e-16
2.00507e-17
0
1.91628e-08
0
0
-1.20586e-16
0
3.93601e-17
0
0
0
0
0
0
0
0
0
0
0
0
0
0
-1.18511e-15
0
0
0
0
0
0
0
0
0
0
0
0
0
0
0
0
0
0
1.09859e-16
0
0
0
0
0
0
0
0
0
0
1.58441e-08
0
0
0
0
0
0
6.47443e-16
-2.21571e-17
0
0
0
-1.91629e-08
0
0
0
0
0
0
0
0
0
0
-2.30795e-14
0
0
0
0
0
0
0
0
0
0
0
0
0
0
0
0
0
0
0
0
0
0
0
0
0
0
0
0
1.83862e-08
0
0
0
0
0
0
0
0
0
0
0
0
0
0
0
9.91679e-15
0
0
0
0
0
0
0
0
0
0
0
0
0
0
0
0
0
0
0
0
0
0
0
0
0
0
0
0
0
0
0
0
0
0
0
0
0
0
0
0
0
0
0
0
0
0
0
0
0
0
0
0
0
0
0
0
0
0
0
0
0
0
0
0
0
0
0
0
0
0
0
0
0
0
0
0
0
0
0
0
0
0
0
0
0
0
0
0
-1.88992e-16
0
0
0
0
0
0
0
0
0
8.8171e-17
0
0
0
0
0
0
0
0
0
0
0
0
0
0
0
0
0
0
0
0
1.91629e-08
0
0
-5.66945e-17
-4.96064e-17
0
0
0
0
0
0
0
-3.90319e-16
0
0
0
0
0
0
0
0
0
0
1.56926e-14
-1.14492e-14
0
0
0
0
0
0
-2.23028e-16
0
1.15195e-16
0
0
-3.54213e-16
0
0
0
8.45357e-16
0
0
0
0
0
0
0
0
0
0
0
0
0
0
0
0
0
0
0
0
0
0
0
0
0
0
0
-2.25897e-17
6.51387e-18
0
0
0
0
0
0
0
0
0
0
0
0
1.91629e-08
0
0
0
0
0
0
0
0
0
0
0
0
0
0
0
0
0
0
0
0
0
0
0
0
0
0
0
0
0
0
0
0
0
0
0
0
-2.27041e-14
0
0
0
0
0
0
0
0
0
0
0
0
0
0
0
0
0
0
0
0
0
0
0
0
-8.50995e-17
-1.29281e-16
0
7.99224e-16
0
0
0
0
0
1.61765e-14
0
0
0
0
0
0
0
0
0
0
0
0
0
-2.63757e-16
0
0
0
0
0
0
0
0
0
0
0
0
-5.51357e-17
8.37335e-16
0
0
0
0
0
1.7825e-16
0
0
0
0
0
0
0
0
0
0
0
0
8.47094e-16
0
0
2.32318e-08
0
0
0
0
0
0
0
1.76443e-08
0
0
0
0
0
0
0
0
0
0
0
0
0
0
0
0
0
0
0
0
0
0
0
0
0
0
0
0
0
0
0
-2.27007e-17
0
0
1.91628e-08
0
0
0
0
0
0
0
0
0
0
0
0
0
0
0
0
0
0
0
0
0
0
0
1.50939e-08
1.81764e-15
0
0
0
1.9244e-08
0
0
0
0
0
0
0
0
-1.02379e-30
0
0
1.96326e-08
0
0
0
0
0
-3.26249e-17
0
0
0
0
0
0
0
0
0
-5.53224e-15
0
0
0
0
0
2.12825e-08
0
0
0
0
-3.27902e-17
0
2.06814e-08
1.90817e-08
0
0
0
0
0
0
0
0
0
0
0
0
0
0
0
0
0
0
0
0
0
0
0
0
0
0
0
0
0
0
0
0
0
0
0
0
0
0
0
0
0
0
0
0
1.86931e-08
0
0
0
0
0
0
0
0
0
0
0
0
0
0
0
0
-1.88444e-14
-1.86206e-15
0
0
0
0
0
0
0
-1.55466e-17
0
0
0
0
0
0
0
0
-5.16163e-17
0
0
0
0
0
0
0
0
0
0
0
0
0
0
0
0
0
0
0
0
0
0
0
0
2.54451e-31
0
0
0
0
0
0
0
0
0
0
0
0
0
0
0
0
0
0
0
0
0
0
0
0
0
0
0
0
0
0
0
0
0
0
0
0
0
0
0
-9.84552e-17
0
0
0
0
0
0
0
0
0
0
0
0
0
0
0
0
0
0
0
0
0
0
0
0
0
0
0
0
0
0
0
0
1.22483e-15
0
0
0
0
-1.01504e-16
0
0
0
0
0
0
0
0
0
0
0
0
0
-7.97816e-16
-3.82504e-18
0
0
0
0
0
0
0
0
0
0
0
0
0
0
0
0
0
0
0
0
0
-6.43685e-17
0
0
0
0
0
0
0
0
0
0
0
1.85917e-14
0
0
0
0
0
0
0
0
0
5.35959e-17
0
0
2.47706e-14
0
0
0
0
0
0
0
0
0
0
0
0
0
0
0
0
0
0
0
0
0
0
0
8.62799e-16
-4.86124e-17
0
0
0
0
1.20597e-17
0
0
0
0
0
0
0
-3.56336e-16
-6.55539e-18
0
0
0
0
0
0
0
0
0
0
0
0
0
0
0
0
0
0
0
0
0
0
0
0
0
0
0
0
0
0
0
0
0
0
0
0
0
0
-1.38423e-16
0
0
0
0
0
0
0
0
0
0
1.78606e-08
0
0
0
0
0
0
0
0
0
0
0
0
0
0
0
0
0
0
0
0
0
0
0
0
0
0
0
0
1.87506e-08
0
0
0
0
0
0
0
0
0
0
2.12823e-08
0
0
0
0
0
0
0
1.20023e-14
0
0
0
0
0
0
0
0
0
0
0
0
1.89709e-08
0
0
0
0
0
0
0
0
0
0
0
0
0
-5.9394e-17
9.92234e-17
0
0
0
0
1.95751e-08
0
0
0
0
0
0
0
0
0
0
0
0
0
0
0
0
0
0
2.96487e-15
-7.17282e-15
0
0
0
0
0
0
0
0
0
0
0
0
0
0
0
0
1.89462e-17
0
0
0
-1.14819e-16
0
0
0
0
0
0
0
0
0
0
0
0
0
0
0
0
2.04651e-08
0
1.93548e-08
0
0
0
0
0
0
0
0
0
0
0
0
0
0
0
0
0
0
0
0
0
0
0
0
0
0
0
0
0
1.91629e-08
1.72566e-16
0
0
0
0
0
0
0
0
0
0
0
0
0
0
0
0
0
0
0
0
0
0
0
0
0
0
0
0
1.87794e-08
0
0
0
0
0
0
0
0
0
0
0
0
0
0
0
-2.43137e-15
0
0
0
0
0
0
-1.93873e-16
0
0
0
0
0
1.35437e-16
0
0
0
0
0
0
0
0
0
0
0
0
0
1.50144e-15
1.70434e-08
2.78361e-16
-3.68244e-17
0
0
0
0
0
-9.88372e-09
0
0
0
0
0
0
0
0
-1.13094e-16
1.39871e-08
0
0
0
0
7.12026e-16
0
0
0
0
0
0
0
0
1.54875e-15
0
0
0
0
0
0
0
0
0
0
-1.45578e-15
0
0
0
0
0
1.02177e-29
0
0
0
0
7.06979e-15
-4.35277e-16
0
0
0
0
0
0
0
0
0
0
0
0
0
0
0
0
0
0
0
0
0
1.91629e-08
0
0
2.54114e-08
0
0
0
0
0
0
2.75345e-16
0
0
0
0
0
0
-4.9627e-15
0
0
0
0
0
0
0
0
0
0
0
0
0
0
0
0
2.08561e-08
0
0
0
0
0
0
0
0
0
0
0
0
0
3.84115e-16
0
0
0
2.29073e-17
0
0
0
-9.46311e-17
1.85107e-17
0
0
0
0
0
0
0
0
0
1.91628e-08
0
0
0
0
0
0
0
0
1.10057e-15
0
0
0
0
0
0
0
0
0
0
0
0
0
0
0
0
0
0
0
0
0
0
0
0
2.24011e-08
0
2.55744e-17
0
0
0
0
0
0
0
0
0
1.87903e-08
0
0
0
0
0
0
0
0
0
0
0
0
0
0
0
-2.63319e-08
-1.70432e-08
0
0
0
0
0
0
0
0
0
0
1.95388e-08
0
0
1.91629e-08
0
0
0
0
0
0
0
0
0
0
0
0
0
0
0
0
0
0
0
0
0
0
0
0
0
0
0
0
0
1.9219e-08
0
3.23662e-17
1.91629e-08
0
0
0
0
0
0
0
0
0
0
0
0
0
0
0
0
0
-1.24151e-15
0
0
0
0
0
0
0
0
0
0
0
0
0
0
0
0
0
0
0
0
0
0
0
0
0
0
0
0
0
0
0
0
0
0
0
0
0
0
0
0
0
0
0
0
0
0
0
0
0
0
0
0
0
0
0
0
0
0
0
0
0
0
0
0
0
0
0
0
1.91067e-08
0
0
0
0
0
0
0
0
0
0
0
0
0
0
0
0
0
2.27159e-08
0
0
0
0
0
0
0
0
0
2.43938e-08
0
0
0
0
0
0
0
0
0
0
0
0
0
0
0
0
0
0
0
0
-2.46334e-17
0
1.34543e-17
0
0
0
0
0
0
0
0
0
0
0
0
0
0
0
0
0
0
0
0
0
0
0
0
0
0
0
0
0
0
0
0
-4.0837e-17
1.32908e-16
0
0
0
0
0
0
0
0
0
0
0
0
-1.80434e-16
0
0
0
0
0
3.62234e-15
0
0
0
0
0
0
0
0
0
0
0
0
0
0
0
0
0
0
0
0
0
0
0
0
0
0
0
0
0
-2.38073e-15
0
0
0
0
-5.6524e-17
0
0
0
0
0
0
0
0
0
0
0
0
0
0
-2.77427e-16
0
-1.98929e-14
0
0
0
0
-2.25966e-16
-1.90422e-16
0
0
5.14581e-17
0
0
0
0
0
0
0
0
0
0
0
0
0
0
0
0
0
0
0
0
0
0
0
0
0
0
0
0
0
0
2.1692e-17
0
0
0
0
0
-1.29109e-16
0
0
0
0
0
0
0
0
0
0
0
0
0
-3.42067e-17
0
0
0
0
0
0
0
-2.27159e-08
0
0
0
0
0
0
0
0
-7.48896e-17
0
0
0
0
0
0
0
0
0
0
0
0
-2.43938e-08
0
0
0
1.56907e-16
0
0
-8.80967e-17
0
0
0
0
0
0
0
0
0
0
0
0
0
0
0
0
0
0
0
0
0
0
0
0
0
0
0
0
0
0
0
0
0
0
-5.00823e-17
0
0
0
0
0
0
0
0
0
0
0
0
0
2.63319e-08
0
1.85502e-15
0
0
0
0
0
0
0
0
0
0
0
0
5.29455e-17
0
0
0
0
0
0
0
0
0
0
-1.40056e-16
0
0
0
0
0
0
0
0
0
0
0
0
0
0
0
0
0
2.55371e-17
0
0
0
0
0
0
0
0
0
0
0
0
0
0
0
0
0
0
0
0
0
0
0
0
0
0
0
0
0
0
0
0
0
0
0
0
0
0
0
0
0
0
-1.08451e-16
-2.00731e-15
0
0
0
0
0
0
0
0
0
0
0
0
0
0
0
0
0
0
0
0
0
0
0
0
0
0
0
0
0
0
0
0
-5.94528e-17
0
0
0
0
0
0
0
0
0
0
0
0
0
0
0
0
0
0
0
0
0
0
0
0
0
0
1.95463e-08
2.74581e-16
0
0
0
0
0
0
0
0
0
0
0
0
0
0
0
0
0
0
0
0
0
0
0
0
-1.713e-15
0
0
0
0
0
0
0
0
0
0
0
0
0
1.81381e-17
0
0
0
0
0
0
0
0
0
0
0
0
0
0
0
0
0
0
0
1.43502e-16
0
0
0
0
0
0
0
0
0
0
0
0
0
0
0
0
0
0
0
0
0
0
0
0
0
0
0
0
0
0
0
0
0
0
0
0
0
1.28511e-17
0
0
0
0
0
-7.15397e-17
0
0
0
2.55449e-31
0
0
0
0
0
0
0
0
0
0
0
0
0
0
0
0
0
0
0
0
0
0
0
0
0
0
0
0
0
6.00326e-16
6.47858e-16
0
0
0
0
0
0
0
0
0
0
0
6.04376e-15
1.28303e-16
0
0
0
0
0
0
0
0
0
0
0
0
0
0
0
0
0
0
0
0
0
0
0
0
0
0
0
0
0
0
0
3.15767e-16
0
0
0
0
0
0
0
0
0
0
0
0
0
0
0
0
0
0
0
0
0
0
0
0
0
0
0
0
0
0
0
0
0
0
0
0
0
0
0
0
0
0
0
0
0
0
0
0
0
0
0
0
0
0
0
-4.44027e-17
0
0
0
0
0
0
0
0
0
0
0
5.31733e-17
-1.06837e-16
0
0
0
0
0
0
0
0
0
0
0
0
0
0
0
0
0
0
0
0
0
0
0
0
0
0
0
0
0
0
0
0
0
0
0
0
0
0
0
0
0
0
0
0
0
0
0
0
0
0
0
0
0
0
0
0
0
0
0
0
-1.29143e-08
0
0
0
0
0
0
0
0
0
0
0
0
0
0
0
0
0
0
0
0
0
0
0
0
0
2.96614e-15
0
0
0
0
0
0
0
0
0
0
0
0
0
0
0
0
0
0
0
0
0
0
0
0
0
0
-2.79422e-16
0
0
0
0
0
0
0
0
0
0
0
0
0
0
0
0
0
0
0
0
0
0
0
0
0
0
0
0
0
0
0
0
0
0
0
0
0
-1.74696e-08
0
0
0
0
0
0
0
0
0
0
0
0
0
0
0
0
0
0
0
0
0
0
0
0
0
0
0
0
0
0
0
0
0
0
0
0
0
-2.84267e-17
0
0
0
0
0
0
8.07432e-17
0
0
0
0
0
0
0
0
-1.59246e-08
0
-1.04953e-16
0
0
-2.87626e-16
0
0
0
-2.72092e-16
0
0
5.26839e-17
0
0
0
0
0
0
0
0
0
0
0
0
0
0
0
0
1.95354e-08
-1.8453e-15
0
-3.02702e-16
0
0
0
0
0
0
0
0
0
0
0
0
0
0
0
0
0
0
0
0
0
0
0
0
0
0
0
0
0
0
0
0
0
0
0
0
0
0
0
0
0
0
0
0
0
1.91629e-08
0
0
0
0
0
0
0
0
0
0
0
0
1.98637e-16
0
0
0
0
0
0
0
4.39629e-16
2.90127e-16
0
0
0
0
0
1.87869e-08
0
0
0
0
0
0
0
0
0
0
0
0
0
0
0
0
0
0
0
0
0
0
0
0
0
0
0
0
0
0
0
0
0
0
0
0
0
0
0
0
0
0
0
0
0
0
0
0
0
0
0
0
0
0
0
0
0
0
0
0
-2.39584e-15
0
0
0
0
0
0
0
0
0
0
0
0
0
0
0
0
0
0
0
0
0
0
0
0
0
0
0
0
0
0
0
0
0
0
-3.89648e-17
0
0
0
0
0
0
0
0
8.57555e-16
0
0
0
0
0
0
0
0
0
0
0
0
0
0
0
0
0
0
0
0
0
0
5.17653e-17
-5.82111e-17
0
0
0
0
0
0
0
0
0
0
0
0
0
5.55358e-17
0
0
0
0
0
0
0
0
-2.92028e-16
0
0
0
0
0
0
0
0
0
0
0
0
0
0
0
0
0
0
0
0
0
0
0
0
0
0
0
0
0
)
;

boundaryField
{
    frontback
    {
        type            empty;
        value           nonuniform List<scalar> 0();
    }
    topbottom
    {
        type            calculated;
        value           uniform 0;
    }
    outlet
    {
        type            calculated;
        value           nonuniform List<scalar> 0();
    }
    inlet
    {
        type            calculated;
        value           uniform 0;
    }
    walls
    {
        type            calculated;
        value           nonuniform List<scalar> 
151
(
7.66514e-08
7.66514e-08
7.66514e-08
7.66514e-08
7.66514e-08
7.66514e-08
7.66514e-08
7.66514e-08
7.66514e-08
7.66514e-08
7.66514e-08
7.66514e-08
7.66514e-08
7.66514e-08
7.66514e-08
7.66514e-08
7.66514e-08
7.66514e-08
7.66514e-08
7.66514e-08
7.66514e-08
7.66514e-08
7.66514e-08
7.66514e-08
7.66514e-08
7.66514e-08
7.66514e-08
7.66514e-08
7.66514e-08
7.66514e-08
7.66514e-08
7.66514e-08
7.66514e-08
7.66514e-08
7.66514e-08
7.66514e-08
7.66514e-08
7.66514e-08
7.66514e-08
7.66514e-08
7.66514e-08
7.66514e-08
7.66514e-08
7.66514e-08
7.66514e-08
7.66514e-08
7.66514e-08
7.66514e-08
7.66514e-08
7.66514e-08
7.66514e-08
7.66514e-08
7.66514e-08
7.66514e-08
7.66514e-08
7.66514e-08
7.66514e-08
7.66514e-08
7.66514e-08
7.66514e-08
7.66514e-08
7.66514e-08
7.66514e-08
7.66514e-08
7.66514e-08
7.66514e-08
7.66514e-08
7.66514e-08
7.66514e-08
7.66514e-08
7.66514e-08
7.66514e-08
7.66514e-08
7.66514e-08
0
0
0
0
0
7.66514e-08
7.66514e-08
7.66514e-08
7.66514e-08
7.66514e-08
7.66514e-08
7.66514e-08
7.66514e-08
7.66514e-08
7.66514e-08
7.66514e-08
7.66514e-08
7.66514e-08
7.66514e-08
7.66514e-08
7.66514e-08
7.66514e-08
7.66514e-08
7.66514e-08
7.66514e-08
0
7.66514e-08
7.66514e-08
0
0
0
0
7.66514e-08
7.66514e-08
7.66514e-08
7.66514e-08
7.66514e-08
0
0
0
7.66514e-08
7.66514e-08
0
7.66514e-08
7.66514e-08
7.66514e-08
0
7.66514e-08
7.66514e-08
7.66514e-08
7.66514e-08
7.66514e-08
7.66514e-08
7.66514e-08
7.66514e-08
7.66514e-08
7.66514e-08
7.66514e-08
7.66514e-08
7.66514e-08
7.66514e-08
7.66514e-08
7.66514e-08
7.66514e-08
0
7.66514e-08
7.66514e-08
7.66514e-08
7.66514e-08
7.66514e-08
7.66514e-08
7.66514e-08
0
7.66514e-08
0
7.66514e-08
7.66514e-08
)
;
    }
    procBoundary2to0
    {
        type            processor;
        value           nonuniform List<scalar> 
83
(
0
0
0
1.88544e-14
0
0
0
0
0
0
0
2.50597e-15
-2.59811e-16
0
0
0
0
0
0
0
0
1.6075e-14
0
0
0
0
0
0
0
0
0
0
0
0
0
-2.1467e-16
-6.68821e-16
0
0
0
0
0
0
0
0
0
0
0
0
0
0
0
0
3.76837e-16
-6.9922e-16
0
0
0
0
0
0
1.35572e-14
2.8714e-08
2.04459e-30
0
0
0
0
0
0
-1.13054e-16
-6.66548e-15
-9.35394e-16
0
0
0
0
0
0
0
6.77482e-15
0
0
)
;
    }
    procBoundary2to3
    {
        type            processor;
        value           nonuniform List<scalar> 
99
(
0
0
0
0
0
0
0
0
0
0
0
8.27702e-15
0
0
0
0
0
0
0
0
-1.35785e-15
0
0
0
0
0
0
0
0
0
0
0
0
0
0
0
0
0
0
0
0
0
0
0
0
0
0
-4.10246e-16
0
0
0
0
0
0
0
0
0
0
0
0
0
0
0
0
0
0
0
0
0
-2.09334e-08
0
0
0
0
0
0
0
0
0
0
0
0
0
0
0
0
0
0
6.07779e-15
0
0
0
0
0
0
0
0
0
0
)
;
    }
}


// ************************************************************************* //
