/*--------------------------------*- C++ -*----------------------------------*\
| =========                 |                                                 |
| \\      /  F ield         | OpenFOAM: The Open Source CFD Toolbox           |
|  \\    /   O peration     | Version:  v2012                                 |
|   \\  /    A nd           | Website:  www.openfoam.com                      |
|    \\/     M anipulation  |                                                 |
\*---------------------------------------------------------------------------*/
FoamFile
{
    version     2.0;
    format      ascii;
    class       surfaceScalarField;
    location    "700";
    object      meshPhi;
}
// * * * * * * * * * * * * * * * * * * * * * * * * * * * * * * * * * * * * * //

dimensions      [0 3 -1 0 0 0 0];
oriented        oriented;


internalField   nonuniform List<scalar> 
20580
(
0
0
0
0
0
0
0
0
0
0
0
0
4.09875e-14
-4.45733e-14
0
0
0
0
0
0
0
0
0
0
0
0
0
0
0
0
0
0
0
0
0
0
0
4.25571e-17
-2.9355e-16
0
0
0
0
0
0
0
0
0
0
0
0
0
0
0
0
0
0
0
0
0
0
0
0
0
0
0
0
0
0
0
0
0
0
-2.5175e-15
-2.99489e-15
0
0
0
0
0
0
0
0
0
0
0
0
0
0
0
0
0
0
0
0
0
0
0
0
0
0
0
0
0
0
0
0
0
0
0
0
0
0
0
0
0
0
0
0
-8.26039e-17
5.07477e-08
2.8481e-08
0
0
0
0
0
0
0
0
0
0
-1.32057e-13
0
0
0
0
0
0
0
0
0
0
0
0
0
0
0
0
0
0
0
0
0
0
0
0
0
0
0
0
0
0
0
0
0
0
0
0
0
0
0
0
0
0
0
0
0
0
0
0
0
0
0
0
0
0
0
0
0
0
0
0
0
0
0
0
0
0
0
0
0
0
0
0
0
0
0
0
0
7.85051e-14
0
-1.46358e-14
0
0
0
0
0
0
0
0
0
0
0
0
0
0
0
0
0
0
0
0
0
0
0
0
0
0
0
0
0
0
0
0
0
0
4.47935e-08
3.44352e-08
0
0
0
0
0
0
0
0
0
0
0
0
0
0
0
0
0
0
0
0
0
0
0
0
0
0
0
0
0
0
0
0
0
0
0
0
0
0
0
0
0
0
0
0
0
0
0
0
0
0
0
0
0
0
0
0
0
0
0
0
0
0
0
0
0
0
0
0
0
0
0
0
0
0
0
0
0
0
0
0
0
0
0
0
0
-1.44484e-15
7.39589e-18
-8.87426e-16
0
0
0
0
0
0
0
0
0
0
0
0
0
0
0
0
0
0
0
0
0
0
0
0
0
0
0
0
-1.80273e-15
0
-1.8486e-15
0
0
0
0
0
0
0
0
0
0
0
0
0
0
0
0
0
0
0
-2.91174e-15
0
0
0
0
0
0
0
0
0
0
0
0
0
0
0
0
0
0
0
0
0
0
0
0
0
0
0
0
0
0
0
0
0
0
0
0
0
0
0
0
0
0
0
0
-1.36722e-17
0
0
0
0
0
0
0
0
0
0
0
0
0
0
0
0
0
0
0
0
0
0
0
0
0
0
0
0
0
0
0
0
0
0
0
0
0
0
0
0
0
0
0
0
0
0
2.69601e-08
5.22686e-08
0
0
0
0
0
0
0
0
0
0
0
0
0
0
0
3.9357e-15
-3.97286e-15
0
-7.37313e-17
0
0
0
0
0
0
0
0
0
0
0
0
0
0
0
0
0
0
0
0
0
0
0
0
0
0
0
0
0
0
0
0
0
0
0
0
0
0
0
0
-3.32026e-16
0
-7.75952e-17
0
0
0
0
0
0
0
0
0
0
0
0
0
0
0
0
0
0
0
0
0
0
0
0
0
0
0
0
0
0
0
0
0
0
0
-5.89037e-16
-5.35198e-17
0
0
0
0
0
0
0
0
0
0
0
0
0
0
0
0
0
0
0
0
0
0
0
0
0
0
0
0
0
0
0
0
0
0
0
0
0
0
0
0
0
0
0
0
0
0
0
0
0
0
0
0
0
0
0
0
0
0
0
0
0
0
-9.25654e-17
-4.26239e-16
0
0
0
9.06534e-14
-5.05924e-14
-3.73138e-14
0
0
0
0
0
0
0
0
0
0
0
-3.12596e-15
0
0
0
0
0
0
0
0
0
0
0
0
0
0
0
0
0
0
0
0
0
0
0
0
0
0
0
0
0
0
0
0
0
-3.71414e-17
4.59487e-16
0
0
0
0
0
0
0
0
0
0
0
0
0
0
0
0
0
0
0
0
0
0
0
0
0
0
0
0
0
0
0
0
0
0
0
0
0
0
0
0
0
0
0
0
0
0
0
0
0
0
0
0
0
0
0
0
0
0
0
0
0
0
0
0
0
0
0
0
0
0
0
0
0
0
0
0
0
0
0
0
0
0
0
0
0
0
0
0
0
0
0
0
0
0
0
0
0
0
0
0
0
0
0
0
0
0
0
0
0
0
0
0
0
0
0
0
0
0
0
0
0
0
0
0
0
0
0
0
0
0
0
4.07963e-08
3.84323e-08
0
0
0
0
0
-9.59293e-17
6.82007e-16
0
0
0
0
0
0
0
0
3.16698e-16
0
1.46516e-15
0
0
0
-9.41576e-14
2.67334e-14
0
0
0
0
0
0
0
0
-3.89397e-16
0
0
0
0
0
0
0
0
0
0
0
0
0
0
0
0
5.42965e-16
6.30415e-16
0
0
0
0
0
0
0
0
0
0
0
0
0
0
0
0
0
0
0
0
0
0
0
-1.08818e-16
0
0
0
0
0
0
0
0
0
0
0
0
0
0
0
0
0
0
0
0
0
0
0
0
0
0
0
0
0
0
0
0
0
0
0
0
2.69547e-16
-4.22633e-08
0
0
0
0
0
0
0
0
0
0
0
0
0
0
0
0
0
0
-3.05019e-16
9.1913e-16
0
0
0
0
0
0
0
0
0
0
0
0
0
0
0
0
0
0
0
0
0
2.07467e-16
4.90123e-16
0
0
0
0
0
0
0
0
0
0
0
0
0
0
0
0
0
0
0
0
0
0
0
0
0
0
0
0
0
0
0
0
0
0
0
0
0
0
0
3.96143e-08
3.96143e-08
0
0
0
0
0
0
0
0
0
0
0
0
0
0
0
0
0
-5.26966e-16
-8.81659e-17
0
0
0
0
0
0
0
0
0
0
0
0
0
0
0
0
0
0
0
0
0
0
0
0
0
0
0
-2.49076e-14
-5.28524e-15
0
0
0
0
0
0
0
0
0
0
0
0
0
0
0
-1.97455e-16
8.60373e-16
0
0
0
0
0
0
0
0
0
0
0
0
0
0
0
0
0
0
0
0
0
0
0
0
0
0
0
0
0
0
0
0
0
0
0
0
0
0
0
0
0
0
0
0
0
0
0
0
0
0
0
0
0
0
0
0
0
0
0
0
0
0
0
0
0
0
0
0
-1.00762e-15
-6.86426e-08
4.53838e-08
0
0
0
0
0
0
0
0
0
0
0
0
0
0
0
-2.85897e-15
0
0
0
0
0
0
0
0
0
0
0
0
0
0
0
0
0
0
0
0
0
0
0
0
0
0
0
0
0
0
0
0
0
0
0
0
0
-7.62943e-14
0
0
1.9518e-16
-3.22438e-16
0
0
0
0
-3.98243e-16
8.96896e-17
0
0
0
0
0
0
0
-2.50321e-15
3.34946e-15
0
0
0
0
0
0
0
0
0
0
-3.63748e-15
1.7009e-15
0
0
0
0
0
0
0
0
0
0
0
0
0
0
0
0
0
0
0
0
0
0
0
0
0
0
0
0
0
0
0
0
0
0
0
0
0
0
0
0
0
0
0
0
-3.14008e-14
0
9.52151e-16
0
0
0
0
0
0
0
0
0
0
0
0
-6.98435e-17
0
-1.5542e-16
-6.05251e-15
0
0
0
0
0
0
0
0
0
0
0
0
0
0
0
0
0
0
0
0
0
0
0
0
0
0
0
0
0
0
0
0
0
0
0
0
0
0
0
0
0
0
0
0
0
0
0
0
0
-8.09675e-16
0
0
0
0
0
1.11524e-16
0
2.34248e-16
0
0
0
0
0
0
0
0
0
0
0
0
0
0
0
0
0
0
0
0
0
0
0
0
9.25066e-16
0
0
0
0
0
0
0
-5.19785e-31
0
0
0
0
0
0
0
0
0
0
0
0
0
-3.73804e-15
1.08516e-15
0
0
0
0
0
0
0
0
0
0
0
0
0
0
0
0
0
0
0
0
0
0
0
0
0
0
0
0
0
0
0
0
-3.80263e-08
9.66249e-17
0
0
0
0
0
0
0
0
0
3.68559e-16
0
0
0
0
0
0
0
0
0
0
0
0
0
0
0
0
0
0
0
0
0
0
0
0
0
0
0
0
0
0
0
0
2.52942e-15
-3.17868e-15
0
0
0
0
0
0
-1.55993e-16
0
0
0
0
0
0
0
0
0
0
0
0
0
0
0
0
0
0
0
0
0
0
0
0
3.64418e-16
-5.10823e-31
0
0
0
0
0
0
0
0
0
0
0
0
0
0
0
0
0
0
0
0
0
0
0
0
0
0
0
0
0
0
4.28205e-16
0
0
0
0
0
0
0
0
0
0
0
-2.29357e-16
-4.29193e-16
1.41064e-16
0
0
0
0
0
0
0
0
0
0
0
0
0
-2.51981e-15
0
5.07836e-31
0
0
0
0
0
0
0
0
0
0
0
0
0
0
0
0
0
0
0
0
0
0
0
0
0
0
0
0
0
0
0
0
0
0
0
0
0
0
0
0
0
0
0
0
0
0
0
0
0
0
0
0
0
0
0
0
0
0
0
0
0
0
0
0
0
0
0
0
0
0
0
0
0
0
0
0
0
0
0
0
0
0
0
0
0
0
0
0
0
0
0
0
2.82955e-14
-8.5973e-15
0
0
0
0
0
4.92149e-17
-2.29606e-16
0
0
0
0
0
0
0
-5.20643e-17
0
0
0
0
0
0
0
0
0
0
0
0
0
0
0
0
0
0
0
0
0
0
0
0
0
0
0
0
0
0
0
0
0
0
0
0
0
0
0
0
0
0
0
0
0
0
0
1.22359e-29
0
0
0
0
0
0
0
0
0
0
0
0
0
0
0
0
0
0
0
0
0
-3.02748e-16
-1.57469e-14
1.57469e-14
0
0
0
0
0
-2.31931e-15
4.4472e-15
0
0
0
0
0
0
0
0
0
0
0
0
0
0
0
0
0
0
0
0
0
0
0
0
0
0
0
0
2.44675e-14
1.40718e-14
4.88399e-18
0
0
0
0
0
0
0
0
0
-4.80368e-17
2.13346e-17
0
0
0
0
0
0
0
0
0
0
0
0
0
0
0
0
0
0
0
0
0
0
0
0
0
0
0
0
0
0
0
0
0
0
0
0
0
0
3.74897e-14
4.55212e-15
-2.70815e-14
0
0
0
0
0
0
-8.40075e-15
-2.42812e-14
0
0
0
0
0
0
0
0
0
0
0
0
0
0
0
0
0
0
0
0
0
0
0
-4.98153e-18
0
0
0
-2.37373e-14
4.20218e-15
-5.12133e-15
0
0
0
0
0
1.58934e-16
0
0
0
0
0
0
0
0
0
0
0
0
0
0
0
0
0
0
0
0
0
0
0
0
0
0
0
0
0
0
0
0
0
0
0
0
0
0
4.96182e-15
1.18601e-15
9.48475e-14
0
0
0
0
0
0
0
0
0
0
0
0
0
0
0
0
0
0
6.40964e-15
0
0
0
0
0
6.04982e-15
-8.37956e-17
0
0
0
0
1.06407e-15
-1.05103e-15
0
0
0
0
0
0
0
0
0
0
0
0
0
0
0
0
0
0
0
0
0
0
0
0
0
0
0
0
0
0
0
0
0
0
0
0
0
0
0
0
0
0
0
0
0
0
0
0
0
0
0
0
0
0
0
0
0
0
0
0
0
0
0
0
0
0
0
0
0
0
-1.62548e-16
-1.10289e-16
0
0
0
0
0
0
0
0
0
0
0
0
0
0
0
-3.63829e-14
0
0
0
0
0
0
0
0
0
0
0
0
0
0
0
0
0
0
0
0
0
0
0
0
0
0
0
0
0
0
0
0
0
0
0
0
0
0
0
0
0
1.58979e-16
0
0
-4.55092e-08
0
0
0
0
0
0
0
0
0
0
0
0
0
0
0
0
0
0
-9.46607e-17
-1.93005e-15
0
0
0
0
0
0
0
-3.87492e-17
0
2.55412e-31
0
0
0
0
0
0
0
0
0
0
0
0
0
0
0
0
0
0
0
0
0
0
0
0
0
0
0
0
0
0
0
0
0
0
0
0
0
0
0
0
-4.48891e-08
-1.00304e-15
2.75004e-16
0
0
0
0
0
0
0
0
0
0
0
0
0
0
0
-2.99426e-16
-1.14297e-15
0
0
0
0
0
0
0
0
0
0
0
0
0
0
0
0
0
0
5.69688e-16
0
-3.52549e-16
0
0
0
0
0
0
0
0
0
0
0
0
0
0
0
0
0
0
0
-1.11774e-15
0
0
0
0
0
0
0
0
0
0
0
0
0
0
0
0
0
0
0
0
0
0
0
2.35287e-16
1.73003e-16
0
0
0
0
0
0
0
0
0
0
0
0
0
0
0
0
0
0
0
0
0
-2.05524e-30
0
-1.38164e-15
0
0
0
0
0
0
0
0
0
0
0
0
-4.12024e-08
0
-3.76952e-08
0
0
0
-8.32934e-16
0
5.21684e-16
0
0
0
0
0
0
0
0
0
0
0
0
0
0
0
1.00532e-15
-3.61874e-15
0
0
0
0
-1.3337e-15
-4.0301e-16
0
0
0
0
0
0
0
0
0
0
0
0
0
0
0
0
0
0
0
0
0
0
-1.10356e-16
0
0
0
0
0
0
0
0
0
0
0
0
0
0
-5.77017e-16
0
0
0
0
0
0
0
5.66924e-15
-2.84842e-14
0
0
0
0
0
0
0
0
0
0
0
0
0
0
0
0
0
0
0
0
0
0
0
0
0
0
0
0
0
0
0
0
0
0
0
0
0
-6.63096e-16
0
1.31949e-15
0
0
0
0
0
0
0
0
0
0
0
0
0
-5.03946e-16
4.26557e-16
0
0
0
0
0
0
0
0
0
0
0
0
0
0
0
0
0
0
0
0
0
-4.52115e-16
1.15998e-15
0
0
0
0
0
0
0
0
0
4.35585e-16
-4.28774e-08
0
0
0
0
0
0
0
0
0
0
0
0
0
0
0
0
0
0
0
0
0
0
0
0
0
0
0
0
0
0
0
0
0
0
0
0
0
0
0
0
0
0
0
0
0
0
0
1.33812e-15
0
-1.28338e-15
0
0
0
0
0
0
0
0
0
0
0
0
0
0
0
0
0
0
0
0
0
0
0
0
0
0
-6.21315e-17
0
0
0
0
0
0
0
0
0
0
0
0
0
0
0
0
0
0
0
0
0
0
0
0
0
0
-3.5404e-16
0
0
0
0
0
0
0
0
0
0
-3.94269e-08
0
0
0
0
0
0
0
0
0
0
0
0
0
0
0
0
0
0
0
0
-5.67119e-14
-7.34931e-18
1.07514e-14
0
0
0
0
0
0
0
0
0
0
0
0
0
0
0
1.80083e-15
0
0
0
0
0
0
0
-3.96143e-08
0
0
0
0
0
0
0
0
0
0
0
0
0
0
0
0
0
0
0
0
0
0
0
0
0
0
0
0
0
0
0
0
0
0
0
0
0
-1.09716e-14
0
0
0
0
0
0
0
0
0
0
0
0
-3.07569e-14
0
0
0
0
0
0
0
4.68742e-16
-2.04329e-30
0
0
0
0
0
0
0
0
0
0
0
0
0
0
0
0
0
0
0
0
0
0
0
0
0
1.4826e-14
2.54189e-15
-2.13982e-15
0
0
0
0
0
0
0
0
0
0
0
0
0
0
0
1.0438e-15
0
0
0
0
0
0
0
0
0
0
0
0
0
0
0
0
0
0
0
0
0
0
0
0
0
0
0
0
0
0
0
0
0
0
0
0
0
0
0
0
0
0
0
0
0
0
0
0
0
0
0
2.30774e-14
-1.10617e-14
0
0
0
0
-2.26875e-14
0
0
0
0
0
0
0
0
0
0
0
0
0
0
0
0
0
0
0
0
0
0
0
0
0
0
0
0
0
0
0
0
0
0
0
0
0
0
0
0
0
0
0
0
0
0
0
0
0
0
0
0
0
0
0
0
0
0
0
0
0
0
0
0
0
0
0
0
0
0
0
0
0
-3.94663e-17
0
0
0
0
3.93263e-14
-3.96143e-08
2.29606e-16
-3.36203e-14
0
1.91006e-15
0
0
0
0
0
0
0
0
0
2.12209e-14
0
1.72055e-14
0
0
0
0
0
0
0
0
0
0
0
0
0
0
0
0
0
0
0
0
0
0
0
0
0
1.17986e-15
0
0
0
0
0
0
0
0
0
0
0
0
0
0
0
0
0
0
0
0
0
0
0
0
0
0
-2.56175e-15
0
0
0
0
0
0
0
0
1.28636e-15
-3.96143e-08
0
0
0
0
0
-2.98014e-16
0
0
0
0
0
0
0
0
0
0
0
0
0
0
0
0
0
0
0
0
0
0
0
0
0
0
0
0
0
0
3.56095e-16
-4.29516e-08
0
0
0
0
0
0
0
0
0
0
0
0
0
0
0
0
0
0
0
0
0
0
0
0
0
0
0
0
0
0
0
0
0
0
0
1.00126e-15
0
0
0
0
0
0
0
0
0
0
0
0
0
0
0
-1.22099e-15
0
0
0
0
0
0
0
0
0
0
0
0
0
0
0
0
0
0
0
0
0
0
0
0
0
0
0
0
0
0
0
0
0
0
0
0
0
0
0
0
0
0
0
0
0
0
0
0
0
0
0
0
2.32662e-16
-1.38839e-16
0
0
0
0
5.94051e-16
-3.91431e-16
0
0
0
0
0
0
0
0
0
0
0
0
0
0
0
0
0
0
0
0
0
0
0
0
0
0
0
0
0
0
0
0
0
0
0
0
0
0
9.43853e-14
0
-4.50016e-15
0
0
0
0
0
0
0
0
0
0
0
0
0
0
0
0
0
0
0
0
0
0
0
0
0
0
0
0
0
0
0
-2.68985e-16
3.87571e-16
0
0
0
0
0
0
0
0
0
0
0
0
0
0
0
0
0
0
0
-1.11766e-15
0
0
0
0
0
0
0
0
0
0
0
0
0
0
0
0
0
0
0
0
0
0
0
0
0
0
0
1.23236e-14
0
0
0
0
0
0
0
0
0
0
0
0
0
0
0
0
0
0
0
0
0
0
0
0
0
0
0
0
0
0
0
0
0
0
0
0
0
0
0
0
0
0
0
0
0
0
0
0
0
0
0
0
0
0
7.87866e-14
2.66808e-14
0
0
0
0
0
0
0
0
0
0
0
0
0
0
0
0
0
0
0
0
0
0
0
0
0
0
0
0
0
0
0
0
0
0
0
0
0
0
2.1629e-14
1.0215e-13
0
0
0
0
-1.53753e-15
0
0
0
0
0
0
0
0
0
0
0
0
0
0
0
0
0
0
0
0
8.49622e-14
0
0
0
0
0
0
0
0
0
0
0
0
0
0
0
0
0
0
0
0
-6.90935e-15
0
2.98691e-15
0
0
0
0
0
0
0
0
0
0
0
0
0
0
0
-3.65576e-16
5.6177e-17
0
0
0
0
0
0
0
0
0
0
0
0
0
0
0
0
0
0
0
0
0
0
0
-5.67552e-18
0
3.50152e-17
0
0
0
0
0
0
0
-6.82713e-15
0
0
0
0
0
0
0
0
0
0
0
0
0
1.78869e-16
-4.3611e-16
0
0
0
0
0
0
0
0
0
0
0
0
0
7.53159e-17
0
0
0
0
0
0
0
0
0
0
0
0
0
0
0
0
0
0
0
0
0
0
0
0
0
0
0
0
0
0
0
0
0
0
0
0
0
0
0
0
0
0
0
0
0
0
0
0
0
0
0
0
0
0
0
0
0
0
0
0
0
0
0
0
0
0
0
0
0
0
0
0
0
0
0
0
0
0
0
0
0
0
0
0
0
0
0
0
0
0
0
0
0
0
0
0
0
0
0
0
0
-1.31138e-15
0
0
0
0
0
-7.16969e-16
0
0
0
0
0
0
0
0
0
0
0
0
-5.75882e-17
0
0
0
0
0
0
0
0
0
0
0
0
0
0
0
0
0
0
0
0
0
0
0
0
0
0
-1.28801e-15
0
0
0
0
0
0
0
0
0
0
0
0
0
0
0
0
0
0
0
0
0
0
0
0
0
0
0
0
0
0
0
0
0
0
0
0
0
0
3.27366e-15
-6.8569e-16
0
0
0
0
0
0
0
0
0
0
0
0
0
0
0
0
0
0
0
0
0
0
0
0
0
0
0
0
0
0
2.01306e-14
0
0
0
0
0
0
0
0
0
0
0
0
0
0
0
0
0
0
0
0
0
3.59491e-14
-1.11631e-14
0
0
0
0
0
0
0
0
0
0
0
0
0
0
0
0
0
0
0
0
0
6.3938e-16
5.1381e-31
7.35202e-16
0
0
0
0
0
0
0
0
0
0
0
1.71688e-15
0
0
0
0
0
0
0
0
0
0
0
0
0
0
0
0
0
0
0
0
0
0
0
0
0
0
0
0
0
0
0
0
0
0
0
0
0
0
0
0
0
0
0
0
0
0
0
0
0
0
0
0
0
0
0
0
0
0
0
0
0
0
0
2.86241e-16
0
0
0
0
0
0
0
0
0
0
0
0
0
0
0
0
0
0
0
0
0
0
0
0
0
0
0
2.45424e-15
-2.90019e-16
0
0
0
2.6862e-15
0
0
-1.84542e-16
0
2.7598e-16
0
0
0
0
0
0
0
0
0
-4.62926e-16
0
0
0
0
0
0
0
0
0
0
0
0
0
0
0
0
0
0
0
0
0
0
0
0
0
-6.69773e-15
0
0
0
0
0
0
0
0
0
0
0
0
0
0
0
0
0
0
0
0
0
0
0
0
0
0
0
0
0
0
0
0
0
0
0
0
0
0
0
0
0
0
0
0
0
0
0
0
0
0
0
0
0
0
0
0
0
0
0
0
0
0
0
0
0
0
0
0
0
0
0
1.02762e-30
0
0
0
0
0
0
0
0
0
0
0
0
0
0
0
0
0
0
0
0
0
0
0
0
0
0
0
0
0
0
0
0
0
0
0
0
0
0
0
0
0
0
0
0
0
0
0
0
0
0
1.26108e-14
0
0
0
0
0
0
-1.02165e-30
0
0
0
0
0
0
0
0
0
0
0
0
0
0
0
0
0
0
0
0
0
0
0
0
0
0
0
0
0
0
0
0
4.50818e-14
3.66237e-14
0
0
0
0
0
0
0
0
0
0
0
0
0
0
0
0
0
0
0
0
0
0
0
0
0
0
0
0
0
0
0
0
0
0
0
0
0
0
0
0
0
0
0
0
0
0
0
-2.12009e-15
1.23661e-14
-3.50623e-14
0
0
0
0
0
0
0
7.21092e-15
-1.15645e-14
0
0
0
0
0
0
0
0
0
1.78671e-14
0
0
0
0
0
0
0
0
0
0
0
0
0
0
0
0
-2.29183e-14
0
-1.1475e-15
4.00361e-14
8.88248e-14
0
0
0
0
0
0
0
0
0
0
0
0
0
0
0
0
0
0
0
0
0
0
0
0
-3.61685e-14
2.61892e-14
0
0
0
0
0
0
0
0
0
0
0
0
0
0
0
0
0
-4.54159e-14
-1.78025e-14
0
0
0
0
0
0
0
0
0
0
0
0
0
0
0
0
0
0
0
0
0
0
0
0
0
0
0
0
0
0
0
0
0
0
0
0
0
0
0
0
0
0
0
0
0
0
0
0
0
0
0
0
0
0
0
0
0
0
0
0
0
0
0
0
-2.5535e-15
-1.72997e-15
0
0
0
0
0
0
0
0
0
0
0
0
0
0
0
0
0
4.42035e-14
0
0
0
0
0
0
0
0
0
0
0
0
0
0
0
0
0
0
0
0
0
0
0
0
0
0
0
0
0
0
0
0
0
2.14075e-15
-6.31458e-16
0
0
0
0
0
0
0
0
0
0
0
0
0
0
0
0
-3.97487e-16
4.38877e-16
0
0
0
0
0
0
0
0
0
0
0
0
0
0
0
0
0
0
0
-2.91341e-15
0
0
0
0
0
0
0
0
0
0
0
0
0
0
0
0
0
0
0
0
0
0
0
0
0
0
0
0
0
0
0
0
0
0
0
0
0
0
0
0
0
0
0
0
0
0
0
0
0
0
0
0
1.3809e-15
2.61151e-16
0
0
0
0
0
0
0
0
0
0
0
0
0
0
0
0
0
0
0
0
0
0
0
0
0
0
0
0
0
0
0
0
0
0
0
0
0
0
0
0
0
0
0
0
0
1.32067e-15
-2.77575e-15
0
0
0
0
-5.4286e-14
7.21596e-14
0
0
0
0
0
0
0
0
-3.95572e-16
0
0
0
0
0
1.38451e-14
0
0
0
0
0
0
0
0
0
0
0
0
0
0
0
0
0
0
0
0
0
0
0
0
0
0
0
0
0
0
0
0
-2.51732e-16
0
0
-6.43441e-17
0
0
0
0
0
0
0
0
0
0
0
0
0
0
0
0
0
0
0
0
0
0
0
0
0
0
0
0
0
0
0
0
0
0
0
0
0
0
0
0
0
0
-4.17917e-17
0
4.83661e-17
0
0
0
0
0
2.56498e-14
0
0
0
0
0
0
0
0
0
0
0
0
0
0
0
0
0
0
0
0
0
0
0
0
0
0
0
0
0
0
0
0
0
0
0
0
0
0
0
0
0
0
0
0
0
2.04436e-15
8.31907e-17
0
0
0
0
0
0
0
0
0
0
0
-1.87218e-15
0
0
0
0
0
0
0
0
0
0
0
0
0
0
0
0
0
0
0
0
0
0
0
0
0
0
0
0
0
0
0
0
2.26167e-16
0
0
0
0
0
0
0
0
1.76796e-16
-6.11388e-16
0
0
0
0
0
0
0
0
0
0
0
0
0
0
0
0
0
0
0
0
0
0
0
0
0
0
0
0
0
0
0
0
0
0
9.75018e-14
1.30006e-28
0
0
0
0
0
0
0
0
0
0
0
0
0
0
0
0
0
0
0
0
0
0
0
0
0
0
0
0
0
0
-4.22297e-15
8.97744e-16
0
0
0
0
0
0
0
0
0
0
0
0
0
0
0
0
0
0
0
0
0
0
0
0
0
0
0
0
0
-4.8823e-16
0
0
0
0
0
0
0
0
0
0
0
0
0
0
0
0
0
0
0
0
0
0
0
0
0
0
0
0
0
0
-5.86573e-16
0
0
0
0
-9.62776e-15
0
0
0
0
0
0
0
0
0
0
0
0
0
0
0
0
0
0
0
0
0
0
0
0
0
0
0
0
0
0
0
0
0
0
0
0
0
0
0
0
0
0
0
0
0
0
0
0
0
0
0
0
0
0
0
0
0
0
0
0
0
0
0
0
0
0
0
0
0
0
0
0
0
0
0
0
0
0
0
0
0
0
0
-2.66425e-16
0
4.20779e-17
0
0
0
0
0
0
0
0
0
0
0
0
0
0
0
0
0
0
0
0
0
0
0
0
0
0
0
0
0
0
0
5.42017e-16
0
0
0
0
0
0
0
0
0
0
0
0
-4.18151e-16
3.68413e-16
0
0
0
0
0
0
0
0
0
1.57038e-16
5.38237e-17
0
0
0
0
0
0
0
0
0
0
0
0
0
0
0
0
0
0
0
-3.65072e-16
0
0
0
0
0
0
0
0
0
0
0
0
0
0
0
0
0
0
0
0
0
0
0
0
0
0
0
0
0
0
0
0
0
0
0
0
0
0
0
0
0
0
0
0
0
0
0
0
0
0
0
0
0
0
0
0
0
0
0
0
0
0
0
0
0
0
0
0
0
0
0
0
0
0
0
0
0
0
0
0
0
0
0
0
0
0
0
0
0
0
0
0
0
0
0
0
0
0
5.01745e-15
0
0
0
0
0
0
0
0
0
0
0
0
0
0
0
0
0
0
0
0
0
0
0
0
0
0
0
0
0
0
0
-1.2017e-15
0
0
0
0
0
0
0
0
0
0
0
0
0
0
0
0
0
0
0
0
0
0
0
0
0
0
0
0
0
-3.26055e-16
-4.74562e-16
0
0
0
0
0
0
0
0
0
0
0
0
0
0
0
0
0
0
0
0
0
0
0
0
0
0
0
0
0
0
0
0
0
0
0
0
0
0
0
0
0
0
0
0
0
0
0
0
3.9685e-14
-4.74711e-14
0
0
0
0
0
0
0
-2.98727e-33
0
0
0
0
0
0
0
0
0
0
5.36078e-15
2.08236e-15
0
0
0
0
0
0
0
0
0
0
0
0
0
0
0
0
0
0
0
0
0
0
0
0
0
0
0
0
0
0
0
0
0
0
0
0
0
0
0
0
0
0
0
0
0
0
-4.03016e-16
0
0
0
0
0
0
0
0
0
0
0
0
0
0
0
0
0
0
0
5.41261e-17
0
0
0
0
0
0
0
0
0
0
0
0
0
0
0
0
0
0
0
0
0
0
0
0
0
0
0
0
0
0
0
0
0
0
0
0
0
0
0
0
0
0
0
0
0
0
0
0
0
0
0
0
0
0
0
0
0
0
0
0
0
0
0
0
0
0
0
0
0
0
0
0
0
0
0
0
0
0
0
0
0
0
0
0
0
0
0
0
0
0
0
1.34384e-15
0
0
0
0
0
0
0
0
0
0
0
0
0
0
0
0
0
0
0
0
0
0
0
0
0
0
0
0
0
0
0
0
0
0
0
0
0
0
0
0
0
0
0
0
0
0
0
0
0
0
0
0
0
0
0
0
0
0
0
0
0
0
0
0
0
0
0
0
0
0
0
0
0
0
0
0
0
0
5.53525e-16
-3.59382e-16
0
0
0
0
0
0
0
0
0
0
0
0
0
0
0
0
0
0
0
0
0
0
0
0
0
0
0
0
0
0
0
0
0
0
0
0
0
0
0
0
0
-1.13992e-15
0
0
0
0
3.27723e-08
4.64564e-08
0
0
0
0
0
0
0
0
0
0
0
0
0
0
0
0
0
0
0
0
0
0
-3.21126e-16
0
0
0
0
0
0
0
0
0
0
0
0
0
0
0
0
0
0
0
0
0
0
0
0
0
0
0
0
0
1.94007e-15
0
1.43962e-15
0
0
0
0
0
0
-4.14549e-14
-2.36108e-14
0
0
0
0
0
0
0
0
0
0
0
0
-8.61536e-14
0
3.00246e-14
0
0
0
4.40704e-15
0
0
0
0
0
0
0
0
0
0
0
0
0
0
0
0
0
0
0
0
0
0
0
0
0
0
0
0
0
0
0
0
5.07148e-16
0
0
0
0
0
0
0
0
0
0
0
0
0
0
0
0
-8.72541e-14
0
0
0
0
0
0
0
0
0
0
1.36407e-15
-3.42301e-15
0
0
0
0
0
0
0
0
0
0
0
0
0
0
0
0
0
0
0
0
0
8.37645e-17
1.8594e-16
0
0
0
1.26959e-31
0
0
0
0
0
0
0
0
0
0
0
0
0
0
0
0
3.65818e-14
0
0
8.80501e-16
0
0
0
0
0
0
0
0
0
0
0
0
0
0
0
0
0
0
0
0
0
0
0
0
0
0
0
0
0
-2.29479e-15
2.3093e-15
-1.16916e-15
0
0
0
0
-1.52948e-30
-8.68566e-17
1.19428e-16
0
0
0
0
0
0
0
0
0
0
0
0
0
0
0
0
0
0
0
0
0
0
0
0
0
0
0
0
0
0
0
0
0
0
0
0
0
0
0
0
0
0
0
0
0
0
0
0
0
0
0
0
0
0
0
0
0
0
0
0
0
0
0
0
0
0
0
0
0
0
0
0
0
0
0
0
0
0
0
0
0
0
0
0
0
0
0
0
0
0
0
0
0
0
4.55072e-14
0
0
0
0
0
0
0
0
0
0
0
0
0
0
0
0
0
0
0
0
0
0
0
0
0
0
1.12317e-16
-3.52935e-16
0
0
0
0
0
0
0
0
0
0
0
0
0
0
0
0
0
0
4.24727e-14
1.60596e-29
0
0
0
0
0
0
0
0
0
0
0
0
0
0
0
-8.49309e-14
1.41315e-14
0
0
0
0
0
0
0
0
0
0
0
0
0
0
0
0
0
0
0
0
0
0
0
0
0
0
0
0
0
0
0
0
0
0
0
0
0
0
0
0
0
0
0
0
0
0
0
0
0
0
0
0
0
0
-2.06987e-15
1.1634e-15
0
0
0
0
0
0
0
0
0
0
0
0
0
0
0
0
0
0
0
0
0
0
0
0
0
0
0
0
0
0
0
0
0
0
0
0
0
0
0
0
0
0
0
-1.48148e-16
8.96181e-33
8.67162e-14
-3.84981e-14
0
0
0
0
0
0
0
0
0
0
0
0
0
0
0
0
0
0
0
0
0
0
0
0
9.46431e-15
-8.37099e-15
0
0
0
0
0
0
0
0
0
0
0
0
0
0
0
0
0
0
0
0
0
0
0
0
0
0
0
0
0
0
0
0
0
0
0
0
0
0
0
0
0
0
0
0
-1.42266e-15
-6.69241e-15
6.15291e-14
0
0
0
0
0
0
-8.9156e-14
0
4.10924e-14
0
0
0
0
0
0
0
0
0
0
0
0
0
0
0
0
0
0
0
0
0
0
0
0
0
0
0
0
0
0
0
3.40998e-15
0
0
0
0
0
0
0
0
0
0
0
-3.85354e-08
0
0
0
0
0
0
0
0
0
0
0
0
0
0
0
0
0
0
0
0
0
0
0
0
0
0
0
0
0
0
0
0
0
0
0
0
0
3.11175e-14
0
-9.28022e-15
0
0
0
0
0
0
0
0
0
0
0
0
0
0
0
0
0
0
0
0
0
0
0
0
0
0
0
0
0
0
0
0
0
0
4.9458e-14
0
0
0
0
0
0
0
0
0
0
0
0
-1.44177e-15
0
4.147e-15
0
0
0
0
0
0
0
0
0
0
0
0
0
0
0
0
1.36614e-16
0
0
0
7.83565e-15
0
-1.52051e-15
0
0
0
0
0
0
0
0
0
0
0
0
0
0
0
0
0
0
0
0
0
0
0
0
0
0
0
0
0
0
0
0
0
0
0
0
0
0
0
0
0
0
0
0
0
0
0
0
0
0
0
0
0
0
0
0
0
0
0
0
0
0
0
0
0
0
0
0
0
0
0
0
0
0
0
0
0
0
0
0
0
0
0
0
0
0
2.20789e-14
5.9915e-16
0
0
0
0
0
0
0
0
0
0
0
0
0
0
0
0
0
0
0
0
0
0
0
0
0
0
0
0
0
0
0
0
0
0
0
0
0
0
0
0
0
0
0
0
0
0
0
0
0
0
0
0
0
0
0
0
0
0
0
0
0
0
0
0
0
0
0
0
0
0
0
0
0
0
0
0
0
0
0
0
0
0
0
0
-5.64064e-16
7.62003e-16
0
0
0
0
0
0
0
0
0
0
0
0
0
0
0
0
0
0
0
0
4.55048e-08
3.37239e-08
0
0
1.00246e-13
-6.39935e-15
0
0
0
0
0
0
0
0
0
0
0
0
0
0
0
0
0
0
0
0
0
0
0
0
0
0
0
0
0
0
0
0
0
0
0
0
0
0
0
0
0
0
0
0
0
0
0
0
0
0
0
0
0
0
0
0
0
0
-2.6377e-16
7.2485e-16
0
0
0
0
0
0
0
0
0
0
-1.35971e-15
0
0
0
0
0
0
0
0
0
0
0
0
0
0
0
0
0
0
0
0
0
0
0
0
0
0
0
0
0
0
0
0
0
0
0
0
0
0
0
0
0
0
0
0
0
0
0
0
0
0
0
0
0
0
-2.06345e-14
2.71266e-14
0
0
0
0
0
0
0
0
0
0
0
0
0
0
0
5.46915e-14
0
0
0
0
0
0
0
0
0
0
0
0
0
0
0
0
0
0
0
0
0
0
0
0
0
0
0
0
0
0
0
0
0
0
4.71612e-14
0
0
0
0
0
0
0
0
0
0
0
-1.2383e-14
5.31446e-15
0
0
0
0
0
0
0
0
0
0
0
0
0
0
0
0
0
0
0
0
0
0
0
0
0
0
0
0
0
0
0
0
0
0
0
0
0
0
0
0
0
0
0
0
0
0
0
0
0
0
0
0
0
0
0
0
0
0
0
0
0
0
0
0
0
0
0
0
1.63739e-15
0
0
0
0
0
0
0
0
-3.11438e-16
2.27051e-16
0
0
0
0
0
0
0
0
0
0
0
0
0
0
0
0
0
0
0
0
0
0
0
0
2.02001e-15
2.80057e-16
0
0
0
0
0
0
0
-6.46002e-17
0
0
0
0
0
0
0
0
0
0
0
3.47499e-15
1.6127e-14
0
0
0
0
0
0
0
0
0
0
0
0
0
0
0
0
0
0
0
0
0
0
0
0
0
0
-1.07894e-15
0
0
0
0
0
0
0
0
0
0
0
0
0
0
0
0
0
0
0
0
0
0
0
0
0
0
0
0
0
0
0
0
0
0
0
0
0
0
0
0
0
-5.57558e-16
0
0
-3.99309e-16
1.54522e-16
0
-1.87036e-16
0
0
0
0
0
0
0
0
0
0
0
0
0
0
0
0
0
0
1.40147e-16
0
2.28639e-16
0
0
0
0
0
0
0
0
0
0
0
0
0
0
0
0
0
0
0
0
0
0
0
0
0
0
0
0
0
1.03743e-14
2.40191e-14
0
0
0
0
0
0
0
0
0
0
0
0
0
0
0
0
0
0
0
-6.13163e-16
6.38692e-16
0
-1.6899e-15
0
0
0
0
0
0
0
0
0
0
0
0
0
0
0
0
0
0
-6.63986e-16
-1.94493e-16
0
0
0
0
0
0
0
0
0
0
0
0
0
0
0
0
0
0
0
0
0
0
0
0
0
0
0
0
0
6.14315e-16
-2.60724e-16
0
0
0
0
0
6.09258e-16
0
0
0
0
0
0
0
0
0
0
0
0
0
0
0
0
0
0
0
0
0
0
0
0
0
0
0
0
0
0
0
0
0
0
0
0
-8.4318e-17
0
0
0
-1.95923e-16
0
0
0
0
0
0
0
0
0
0
0
0
0
5.44741e-14
1.70689e-15
0
0
0
0
0
0
0
0
0
0
0
0
0
0
0
0
0
0
0
0
0
0
0
0
0
0
0
0
0
0
1.58113e-14
0
0
0
0
0
0
0
0
0
0
0
0
0
0
0
0
0
0
0
0
0
0
0
0
0
0
0
0
2.21328e-14
3.61309e-15
0
0
0
0
0
0
0
0
0
0
0
0
0
0
0
0
0
0
0
0
0
0
0
0
0
0
0
0
0
0
0
0
0
-1.91392e-16
0
7.42302e-17
0
0
0
0
0
0
0
0
0
0
0
0
0
0
0
0
0
0
0
0
0
0
0
0
0
0
3.47751e-15
1.72336e-14
0
0
0
0
0
0
0
1.11836e-16
0
0
0
0
0
0
0
0
0
0
0
0
0
0
0
0
0
0
0
0
0
0
0
0
0
0
0
0
0
0
0
0
0
1.0284e-14
0
3.353e-15
0
-3.5927e-16
0
0
0
0
0
0
0
0
0
0
0
0
0
0
0
0
0
0
0
0
0
0
0
0
0
0
0
0
0
0
0
0
0
0
0
0
0
0
0
0
0
0
0
0
0
0
0
0
0
0
0
0
0
0
0
0
0
0
0
0
0
0
0
0
0
0
0
0
0
0
0
0
0
0
0
0
0
0
0
0
0
0
0
0
0
0
0
1.4037e-15
0
0
0
-4.65163e-14
0
3.50194e-14
0
0
0
0
0
0
0
0
0
0
-1.43593e-14
6.72721e-16
0
0
0
0
0
0
0
0
0
0
0
0
0
0
0
0
0
0
0
0
0
0
0
0
0
0
0
0
0
0
0
0
0
0
0
0
0
0
0
0
0
0
0
0
0
0
0
0
0
2.55662e-16
-5.05461e-16
4.89356e-17
0
0
0
0
9.46006e-16
0
-7.73043e-16
0
0
0
0
0
0
0
0
0
0
0
0
0
0
0
0
0
0
0
0
0
0
0
0
0
0
0
0
0
-3.77338e-16
0
0
0
0
0
0
0
0
0
0
0
0
0
0
0
0
0
0
-1.16473e-15
0
0
0
0
0
0
0
2.2492e-16
-4.08532e-16
0
0
0
0
0
0
0
0
0
-8.3454e-15
-1.13516e-15
0
0
0
0
0
0
0
0
0
0
0
0
0
0
0
7.64741e-31
1.56613e-16
-4.36218e-14
1.31551e-13
-2.20395e-14
0
0
0
0
0
0
0
0
0
0
0
0
0
0
-3.71102e-15
2.44259e-15
-5.28172e-16
0
0
0
0
0
0
0
0
0
0
0
0
0
0
0
0
0
0
0
0
0
0
0
0
0
0
0
0
0
0
0
0
0
0
0
0
0
0
0
0
0
0
0
0
0
0
0
0
0
0
0
0
0
0
0
0
0
0
0
0
0
0
0
0
0
0
0
0
0
0
0
0
0
0
0
0
0
0
0
0
0
0
0
0
0
0
0
0
0
0
0
0
0
0
0
0
0
0
0
0
0
0
0
0
0
0
0
0
0
0
0
0
0
0
0
0
0
0
0
0
0
0
0
0
0
0
0
0
0
0
0
0
0
0
0
0
0
0
0
0
0
0
0
0
0
0
0
0
0
0
0
0
0
0
0
0
0
0
0
0
0
0
0
0
0
0
0
0
0
0
0
0
0
0
0
0
0
0
0
0
0
0
0
-2.75651e-16
0
0
0
0
0
0
0
0
0
0
0
0
0
0
0
0
0
0
0
0
0
0
0
0
0
0
0
0
0
0
0
0
0
0
0
0
0
0
0
0
0
0
4.1466e-14
-4.05087e-15
0
0
0
0
0
0
0
0
0
0
0
0
0
0
0
0
0
0
0
0
0
0
0
-6.79545e-16
0
-8.21166e-16
0
0
0
0
0
0
0
0
0
0
0
0
0
0
0
0
0
0
0
0
0
0
0
0
0
0
0
0
0
0
0
0
0
0
0
0
0
0
0
0
0
0
-2.64805e-16
0
0
0
0
0
0
0
0
0
0
0
0
0
0
0
0
2.15085e-15
-3.6645e-15
0
0
0
0
0
0
0
0
0
0
0
0
0
0
0
0
0
0
0
0
0
-6.79222e-16
0
0
0
0
0
0
0
0
-6.3217e-16
0
1.03397e-16
0
0
0
0
0
0
0
0
0
0
0
0
0
0
0
0
0
0
0
0
0
0
0
0
0
0
0
0
0
0
0
0
0
0
0
0
0
0
0
0
0
0
0
0
0
0
0
0
0
0
0
0
0
0
0
0
0
0
0
0
0
0
0
0
0
0
0
0
0
0
0
0
0
0
0
0
0
0
0
0
0
0
0
0
0
0
0
0
0
0
0
0
0
-2.26938e-16
-5.1652e-17
0
0
0
0
0
0
0
0
0
0
0
0
0
0
0
1.71387e-14
0
-1.7242e-14
0
0
0
0
0
0
0
0
0
0
0
0
0
0
0
0
0
0
0
0
0
0
0
0
0
0
0
0
0
-2.89535e-16
1.30157e-16
0
0
0
0
0
0
0
0
0
0
0
0
0
0
0
0
0
0
0
0
-2.21991e-15
2.53882e-15
0
0
0
0
0
0
0
0
0
0
0
0
0
0
0
0
0
0
0
0
0
0
0
0
0
0
0
0
0
0
0
0
0
0
0
0
0
0
0
-7.62084e-14
0
0
0
0
0
0
0
0
0
0
0
0
0
0
0
0
0
0
0
0
0
0
0
0
0
0
0
0
0
0
0
0
0
0
0
0
0
0
0
2.67824e-15
0
0
0
0
0
0
0
0
0
0
0
0
0
0
0
0
0
0
0
0
0
0
0
0
0
0
0
0
0
0
0
0
0
0
1.97955e-16
3.04942e-16
0
0
0
0
0
0
0
0
0
0
0
0
0
0
0
0
0
0
0
0
0
0
0
0
0
0
0
0
0
0
0
0
0
5.48812e-15
0
0
0
0
0
0
0
0
0
0
0
0
0
0
0
0
0
1.06439e-14
0
0
0
0
0
0
1.42561e-16
-4.71411e-16
0
0
0
0
0
0
0
0
0
0
0
0
0
0
0
0
0
0
0
0
0
0
0
0
0
0
0
0
0
0
0
0
0
0
0
0
0
0
0
0
-9.99478e-16
0
0
0
0
0
0
0
0
0
0
0
0
0
0
0
0
0
0
0
0
0
0
0
0
0
0
0
0
0
0
0
0
0
0
0
0
0
0
0
0
0
0
0
0
0
0
0
0
0
0
0
0
0
0
0
0
0
0
0
0
0
0
0
0
0
0
0
0
0
0
0
0
0
0
0
0
0
0
0
0
0
0
0
0
0
0
0
0
0
0
0
0
0
0
0
-8.0327e-16
1.25843e-15
0
1.32082e-16
0
0
0
0
0
0
0
0
0
0
0
0
0
0
0
0
0
0
0
0
0
0
0
0
0
0
0
0
0
0
0
0
0
0
0
0
0
0
0
0
0
0
0
-8.94454e-16
0
-9.85178e-16
0
0
0
0
0
0
0
0
0
0
0
0
0
0
0
0
0
0
0
0
0
0
0
0
0
0
0
0
0
0
0
0
0
0
0
0
0
3.16716e-15
0
0
0
0
0
0
0
0
0
5.05613e-14
0
0
0
0
0
0
0
0
0
0
0
0
0
0
0
0
0
0
0
0
0
0
0
0
0
0
0
0
0
0
0
0
0
0
0
0
0
0
0
0
0
0
0
0
0
0
0
0
0
0
0
0
0
0
0
0
0
0
0
0
0
0
0
0
0
0
0
0
0
0
0
0
0
0
0
0
0
0
0
0
7.76046e-16
0
0
0
0
0
0
0
0
0
0
0
0
0
0
-5.24361e-15
-1.23303e-14
0
0
0
0
0
0
0
0
0
0
5.80783e-16
1.25253e-15
0
0
0
0
0
0
0
0
0
0
0
0
0
0
0
0
0
0
0
0
0
0
0
0
0
0
0
0
0
0
0
0
0
0
0
0
4.20266e-15
9.4701e-15
0
0
0
0
0
5.15116e-16
0
0
0
0
0
0
0
0
0
0
0
0
0
0
0
0
0
0
0
0
0
0
0
0
0
-3.32159e-15
0
0
0
0
0
0
2.10248e-15
0
0
0
3.6891e-14
-3.9736e-15
0
0
0
0
0
0
0
0
0
0
0
0
0
0
0
0
0
0
0
0
0
0
0
0
0
0
0
0
0
0
-3.29264e-14
6.41634e-15
0
0
0
0
0
0
0
0
0
0
0
0
0
0
0
0
0
0
0
0
0
0
0
0
0
0
-4.97299e-14
0
0
0
0
0
0
0
0
0
0
0
0
0
0
0
0
0
0
2.80659e-15
2.23321e-14
0
0
0
0
0
0
0
0
0
0
0
0
0
0
2.43121e-15
0
0
0
0
-7.05732e-17
0
0
0
0
0
0
0
0
0
0
0
0
0
0
0
0
0
0
0
0
0
0
0
0
0
0
3.72628e-16
0
0
0
0
0
0
0
0
0
0
0
0
0
0
0
-4.05371e-08
0
0
0
0
0
0
0
0
0
0
0
0
0
0
0
0
0
0
0
0
0
0
0
0
0
0
0
0
0
0
0
0
0
0
0
0
0
0
0
0
0
0
0
0
0
0
0
0
0
0
0
0
0
0
0
-3.89709e-15
0
0
0
0
0
0
0
0
0
0
0
0
0
0
0
0
0
0
0
0
0
0
0
0
0
0
-2.02757e-15
0
0
0
0
0
0
0
0
0
0
0
0
0
-2.80438e-14
8.56034e-14
-1.463e-14
0
0
0
0
0
0
0
0
0
0
0
0
0
1.49931e-15
0
0
0
0
0
0
0
0
0
0
0
0
0
0
0
0
0
0
0
0
0
0
0
0
0
0
-1.51774e-15
0
0
0
0
0
0
0
0
0
0
0
0
0
0
0
0
0
0
0
0
0
0
0
0
0
0
1.59321e-32
-1.52605e-15
0
0
0
0
0
0
0
0
3.09822e-16
0
-9.12191e-15
0
0
0
0
0
0
0
0
0
0
0
0
0
0
0
0
0
0
0
0
0
0
-3.42604e-16
0
0
0
0
0
1.95305e-15
-7.46523e-14
0
0
0
0
0
0
0
0
0
0
0
0
0
0
0
0
0
0
0
0
0
0
0
0
0
0
0
0
0
0
0
0
0
0
0
0
0
0
0
0
0
0
0
0
0
0
4.7754e-15
-7.53932e-15
0
0
0
0
0
0
0
0
0
0
0
0
0
0
2.72585e-14
0
0
0
0
0
0
0
0
0
0
0
0
0
0
0
0
0
0
0
0
0
0
0
0
0
0
0
0
0
0
0
0
0
0
0
0
0
0
0
0
0
0
0
0
0
0
0
0
0
0
0
0
0
0
0
0
0
0
0
0
0
0
0
0
0
0
0
0
-7.97422e-17
0
4.48531e-14
0
0
0
0
0
5.75351e-14
0
0
0
0
0
0
0
0
0
0
0
0
0
0
0
0
0
0
0
0
0
0
0
0
0
0
0
0
0
0
0
0
0
-7.48164e-16
4.07931e-15
0
0
0
0
0
0
0
0
0
0
0
0
0
0
-9.92936e-15
0
0
0
0
0
0
0
0
0
0
0
0
0
0
0
0
0
0
0
0
0
0
0
-4.85973e-17
0
0
0
0
0
0
0
0
0
0
0
0
0
0
0
0
0
0
0
0
0
0
0
0
0
0
0
0
0
0
0
0
0
0
0
0
0
0
0
0
0
0
0
0
0
0
0
0
0
0
0
0
0
0
0
0
0
0
0
0
0
0
0
0
0
0
0
0
0
0
0
0
0
-8.46451e-17
0
0
0
0
0
0
0
0
0
0
7.12279e-15
-2.88107e-14
-1.63718e-16
0
0
0
0
0
0
0
0
0
0
0
0
0
0
0
0
0
0
0
0
0
0
0
0
0
0
0
0
0
0
0
0
0
0
0
5.97001e-16
0
0
0
0
-1.2845e-14
0
8.9801e-15
0
0
0
0
0
0
0
0
0
0
0
0
0
0
0
0
0
0
0
0
0
0
0
0
0
0
0
0
0
0
0
0
-8.78951e-14
0
0
0
0
0
0
0
0
0
0
0
0
0
0
0
-1.33494e-17
0
-3.52127e-14
0
0
0
0
0
0
0
-8.01521e-15
0
0
0
0
0
0
0
0
0
0
0
0
0
0
5.01861e-31
2.13083e-16
0
0
7.11319e-15
1.29085e-14
0
0
0
0
0
0
-2.97478e-14
7.09327e-14
0
0
0
0
0
0
0
0
0
0
0
0
0
0
0
0
0
0
0
0
0
0
0
0
0
0
0
0
-3.35163e-16
0
0
0
0
0
0
0
0
0
0
0
0
0
0
0
0
0
0
0
0
0
2.97016e-14
6.44682e-15
0
0
0
0
0
0
0
0
0
0
0
0
0
0
0
1.37158e-15
0
0
0
0
0
0
0
0
0
0
0
0
0
0
0
0
0
0
0
0
0
0
0
0
0
0
0
0
0
0
0
-1.63534e-15
-4.63407e-14
0
0
0
0
0
0
0
0
0
0
0
0
0
-1.17878e-14
0
0
0
0
0
0
0
0
0
0
0
0
0
0
-2.34565e-15
4.34648e-14
0
0
0
-1.40711e-16
0
0
0
0
0
0
0
0
0
0
0
0
0
0
0
0
0
0
0
0
0
0
0
0
0
0
0
0
0
0
0
0
0
0
0
0
0
0
0
0
0
0
0
0
0
0
0
0
0
0
1.51525e-15
1.66793e-15
0
0
0
6.05148e-16
0
0
0
-4.54224e-15
0
0
0
0
0
0
0
0
0
0
0
0
0
0
0
0
0
-1.19366e-16
0
0
0
0
0
0
0
0
0
0
0
0
0
0
0
8.40973e-14
0
0
0
0
0
0
0
0
-5.96651e-14
0
0
0
0
0
0
0
0
0
0
0
0
0
0
0
0
0
0
0
0
0
0
0
0
0
0
0
0
0
-5.55837e-15
0
0
0
0
0
0
0
0
0
0
0
0
0
0
0
0
0
0
0
0
0
0
0
0
0
0
0
0
0
0
0
0
0
0
0
0
0
0
0
0
0
0
0
0
0
0
0
0
4.22095e-14
0
0
0
0
0
0
0
0
0
0
0
0
0
0
0
0
0
0
0
0
0
0
0
0
0
0
0
0
0
0
0
0
0
0
0
0
0
0
0
0
-8.9141e-16
0
0
0
0
0
0
0
4.49068e-14
4.63618e-14
0
0
0
0
0
0
0
0
0
0
0
0
0
0
0
0
0
0
0
-6.81511e-14
0
1.62271e-14
0
0
0
0
0
0
0
0
0
0
0
7.16378e-15
0
0
0
0
0
0
0
0
0
0
-1.49205e-14
0
0
0
0
0
0
5.34925e-14
0
-9.61136e-14
0
0
0
0
0
0
3.23405e-14
0
-7.23472e-14
0
1.97981e-15
0
0
0
1.81548e-14
4.76105e-14
-9.72908e-14
0
0
0
0
0
0
0
0
0
0
0
0
0
0
0
0
0
0
0
0
0
0
0
0
0
0
0
0
-3.26544e-14
0
0
0
0
0
0
0
0
0
0
0
0
0
0
0
0
1.42541e-14
0
0
0
0
0
0
0
0
0
0
0
0
0
0
0
0
0
0
0
0
0
0
0
0
0
0
0
0
0
0
0
0
0
0
0
0
0
0
0
0
0
0
0
0
0
0
0
0
0
0
0
0
0
0
0
0
0
0
9.16737e-15
0
0
2.93807e-15
0
0
0
0
0
0
0
0
0
0
0
0
0
0
0
0
0
0
0
0
0
-1.3115e-14
0
0
0
0
0
0
0
0
6.45986e-14
0
0
0
0
0
1.55761e-16
2.40355e-16
0
0
0
0
0
0
0
0
0
0
0
0
0
0
0
-2.79267e-14
2.02663e-16
0
0
0
0
0
0
0
1.87806e-16
0
0
0
0
0
0
0
0
0
0
0
0
0
0
0
0
0
0
0
0
0
0
0
0
0
0
0
0
0
0
0
0
0
0
0
0
0
0
0
0
0
1.03509e-16
-4.42074e-16
0
0
0
0
0
0
0
0
0
0
0
0
0
0
-2.75666e-16
0
0
0
0
0
0
0
0
0
0
0
0
0
0
0
0
0
0
0
0
0
0
0
0
0
0
0
0
0
0
0
0
0
0
0
0
0
0
0
0
0
0
0
0
0
0
0
0
0
0
0
0
0
0
0
-7.17103e-14
-3.09262e-14
-5.45055e-14
0
-1.74395e-14
0
0
0
2.92272e-15
0
0
0
0
0
0
0
0
0
0
0
0
0
0
0
0
0
0
0
0
-3.45638e-16
-3.32051e-16
0
0
0
0
0
0
0
0
0
0
0
0
0
0
0
0
0
0
0
0
0
0
0
0
0
0
0
0
0
0
0
0
0
0
0
0
0
0
0
0
0
0
0
0
0
0
0
0
0
0
0
8.75658e-17
4.37282e-17
0
0
0
0
0
0
0
0
0
0
0
0
0
0
0
0
0
0
0
0
0
0
0
0
0
0
0
0
0
0
0
0
0
0
0
0
0
0
0
0
0
0
0
0
0
0
0
0
0
0
0
0
0
0
0
0
0
0
0
0
0
0
0
0
0
0
0
0
0
0
0
0
0
0
4.64317e-14
0
1.77437e-14
0
0
0
0
0
0
0
0
0
0
0
-3.67369e-17
-1.55783e-16
0
0
0
0
0
0
0
0
-1.45562e-16
0
0
0
0
0
0
0
0
0
0
0
1.34718e-14
0
0
0
0
0
0
0
0
0
0
0
0
0
0
0
0
0
0
0
0
4.77759e-16
5.74332e-16
0
0
0
0
0
-2.13308e-16
0
0
0
0
0
0
0
0
0
0
0
0
0
0
0
0
0
0
0
0
0
0
0
0
0
0
0
0
0
0
0
0
-7.97882e-17
-9.52416e-17
0
0
0
0
0
0
0
0
0
0
0
0
2.51497e-14
4.62521e-14
0
0
0
0
0
0
0
0
0
0
0
0
0
0
0
0
0
3.52175e-14
0
0
0
3.13921e-16
0
0
0
0
0
0
0
0
0
0
0
0
0
0
0
0
0
0
-3.20406e-16
0
0
0
0
0
0
0
0
0
0
0
0
0
0
0
0
0
0
7.67302e-16
0
0
0
0
0
0
0
0
0
0
0
0
0
0
0
0
0
0
0
0
0
0
0
-1.81286e-16
0
0
0
0
0
0
0
-3.78068e-14
0
0
0
0
0
0
0
0
0
0
0
0
0
0
0
0
0
0
0
0
0
0
0
0
-7.84207e-17
-4.74324e-16
0
0
0
0
0
0
0
0
0
0
0
0
0
0
0
0
0
0
0
0
0
0
0
0
4.18498e-16
-2.16403e-16
0
0
0
0
0
0
0
0
0
0
0
0
0
0
-1.37123e-16
0
0
0
0
0
0
0
0
0
0
0
0
0
0
0
0
0
0
0
0
0
0
0
0
0
0
0
0
0
0
0
0
0
0
0
0
0
0
0
0
0
0
0
0
0
0
0
0
0
0
0
0
0
0
0
0
0
0
0
0
0
0
0
0
0
0
0
0
0
2.27575e-16
0
0
0
0
0
0
0
0
0
0
0
0
0
0
0
-1.04504e-16
0
0
0
0
0
0
0
0
0
0
0
0
0
0
0
0
0
0
4.74406e-16
-6.23162e-17
0
0
0
0
0
0
0
0
0
0
0
0
0
0
0
0
0
0
0
0
0
0
0
0
0
0
0
0
0
0
0
0
0
0
0
0
0
0
0
0
0
0
0
0
0
0
0
0
0
0
0
0
0
0
0
0
0
0
0
0
0
0
0
0
0
0
0
0
0
0
0
-4.74456e-15
-1.41756e-14
0
0
0
0
0
0
0
0
0
0
0
-7.14377e-16
0
0
0
0
0
-7.11583e-15
0
0
0
0
0
0
0
0
0
0
0
0
0
0
0
0
-4.53331e-14
2.58701e-14
0
0
0
0
0
0
0
0
0
0
0
0
0
0
0
0
0
0
0
0
0
-2.78348e-14
0
0
0
0
-1.75144e-16
-8.0848e-16
0
0
0
0
0
0
0
0
0
0
0
0
0
0
0
0
0
0
0
0
0
0
0
0
0
0
0
0
0
0
0
0
0
0
0
0
0
0
0
0
0
0
0
0
0
0
0
0
0
0
0
0
0
0
0
0
0
0
0
0
0
0
0
0
0
0
0
0
0
0
0
-8.55235e-16
1.06734e-15
0
0
0
0
0
0
0
0
0
0
0
0
-2.00721e-16
0
0
0
0
0
0
0
0
0
0
0
0
0
0
0
0
0
0
0
0
0
0
0
0
0
0
0
0
0
0
0
0
0
1.72632e-14
-1.9574e-15
-8.21192e-16
0
0
0
0
0
0
0
0
0
0
0
0
0
0
0
0
0
0
0
0
0
0
0
0
0
0
0
0
0
0
0
0
0
0
0
0
0
0
0
0
0
0
0
0
0
0
0
0
0
0
0
0
0
0
0
0
0
0
0
-6.19579e-16
3.70905e-16
0
0
0
0
0
0
0
0
0
0
0
0
0
0
0
0
0
0
0
0
0
0
0
0
0
0
0
0
0
0
0
0
0
0
0
0
0
0
0
0
6.61685e-16
0
0
0
0
0
0
0
0
0
0
0
0
0
0
0
0
0
0
0
0
0
0
0
0
0
0
0
0
0
0
0
0
0
0
0
0
0
0
0
0
0
0
0
0
0
0
0
0
0
0
0
0
0
0
0
0
0
0
0
0
0
0
0
0
0
0
0
0
0
0
0
0
0
0
0
0
0
0
0
0
0
0
0
0
0
0
-1.05575e-16
0
0
0
0
0
0
0
0
0
0
0
0
0
0
0
0
0
0
0
0
0
0
0
0
0
0
0
0
0
0
0
0
0
0
0
0
0
0
0
0
0
-4.10584e-14
0
0
0
0
0
0
0
0
0
0
0
0
0
0
6.56743e-16
0
0
0
0
0
0
4.51531e-14
0
0
0
0
0
0
0
0
0
0
0
0
0
0
0
0
0
0
0
0
0
0
0
0
0
0
0
0
0
0
0
0
0
0
0
0
0
0
0
0
0
0
0
0
-2.30339e-16
0
2.95275e-16
4.11048e-30
0
0
0
0
0
0
0
0
0
0
0
0
0
0
0
0
0
0
0
-1.0485e-15
0
0
0
0
0
0
0
0
0
0
0
0
0
-4.6093e-16
0
0
0
0
0
0
0
0
0
0
0
0
0
0
0
0
0
0
0
0
0
-1.99348e-15
0
0
0
0
0
0
0
0
0
0
0
0
0
0
0
0
0
0
0
0
0
0
0
0
0
0
0
0
0
0
0
0
0
0
0
0
0
0
0
0
0
0
0
0
0
0
0
0
0
0
0
0
0
0
0
0
0
0
0
0
0
0
0
0
0
0
0
0
0
0
0
0
0
0
0
0
0
0
0
0
0
0
0
0
0
0
0
0
0
0
0
0
0
0
0
0
0
0
0
0
0
0
0
0
0
0
0
0
0
0
0
0
0
0
0
0
0
0
0
0
0
0
0
0
0
0
0
0
0
0
0
0
0
0
0
0
0
0
0
0
0
0
0
0
0
0
2.19711e-15
0
0
0
0
0
0
0
0
0
0
0
0
0
7.86219e-16
0
0
0
0
0
0
0
0
0
0
0
0
-1.33996e-14
0
0
0
0
0
0
0
0
0
0
0
0
0
0
0
0
7.68716e-15
8.20159e-14
0
0
0
0
-1.15283e-15
0
9.63994e-17
0
0
0
0
0
0
0
0
0
0
0
0
0
0
0
0
0
0
0
0
0
0
0
0
1.26848e-14
-2.42062e-14
0
0
0
0
0
0
0
0
0
0
0
0
0
0
0
0
0
0
0
0
0
0
0
0
0
0
0
0
0
0
0
0
0
0
0
0
0
0
0
0
0
0
0
0
0
0
0
0
0
0
0
0
0
0
0
0
0
0
0
0
0
0
0
0
0
0
0
0
0
4.63558e-16
0
0
0
0
0
0
0
0
0
0
0
0
0
0
0
0
0
0
0
0
0
0
0
0
0
0
0
0
0
0
0
0
0
0
0
0
0
0
0
0
0
0
0
0
0
0
0
0
0
0
0
0
0
0
0
0
0
0
0
0
0
0
0
0
0
0
0
0
0
0
0
0
0
0
0
0
0
0
0
0
0
0
0
0
0
0
0
0
0
0
0
0
0
0
0
0
0
0
0
-2.83315e-14
0
3.27589e-14
0
0
0
0
0
0
0
0
1.61168e-15
0
-7.53938e-15
0
0
0
0
0
0
0
0
0
0
0
0
0
0
0
0
0
0
0
0
0
0
0
4.4216e-15
0
0
0
0
0
0
0
0
0
0
0
0
0
0
0
0
0
0
0
0
0
0
0
0
0
0
0
0
0
0
0
0
0
0
0
0
0
0
0
0
0
0
0
0
0
0
0
0
0
0
0
0
0
0
0
0
0
0
0
0
0
2.83582e-14
0
0
0
0
0
0
0
0
0
0
3.49065e-14
-3.93584e-14
0
0
0
0
0
0
0
0
0
0
0
0
0
0
0
0
0
0
0
0
0
0
0
0
0
0
0
0
0
0
0
0
0
0
0
1.08196e-15
0
-1.45577e-15
0
0
0
0
0
0
0
0
0
0
0
0
0
0
0
0
0
0
0
0
0
0
0
0
0
0
0
0
-2.57394e-17
0
0
0
0
0
0
0
-2.36673e-15
0
0
0
0
0
0
0
0
0
0
0
2.34856e-14
0
-7.03235e-14
0
0
0
0
0
0
0
0
0
0
0
0
0
0
0
0
0
0
0
0
0
0
0
0
5.1381e-31
0
0
0
0
0
0
0
0
0
0
0
0
0
0
0
1.72244e-16
0
0
0
0
0
0
0
0
0
0
0
0
0
0
0
0
0
0
0
0
0
0
0
0
0
0
0
0
0
0
0
0
0
0
0
0
0
0
0
0
0
0
0
0
0
0
0
0
0
0
-2.94196e-14
-3.7376e-14
0
0
0
0
0
0
0
0
0
0
0
0
0
0
0
0
0
0
0
0
0
4.6684e-15
3.97983e-14
0
0
0
0
0
0
0
0
0
0
0
0
0
0
0
0
0
0
0
0
0
0
0
0
0
0
0
0
0
0
0
0
0
0
0
0
0
0
0
0
0
0
0
0
0
0
0
0
0
0
0
0
0
0
0
0
0
0
0
0
0
0
0
0
0
0
0
0
0
0
0
0
0
0
0
0
-4.92675e-15
0
0
0
0
0
0
0
0
0
0
0
0
0
0
0
0
0
0
0
0
0
0
0
0
0
0
0
0
0
0
0
0
0
0
0
0
0
0
0
0
-9.18902e-14
0
1.73132e-14
0
0
0
0
0
0
0
0
0
0
0
0
0
0
7.63094e-14
0
2.3752e-14
0
0
0
0
0
0
0
0
0
0
0
0
0
0
0
0
0
0
0
0
0
-1.22272e-14
0
0
0
0
0
-1.17981e-14
0
0
0
0
0
0
0
2.49477e-15
0
0
0
0
0
0
0
0
0
0
0
0
0
0
0
0
0
0
0
0
0
0
0
0
0
0
0
0
0
0
0
0
0
0
0
0
0
0
0
0
0
0
0
0
4.4064e-14
0
0
0
0
0
0
0
0
0
0
0
0
0
-2.86008e-14
0
0
0
0
0
0
0
0
0
0
0
0
8.50219e-15
-5.11057e-15
0
0
0
0
0
0
0
0
0
0
0
0
0
0
0
0
0
0
0
0
0
0
-4.79124e-16
0
-3.28889e-15
0
0
0
0
0
0
0
0
-2.82872e-15
0
3.73379e-16
0
0
0
0
0
0
0
0
0
0
0
0
0
0
0
0
0
0
0
0
0
0
0
0
0
0
0
0
0
0
0
0
0
0
0
0
0
0
0
0
0
0
0
0
0
0
0
0
0
0
0
0
0
0
0
0
0
0
0
0
0
0
0
0
0
0
-2.13528e-15
0
0
0
0
0
0
0
0
0
0
0
0
0
0
0
0
0
0
0
0
0
0
1.70775e-15
0
0
0
0
0
-3.00766e-15
0
0
0
0
0
0
0
0
0
0
1.50743e-15
0
0
0
0
0
0
0
0
0
0
0
0
0
0
0
0
0
0
0
0
0
0
0
0
0
0
6.65468e-16
1.35938e-15
0
0
0
0
0
0
0
0
0
0
0
0
0
0
0
0
0
0
0
0
0
0
0
0
0
0
0
0
0
0
0
0
0
0
0
0
0
0
0
0
0
0
0
0
0
0
0
0
0
0
0
0
0
0
0
-4.91834e-18
0
0
0
0
0
0
0
0
0
0
0
0
0
0
0
0
0
0
0
0
0
0
0
0
0
0
0
0
0
0
0
0
0
0
0
0
0
-4.09455e-30
0
0
0
0
0
0
0
0
0
0
0
0
0
0
0
0
0
0
0
0
0
0
6.60172e-17
-7.90552e-16
-4.00744e-15
0
0
0
0
0
0
0
0
0
0
0
0
0
0
0
0
0
0
0
0
0
0
0
0
0
0
0
0
0
0
0
0
0
0
0
0
0
0
0
0
0
0
0
0
0
0
0
0
0
0
0
0
0
0
0
0
0
0
0
0
0
0
0
0
0
0
0
0
0
0
0
0
0
0
0
0
0
0
0
0
0
0
0
0
0
0
0
0
0
0
0
0
0
0
0
0
0
0
0
0
0
0
0
0
0
0
0
0
0
0
0
0
0
0
0
0
0
0
0
0
0
0
0
0
0
0
0
0
0
0
0
0
0
0
0
0
0
0
0
0
0
0
0
0
0
-6.845e-14
2.52151e-15
0
0
3.59881e-14
-1.86637e-14
0
0
0
0
-1.55644e-14
1.59672e-14
0
0
0
0
0
-7.17891e-14
1.06057e-13
0
0
0
0
0
0
0
0
0
0
0
0
0
0
0
0
0
0
0
0
0
0
0
0
0
0
0
0
0
0
0
0
0
0
0
0
0
0
0
0
0
0
0
0
0
0
0
0
0
0
0
0
0
0
0
0
0
0
0
0
-1.2796e-16
0
0
0
0
0
0
0
0
0
0
0
0
0
0
0
0
0
0
0
0
0
0
0
0
0
0
0
0
0
-9.1897e-15
-1.17259e-13
0
1.29518e-16
0
0
0
7.94695e-14
0
-2.2546e-14
-8.42868e-15
4.08011e-14
0
0
0
0
-3.39277e-16
0
0
0
0
0
0
0
0
0
0
0
0
-3.40427e-16
0
0
0
0
0
0
0
0
0
0
0
0
0
0
0
-9.76362e-16
0
0
0
0
0
0
0
0
0
0
0
0
0
0
-1.27686e-16
2.63577e-16
0
0
0
0
0
0
0
-1.27058e-16
0
0
0
1.94402e-16
0
0
0
0
0
0
0
-7.16425e-16
0
0
0
0
0
0
0
0
0
0
-1.27213e-16
0
0
-2.58717e-14
0
0
0
0
0
0
0
0
0
0
0
0
0
0
0
0
0
0
0
0
0
0
0
0
0
0
0
-1.93561e-16
0
0
0
0
0
0
0
0
0
0
0
0
0
0
0
0
0
1.52929e-16
0
0
0
0
0
0
0
0
0
0
0
0
0
0
0
4.35694e-17
0
0
0
0
0
0
0
0
0
-3.8495e-16
0
0
0
0
0
0
0
0
0
0
0
2.82268e-14
0
0
0
0
0
0
0
0
0
0
0
0
0
0
0
0
0
0
0
0
0
0
0
0
0
0
0
0
0
0
0
0
0
0
0
0
0
0
0
0
0
0
0
0
0
0
0
0
0
0
0
0
0
0
0
0
0
0
0
0
0
0
0
0
0
0
0
0
0
0
0
0
0
0
0
0
0
0
0
0
0
0
0
0
0
0
0
0
0
0
0
0
0
0
0
0
0
0
0
0
0
0
0
0
0
0
0
0
0
0
0
0
0
0
0
0
0
0
0
0
0
0
0
0
0
0
0
0
0
0
0
0
0
0
-1.31161e-16
0
0
0
1.18832e-17
0
0
0
0
0
0
0
0
0
0
0
0
0
0
0
0
0
0
0
0
0
0
0
0
0
0
0
0
0
0
0
0
0
0
0
0
0
0
0
0
0
0
0
0
0
0
0
0
0
0
0
0
0
0
0
0
0
0
-3.52632e-14
0
0
0
0
0
0
0
0
0
0
0
0
0
0
0
0
0
0
0
0
0
0
0
0
0
0
0
0
0
0
0
0
0
0
0
0
0
0
0
0
0
0
0
0
0
0
0
3.38832e-14
0
0
0
0
0
0
0
0
-2.05408e-16
0
0
0
0
0
-8.67613e-15
0
-5.05179e-15
0
0
0
0
0
0
0
0
0
0
-7.41942e-16
0
0
0
0
0
0
0
0
0
0
0
-2.21098e-16
0
0
0
0
0
0
0
0
0
0
0
0
0
0
0
0
0
0
0
0
0
0
0
0
0
0
0
0
-1.25087e-15
0
0
0
0
0
0
0
0
0
0
0
0
0
0
0
0
0
0
0
0
0
0
0
0
0
9.76993e-16
0
0
0
0
0
0
0
0
0
0
-4.78691e-15
0
2.11146e-15
0
0
0
0
0
0
0
0
0
0
0
0
0
0
0
0
0
0
0
0
0
0
1.98359e-15
0
0
0
0
0
0
0
0
0
0
0
0
0
0
0
0
0
0
0
0
0
0
0
0
0
0
0
0
0
0
0
0
0
0
0
0
0
0
0
0
0
0
0
0
0
0
0
0
0
0
0
0
0
0
0
0
0
0
0
0
0
0
0
0
0
0
0
0
0
0
0
0
0
0
0
0
0
0
0
0
0
0
0
5.14004e-17
0
0
0
0
0
0
0
0
0
-1.38344e-13
0
0
0
0
0
0
0
0
0
0
-7.81591e-16
0
0
0
0
0
0
0
0
0
0
0
0
0
0
0
0
0
0
0
0
0
0
0
0
0
0
-2.99231e-16
-1.02169e-16
0
0
0
0
0
0
-1.09503e-14
0
0
0
0
0
0
0
0
0
0
0
0
0
0
0
0
0
0
0
0
0
1.84671e-15
-6.54091e-15
0
0
0
0
0
0
0
0
0
0
0
0
0
0
0
0
0
0
0
0
0
0
0
0
0
0
0
0
0
0
0
0
0
-9.78687e-15
0
0
0
0
0
0
0
0
0
0
0
0
0
0
0
0
0
0
0
0
0
0
0
0
0
0
0
0
0
0
0
0
0
2.23557e-14
0
4.40289e-15
0
0
0
0
-2.72361e-15
0
0
0
0
0
0
0
0
1.93371e-16
0
0
0
0
0
0
0
0
0
0
0
0
0
0
0
0
0
0
0
0
0
0
0
0
0
0
0
0
0
0
0
0
0
0
0
0
0
0
0
4.85976e-14
-1.73507e-14
0
0
0
0
0
0
0
0
0
0
2.76617e-16
0
0
0
0
0
0
0
0
0
0
0
0
0
0
0
0
0
0
0
0
0
0
0
0
0
0
0
0
0
0
0
0
0
0
0
0
0
0
0
0
0
0
0
-5.92307e-14
0
2.48458e-15
0
0
0
0
0
0
0
0
0
0
0
0
0
0
0
0
0
0
0
0
0
2.32098e-16
0
0
0
0
0
0
0
0
0
0
0
0
0
0
0
0
0
0
0
0
0
0
0
0
0
0
0
0
0
0
0
0
0
0
0
0
-1.64419e-29
-4.04149e-15
0
0
0
0
0
0
0
0
0
0
0
0
0
3.22094e-14
-1.91063e-15
0
0
0
0
-4.05113e-14
0
0
0
0
0
0
0
0
0
0
0
0
0
0
0
0
0
0
0
0
0
0
0
0
0
0
0
0
0
0
0
0
0
0
0
1.59474e-15
-6.23645e-14
0
0
0
0
-4.20511e-15
0
0
0
0
0
0
0
0
1.05696e-15
-1.46941e-14
0
0
0
0
0
0
0
0
0
0
0
0
0
0
0
0
0
0
0
0
0
0
0
0
0
0
-3.05511e-14
0
0
0
0
0
0
0
0
0
0
0
0
-3.73137e-14
6.03259e-15
0
0
0
0
0
0
0
0
0
0
-1.80648e-14
0
0
0
0
2.07325e-17
0
0
0
0
0
0
0
0
0
0
0
0
0
0
0
0
0
0
0
0
0
0
0
0
0
0
0
0
0
0
0
6.52862e-17
0
0
0
0
0
0
0
0
0
0
0
0
0
0
0
0
0
0
0
0
0
0
2.87588e-14
0
0
0
0
0
0
0
0
0
-8.34334e-14
0
0
0
0
0
0
0
0
0
0
0
0
0
0
0
0
-8.30709e-16
0
0
0
0
0
0
0
0
0
0
0
0
0
0
0
0
0
0
0
0
0
0
0
0
0
0
0
0
0
0
0
0
0
0
0
0
6.64133e-14
-3.98317e-14
0
0
0
0
0
-7.99946e-15
0
1.09843e-13
0
0
0
0
0
0
0
0
0
0
0
0
0
0
0
0
0
0
0
6.8321e-14
0
4.62924e-15
0
0
0
0
0
0
-8.3187e-16
0
0
0
0
0
0
0
0
0
0
0
0
0
0
0
0
0
0
0
0
0
0
0
0
0
0
0
0
0
0
0
0
0
0
0
0
0
0
0
0
0
0
0
0
0
0
0
0
0
0
0
0
0
0
0
0
0
0
0
0
0
0
0
0
0
0
0
0
0
0
0
0
0
0
0
0
0
0
0
0
0
0
0
0
0
0
0
0
0
0
0
0
0
0
0
0
0
0
0
0
0
0
0
0
0
0
0
0
0
0
0
0
0
0
0
0
0
0
0
0
0
0
0
0
-4.64171e-15
7.66288e-16
0
0
0
0
0
0
0
0
0
0
0
0
0
0
0
0
0
0
0
0
0
0
0
0
0
0
-4.77963e-32
0
4.0468e-14
-3.47199e-14
0
0
0
0
0
0
0
0
0
0
6.57677e-29
3.75052e-08
4.17235e-08
4.2028e-08
3.72007e-08
4.43853e-08
3.48434e-08
3.86916e-08
3.97505e-08
3.94782e-08
3.86646e-08
4.05641e-08
3.96143e-08
3.96143e-08
3.69653e-08
4.05434e-08
3.86853e-08
3.96143e-08
3.37195e-08
4.07788e-08
3.84498e-08
3.89748e-08
4.02539e-08
4.05822e-08
3.86464e-08
4.00012e-08
3.92275e-08
4.15335e-08
3.96722e-08
3.95565e-08
4.4569e-08
3.46597e-08
3.96143e-08
3.96143e-08
3.65154e-08
4.27133e-08
3.96143e-08
3.96143e-08
4.1766e-08
3.74626e-08
3.96143e-08
3.96143e-08
3.96143e-08
3.96143e-08
3.96143e-08
3.96143e-08
5.09023e-08
2.83264e-08
3.98018e-08
3.76012e-08
4.16275e-08
4.5693e-08
3.35357e-08
0
0
0
0
0
0
-3.83211e-14
0
-7.54867e-14
0
0
0
0
0
0
0
0
0
0
0
0
0
0
0
0
0
0
0
0
0
0
0
0
0
-1.99544e-15
0
0
0
-2.88196e-15
0
0
0
0
0
0
0
0
0
0
0
0
0
0
0
0
0
0
0
0
0
0
2.17671e-14
0
0
0
0
0
0
0
0
0
0
0
0
3.76983e-08
4.15304e-08
0
0
4.18029e-08
3.74258e-08
3.96234e-08
3.96053e-08
3.96143e-08
3.96143e-08
3.96143e-08
3.96143e-08
0
0
0
0
-3.46633e-16
0
3.93506e-08
3.98781e-08
4.1017e-08
3.82117e-08
4.18489e-08
3.73798e-08
3.61936e-08
4.30351e-08
4.9102e-08
3.01267e-08
0
0
4.63651e-08
3.28636e-08
3.96143e-08
3.96143e-08
3.96143e-08
3.96143e-08
0
0
3.98742e-08
3.93545e-08
0
0
4.0424e-08
3.88047e-08
3.96143e-08
3.96143e-08
3.96143e-08
3.96143e-08
0
0
0
0
0
0
0
0
0
4.37793e-08
3.54494e-08
0
0
3.96143e-08
3.96143e-08
0
0
0
3.96143e-08
3.96143e-08
0
0
0
0
0
-1.19838e-14
0
0
0
0
0
0
3.96143e-08
3.96143e-08
0
3.94203e-08
3.98084e-08
0
0
0
0
0
0
-2.34528e-16
0
0
0
0
0
5.63919e-14
0
2.25538e-16
0
0
3.52719e-17
3.92945e-08
3.99342e-08
0
0
0
4.65557e-08
3.2673e-08
0
4.40651e-08
3.51636e-08
0
0
0
3.96687e-08
3.956e-08
3.96143e-08
3.96143e-08
0
4.92388e-08
2.99899e-08
0
0
0
0
0
0
0
0
0
0
0
0
0
0
3.95652e-08
3.96635e-08
0
0
0
0
0
0
0
0
3.96143e-08
0
0
3.96143e-08
3.96143e-08
0
0
0
3.69304e-14
5.30218e-08
2.62069e-08
0
0
0
3.78571e-08
4.13715e-08
3.96143e-08
3.96143e-08
0
0
4.54334e-08
3.37953e-08
0
0
0
0
0
0
0
0
0
0
0
0
0
5.10626e-08
2.81661e-08
0
0
0
0
4.80878e-08
3.11409e-08
3.96143e-08
3.96143e-08
0
0
0
0
0
0
0
0
0
0
4.33776e-08
3.58511e-08
0
0
0
3.96143e-08
3.96143e-08
0
0
0
0
0
3.82448e-08
4.09839e-08
0
0
0
0
5.09339e-08
2.82948e-08
0
0
0
0
0
0
0
0
0
3.96143e-08
3.96143e-08
0
0
3.96143e-08
3.96143e-08
0
0
0
0
0
0
0
0
0
0
0
0
0
0
0
0
0
0
0
0
0
0
0
0
0
0
0
0
0
0
0
0
0
0
0
4.01173e-08
3.91113e-08
0
0
0
0
0
0
0
0
0
0
9.51442e-16
0
0
0
0
0
0
0
0
0
0
3.96143e-08
3.96143e-08
0
3.96143e-08
0
0
0
0
0
0
0
0
0
0
0
0
0
0
0
0
0
0
0
0
-1.1304e-15
0
0
0
0
0
0
0
0
0
0
0
0
0
0
0
3.96143e-08
3.96143e-08
0
0
0
0
0
0
0
0
0
0
0
0
0
0
0
0
0
0
0
0
0
0
0
3.85012e-08
4.07275e-08
3.93193e-08
3.99094e-08
0
0
0
0
0
0
0
0
0
0
0
0
0
0
0
0
0
9.98233e-15
0
0
0
0
0
0
3.30452e-14
-1.07819e-15
3.85446e-08
4.06841e-08
0
0
0
0
0
0
0
0
0
3.09479e-15
3.84925e-15
0
0
0
0
0
0
0
0
0
0
0
0
0
0
0
0
0
0
0
0
2.22193e-14
0
0
0
0
0
3.91047e-08
4.01239e-08
3.96143e-08
3.96143e-08
0
1.8393e-15
-6.39205e-16
0
0
0
0
0
0
0
0
0
0
0
0
0
0
0
0
0
0
0
0
0
0
0
0
0
0
0
0
0
0
0
0
0
0
0
0
0
0
0
0
0
0
0
0
0
0
0
0
0
0
0
0
0
0
0
0
4.06933e-08
0
0
0
0
0
0
0
3.10198e-08
4.82089e-08
0
0
0
0
0
0
0
0
0
0
0
0
0
0
0
0
0
0
0
0
0
0
0
0
0
0
0
0
0
0
0
0
0
0
0
0
0
0
0
0
0
0
0
0
0
0
0
0
0
0
0
0
0
0
0
3.43396e-08
0
0
-8.30328e-15
8.02068e-15
0
0
0
0
0
0
0
0
0
0
0
0
0
0
0
0
0
0
0
0
0
0
0
0
0
0
0
0
0
0
0
-1.66464e-15
0
0
0
0
0
0
0
0
-4.33304e-14
0
0
0
0
0
0
0
0
0
0
0
0
0
4.09278e-08
3.83009e-08
0
0
0
0
-4.32629e-15
0
0
0
-8.66747e-15
-7.65464e-16
0
0
0
0
0
0
0
0
0
0
0
0
0
0
0
0
0
0
0
0
3.62771e-08
0
0
0
0
-4.1416e-14
0
0
0
0
0
0
0
0
0
0
-3.55945e-16
0
-4.25217e-15
0
0
1.0996e-16
0
0
0
0
0
0
0
0
0
0
0
0
0
0
0
0
0
0
0
0
0
0
0
0
0
-7.16078e-15
6.78099e-15
0
0
0
0
0
4.25437e-08
3.6685e-08
0
0
0
0
0
0
0
0
0
0
0
0
0
0
0
0
4.4864e-17
0
0
0
0
0
0
0
0
0
0
0
0
0
0
0
0
0
0
0
0
0
0
0
0
0
0
0
0
0
0
0
0
0
0
0
0
7.69434e-16
0
0
0
0
0
0
0
0
0
0
0
0
0
0
0
0
3.96143e-08
3.96143e-08
3.7843e-08
4.13857e-08
0
0
0
0
0
0
0
0
0
0
0
0
0
0
0
-2.40307e-16
0
0
0
-6.94244e-15
0
3.86341e-08
4.05946e-08
0
0
0
0
0
0
0
0
0
-6.81252e-16
-4.66781e-16
0
0
0
-1.31573e-14
-3.57743e-17
0
0
-3.9998e-14
2.00046e-14
0
0
0
0
0
0
0
0
0
0
0
0
0
0
0
0
0
0
0
0
0
0
0
0
0
0
0
0
0
0
0
0
0
0
0
0
-1.41432e-16
0
0
0
0
0
0
-1.7822e-14
0
0
-5.2622e-16
0
0
0
0
0
0
-2.17486e-16
0
0
0
0
0
0
0
0
0
0
0
0
0
0
0
0
0
0
0
0
0
0
0
0
0
0
0
0
0
0
0
0
0
0
0
0
0
0
0
0
0
0
0
0
0
0
0
0
0
0
0
0
0
0
0
0
0
0
0
0
0
0
0
-9.97045e-16
0
1.41366e-16
0
0
0
0
0
0
0
0
0
0
0
0
0
0
0
0
0
0
-4.72596e-15
0
0
0
0
0
0
0
0
0
0
0
0
0
0
0
0
0
0
0
0
0
0
0
0
0
0
0
3.82466e-08
4.09821e-08
0
0
0
0
0
0
0
0
0
0
0
0
0
0
0
0
0
0
-4.25109e-15
-1.63142e-29
0
0
0
0
0
0
0
0
0
0
0
0
0
0
0
0
0
0
0
0
0
0
0
0
0
0
0
0
0
0
0
0
0
0
0
0
0
-5.92566e-14
0
0
0
0
0
0
0
0
0
0
0
0
0
0
0
0
0
0
0
0
0
0
0
0
0
0
-5.45572e-14
0
0
0
0
0
0
0
0
0
0
0
0
0
0
0
0
0
0
0
0
0
0
0
0
0
0
0
0
0
0
0
0
0
3.52047e-16
-3.95435e-17
0
0
0
0
0
0
0
0
0
0
0
0
0
0
0
0
0
0
0
0
0
0
0
0
0
0
0
0
0
0
0
0
0
0
0
0
1.12546e-13
0
0
0
0
0
0
0
-1.29653e-14
-1.22278e-16
-2.55637e-14
0
0
0
0
0
0
0
0
0
0
0
0
0
0
7.24506e-15
0
0
0
0
0
0
0
0
0
0
0
0
0
0
0
0
0
3.96143e-08
3.96143e-08
3.016e-16
0
0
0
0
4.1013e-14
0
0
7.97305e-15
3.77077e-14
0
0
0
0
0
0
0
0
0
0
0
0
0
0
0
0
0
0
0
0
0
0
0
0
0
0
0
0
0
0
0
0
0
0
0
0
0
0
0
0
0
0
1.28886e-15
3.83641e-08
4.08646e-08
0
0
0
0
0
0
0
0
0
0
0
0
0
0
0
0
0
0
0
0
0
0
0
0
0
0
0
0
0
0
0
0
0
0
0
0
0
0
0
0
0
0
0
0
0
0
0
0
0
0
0
0
0
0
0
0
0
0
0
0
0
0
0
0
0
0
0
-2.62359e-15
0
0
0
0
0
1.12206e-13
-7.01748e-14
0
0
0
0
0
0
0
1.3324e-14
0
0
0
0
0
0
0
0
0
0
0
0
0
0
-3.81919e-16
0
0
0
0
0
0
0
0
0
0
0
0
0
0
0
0
0
0
0
0
0
0
0
0
0
0
0
-1.76925e-16
-2.97255e-16
0
0
0
0
0
0
0
0
0
0
0
0
0
0
0
0
0
0
0
0
0
0
0
0
0
0
0
0
0
0
0
0
0
0
8.18125e-14
-6.52057e-14
0
0
0
0
0
0
0
0
0
0
0
0
0
0
0
0
0
0
0
0
0
0
2.92976e-15
4.84629e-08
3.07658e-08
0
0
0
0
0
0
0
0
0
0
0
0
0
0
0
-3.79252e-15
0
0
0
0
0
0
0
0
0
0
0
0
0
0
0
0
0
0
0
0
0
0
0
0
0
0
0
0
0
0
3.80886e-08
4.11401e-08
0
0
0
0
0
0
0
7.33701e-16
0
4.16292e-15
0
0
0
0
0
0
0
0
0
0
0
0
0
0
0
0
0
0
0
0
0
0
0
0
0
0
0
0
0
0
0
0
0
0
0
0
0
0
0
0
0
0
0
0
0
0
0
0
0
0
0
0
0
0
0
0
0
0
0
0
0
0
0
0
0
0
0
0
0
0
0
0
0
0
0
0
0
0
0
0
0
0
0
0
0
0
0
0
-7.97917e-15
-2.79265e-14
0
0
0
0
0
0
0
0
0
0
0
0
0
0
0
0
0
0
0
0
0
0
0
0
0
0
0
0
0
0
0
0
0
0
0
0
0
0
0
0
0
0
0
0
3.96143e-08
3.96143e-08
0
0
0
0
0
0
0
0
0
0
0
0
2.14858e-14
0
0
0
0
0
0
0
0
0
0
0
0
0
0
0
0
0
0
0
0
0
0
1.21043e-14
7.64741e-31
0
0
0
0
0
0
0
0
0
0
0
0
0
0
0
0
0
0
0
0
1.80692e-16
0
0
0
5.74279e-16
0
0
0
0
0
0
-7.96388e-16
0
0
0
0
0
0
-3.03523e-16
0
0
0
0
0
0
0
0
0
-4.26807e-16
-1.75937e-16
0
0
0
0
0
0
0
0
0
0
0
0
0
0
0
0
0
0
0
0
0
0
0
0
-6.884e-17
0
0
0
0
0
0
0
0
0
0
0
0
0
0
0
0
0
0
0
0
0
0
0
0
0
0
0
0
0
0
0
0
0
0
0
0
0
0
0
0
0
0
0
0
0
0
0
0
0
0
0
0
0
0
0
0
0
0
0
0
0
0
0
0
0
0
0
0
0
0
0
0
0
0
0
0
0
0
0
0
0
0
0
0
0
0
0
0
0
0
0
0
0
0
0
0
0
0
0
0
0
0
0
0
0
0
0
0
0
0
0
0
0
0
0
0
0
0
0
0
0
0
0
0
0
0
0
0
0
0
0
0
0
0
0
0
0
0
0
0
0
0
0
0
0
-3.57394e-15
-2.08828e-15
0
0
0
0
0
0
0
0
0
0
0
0
0
0
0
0
0
0
0
0
0
0
0
0
0
0
0
0
0
0
0
0
0
0
0
0
0
0
0
0
0
0
0
0
0
0
0
0
0
0
0
0
0
0
0
0
0
0
0
0
0
0
0
0
0
0
0
0
0
0
0
0
0
0
0
0
0
0
0
0
0
0
0
0
0
0
0
0
0
0
0
0
0
0
0
0
0
0
0
0
0
0
0
0
0
0
0
0
0
0
-1.48306e-16
0
0
0
0
0
0
0
0
0
0
0
0
0
0
0
0
0
0
0
0
0
0
0
0
0
0
0
0
0
0
0
3.28742e-15
0
0
0
0
0
0
0
0
0
0
0
0
0
0
0
0
0
0
0
0
0
0
-3.34697e-17
0
0
0
0
0
0
0
0
0
0
0
0
0
0
0
0
0
0
0
0
0
0
0
0
0
0
0
0
0
0
0
0
0
0
0
0
0
0
0
0
0
0
0
0
0
0
1.0897e-15
0
0
0
0
0
0
0
0
0
0
0
0
0
0
0
0
0
1.23229e-16
0
0
0
0
0
0
0
0
0
0
0
0
0
0
0
0
0
0
0
0
0
0
0
0
0
0
0
0
0
0
0
0
0
0
0
4.77407e-16
0
0
0
0
0
4.33999e-16
1.09733e-15
0
0
0
0
0
0
0
0
0
0
0
0
0
0
0
0
0
0
0
0
0
0
0
0
0
0
0
0
0
0
0
0
0
0
0
0
0
0
0
0
0
0
0
0
0
0
0
0
0
0
0
-5.78643e-16
0
0
1.16209e-16
0
0
0
0
6.01035e-14
0
0
0
0
0
0
0
0
0
0
0
4.04711e-15
4.03871e-08
3.88416e-08
0
0
0
0
0
0
0
0
-3.3022e-17
0
3.44195e-16
0
6.08456e-15
0
0
0
0
0
0
0
0
-3.56749e-16
-2.13651e-16
0
0
0
0
0
0
0
0
0
0
0
0
0
0
0
0
0
0
0
0
0
0
0
0
0
0
0
0
0
0
0
0
0
0
0
0
0
0
0
0
-2.30605e-14
0
-4.23653e-15
0
0
0
0
0
0
0
0
0
0
0
0
0
0
0
0
0
0
0
0
-8.60724e-15
0
0
0
0
0
0
0
0
0
0
0
0
0
0
0
0
0
0
0
-1.79843e-14
5.77009e-15
0
0
0
0
0
0
0
1.98627e-15
4.09613e-14
0
0
0
0
0
0
0
0
0
0
0
0
0
-3.37748e-16
0
0
0
0
0
1.15185e-16
0
0
0
0
0
1.12408e-16
0
0
0
0
0
0
0
0
0
0
0
0
0
0
0
0
2.02807e-14
-2.73193e-14
0
0
0
0
0
0
0
0
0
0
0
0
0
0
0
0
0
0
0
0
0
0
0
0
0
0
0
0
0
0
-6.2826e-15
0
0
0
0
0
0
0
0
0
0
0
0
0
0
0
0
0
0
0
0
0
0
0
0
0
0
5.06815e-08
2.85471e-08
0
0
0
0
0
0
0
0
0
0
0
0
0
0
0
0
0
0
0
0
0
0
0
0
0
0
0
0
0
8.76176e-15
0
0
0
0
0
0
0
0
0
0
-1.83787e-16
-4.69165e-16
0
0
0
0
0
0
0
4.07546e-08
3.84741e-08
0
0
0
0
0
0
3.45252e-16
0
0
0
0
0
7.48993e-16
-9.22777e-16
0
0
0
0
0
0
0
0
0
0
0
0
0
0
0
0
0
0
0
0
0
0
0
0
0
0
2.40615e-15
0
0
0
0
0
0
0
0
0
0
0
0
0
0
0
0
0
0
0
0
0
0
0
0
0
0
0
0
0
0
3.4334e-16
0
0
0
0
0
0
0
0
0
0
0
0
0
8.2891e-16
0
0
0
0
0
0
0
0
0
0
0
0
0
1.19701e-15
0
0
0
0
0
0
0
0
0
1.51757e-16
0
0
0
0
0
0
0
0
0
-6.04256e-16
0
0
0
0
0
0
0
0
0
0
0
0
0
0
0
0
0
1.14074e-16
0
0
0
0
4.51907e-08
3.4038e-08
0
3.47371e-16
0
0
0
0
0
0
0
0
0
0
0
0
0
0
0
0
0
0
0
0
0
0
0
0
0
0
0
0
0
0
0
0
0
0
0
3.24533e-16
6.25845e-16
0
0
0
0
0
0
0
0
0
0
0
0
0
0
0
0
0
0
0
0
0
0
0
1.12456e-16
0
0
0
0
-1.60596e-29
0
0
0
0
0
0
0
0
0
0
0
0
0
0
0
0
0
0
0
0
0
0
0
0
0
0
0
0
0
0
0
0
0
0
0
0
0
0
0
0
0
0
8.0689e-16
1.7197e-14
0
0
0
0
0
0
0
0
0
0
0
0
0
0
0
0
0
0
0
0
0
0
0
0
0
0
0
3.8608e-08
4.06207e-08
0
0
0
0
0
0
0
0
0
0
0
0
0
0
0
0
0
0
0
0
0
0
0
0
0
0
0
-1.1813e-15
0
0
0
0
0
0
0
0
0
0
0
0
1.37924e-15
0
0
1.50426e-14
8.31399e-15
0
0
0
0
0
0
0
0
0
0
0
0
0
0
0
0
-1.84005e-17
0
-2.03777e-17
0
0
-4.34556e-16
0
0
0
0
0
0
0
0
0
0
0
0
0
0
0
0
0
0
0
0
6.38401e-16
0
0
0
0
0
0
0
0
0
0
0
0
0
0
0
0
0
4.39657e-14
-4.38035e-14
-1.58074e-14
1.62507e-29
0
0
0
0
0
0
0
0
0
0
0
0
0
0
0
0
0
0
0
0
0
0
0
0
0
-1.67261e-15
-1.97614e-15
0
0
0
0
0
8.65686e-18
0
0
0
0
0
0
0
0
0
0
0
0
0
0
0
0
0
0
0
0
0
0
0
0
0
0
0
0
0
0
0
0
0
0
0
0
0
0
0
0
0
0
-4.23633e-14
9.18032e-15
0
0
0
0
3.42534e-16
0
0
0
0
0
0
0
0
0
0
0
0
0
0
0
0
0
0
0
0
0
0
0
0
0
0
0
3.40557e-16
0
0
0
0
0
0
0
0
0
0
0
0
0
-1.59076e-16
0
0
0
0
0
0
0
0
0
0
0
0
0
0
0
0
0
0
0
0
0
0
0
0
0
0
0
-1.12202e-14
0
0
0
0
0
0
0
0
0
0
0
0
0
0
0
0
0
0
0
0
0
0
0
0
0
0
0
0
0
0
0
0
0
0
0
0
0
0
0
-1.02376e-15
0
0
0
0
0
0
0
0
0
0
0
0
0
0
0
0
0
0
0
0
-9.22463e-14
-1.9719e-14
0
0
0
0
0
0
1.60354e-16
0
0
0
0
0
0
0
0
0
0
0
0
0
0
0
0
0
0
0
0
0
0
0
0
0
0
0
0
0
0
0
0
0
0
0
0
0
0
0
0
0
0
0
0
0
0
0
0
0
0
-1.32148e-14
0
0
0
0
0
0
6.18148e-17
0
0
0
0
0
0
0
0
0
0
0
0
0
0
-8.48263e-14
-3.96143e-08
0
0
0
0
0
0
0
0
0
0
0
0
0
0
0
1.15022e-15
-2.00252e-16
0
0
0
0
0
0
0
2.54693e-16
-1.03611e-15
0
0
0
0
0
0
0
0
0
0
0
0
3.18165e-16
0
0
0
0
0
0
0
0
0
0
0
0
0
0
0
0
0
-4.05964e-16
-4.57772e-16
0
0
0
0
-4.01507e-14
0
0
0
0
0
0
0
0
0
0
0
0
0
0
0
0
0
0
0
0
0
0
0
0
0
0
0
0
0
0
0
0
0
-3.96143e-08
0
0
0
0
0
0
0
0
0
0
1.97096e-15
1.32422e-14
0
0
0
2.78872e-14
0
3.18816e-16
0
0
0
0
0
8.91836e-16
0
3.22647e-16
0
3.91556e-15
0
0
0
0
0
0
0
0
0
0
0
0
0
0
0
0
0
0
0
0
0
0
0
0
6.06371e-16
-5.47443e-16
-1.40348e-14
2.02529e-14
0
0
0
0
0
-1.59297e-14
-9.55926e-32
0
0
0
0
0
0
0
0
0
0
8.73455e-15
0
0
-1.1677e-14
0
0
0
0
0
3.96143e-08
0
0
0
0
0
0
0
0
0
0
0
0
0
0
0
0
0
0
0
0
-9.24462e-16
0
0
0
0
0
0
0
0
0
0
0
0
0
0
0
0
0
0
0
0
0
0
-3.2627e-29
0
0
0
-3.96143e-08
0
0
0
0
0
0
0
0
0
2.56781e-15
0
0
0
9.50518e-15
0
0
0
0
0
0
0
0
0
0
0
0
0
0
0
0
0
0
0
0
0
0
0
0
0
0
0
0
0
0
0
0
0
0
0
0
0
0
0
0
0
0
0
0
0
0
0
0
0
0
0
0
0
0
0
0
0
0
0
0
0
0
0
0
0
0
0
0
0
0
0
0
0
0
-1.44601e-15
0
0
0
0
0
0
0
0
0
0
0
0
0
0
0
0
0
0
0
0
0
0
0
0
0
0
0
0
0
0
0
0
0
0
0
0
0
0
0
0
0
0
0
0
1.34079e-14
5.79867e-15
0
0
0
0
0
0
0
0
0
0
0
0
0
0
0
0
0
0
0
0
0
0
0
0
0
-6.82547e-14
5.4898e-14
0
0
0
0
1.16614e-16
0
0
0
0
0
0
0
0
0
0
0
0
0
0
0
0
0
0
0
0
0
0
0
0
0
9.93834e-16
0
0
0
0
0
0
0
2.84263e-14
0
0
0
0
0
0
5.246e-17
1.62985e-29
0
0
0
0
0
0
0
0
0
0
0
3.9126e-15
0
0
0
0
0
0
0
0
0
0
0
0
0
0
0
0
0
0
0
0
0
0
0
0
0
0
0
0
0
0
0
0
0
0
0
0
0
0
0
0
0
0
0
0
0
0
0
0
0
0
0
0
0
0
0
0
0
0
0
0
0
0
0
0
0
0
0
-4.98289e-15
0
0
0
0
0
0
0
0
0
0
0
-3.50903e-08
0
8.0542e-15
0
0
0
0
0
0
0
0
0
-1.62507e-29
2.01019e-14
0
0
0
0
0
0
0
0
0
0
0
0
0
0
0
0
0
0
0
0
0
0
0
0
0
0
-8.38038e-16
0
0
0
0
0
0
0
0
0
0
0
0
0
0
0
0
0
0
0
0
0
0
0
0
0
0
0
0
0
0
0
0
0
-4.41384e-08
0
-6.86426e-08
0
0
0
0
0
-3.85669e-16
0
0
0
0
0
0
0
0
0
-3.46244e-08
1.07572e-16
0
0
0
0
0
0
0
0
0
0
0
0
0
0
0
0
0
0
0
0
0
0
0
0
0
0
0
0
0
1.25226e-16
3.1409e-18
6.66145e-16
0
0
0
0
0
0
0
0
0
0
-1.61676e-14
0
0
0
0
0
0
0
0
0
0
0
0
0
0
0
0
0
0
0
0
0
0
0
-4.64906e-16
0
0
0
0
0
0
0
0
0
0
0
0
0
0
0
0
-8.19754e-14
3.50023e-15
0
0
-1.48476e-15
0
0
0
0
0
-6.05428e-17
-2.96709e-16
0
0
0
0
0
0
0
0
0
0
0
0
0
0
0
0
0
0
0
0
0
0
0
0
0
0
0
0
0
0
0
0
-2.30283e-14
0
0
0
-8.25256e-16
0
0
0
0
0
0
0
0
0
0
0
0
0
0
0
0
0
0
0
0
0
0
0
0
0
0
0
-4.46043e-08
0
0
2.31111e-16
0
0
0
0
0
0
0
0
0
0
0
1.3551e-16
0
0
0
0
0
0
0
0
0
0
0
0
0
0
0
0
0
0
0
0
0
0
0
0
0
0
0
-4.26621e-08
-7.34141e-16
0
0
0
0
0
0
0
0
0
0
0
0
0
0
0
0
0
0
0
0
0
0
0
0
0
0
0
0
6.29831e-14
-7.06918e-14
0
0
0
0
-3.74029e-15
0
0
0
0
0
0
0
0
0
0
0
0
0
0
0
0
0
0
0
0
0
0
0
0
0
0
0
0
0
0
0
0
0
0
0
0
0
0
0
0
0
0
0
0
0
0
0
0
0
0
0
0
0
0
0
0
0
-2.10478e-16
0
0
0
0
3.60816e-19
0
0
0
0
0
0
-3.78934e-08
0
0
0
0
0
0
0
0
0
0
0
0
0
0
0
0
0
0
0
0
0
0
0
0
2.3894e-14
0
0
-4.13352e-08
0
0
0
0
0
0
0
0
0
0
0
0
0
0
0
0
0
0
0
0
0
0
0
0
0
0
0
0
0
0
0
0
0
0
0
0
0
0
0
0
0
0
0
0
0
0
0
3.75838e-16
0
0
0
0
0
0
0
0
0
0
0
0
0
0
0
0
0
0
0
0
0
0
-1.95352e-15
0
0
0
0
0
0
0
0
0
0
0
0
-2.94142e-08
-3.98023e-08
0
0
0
0
0
0
-3.2437e-16
0
0
0
0
0
0
-2.76087e-16
0
0
-2.87567e-08
0
0
0
0
0
0
0
0
0
0
0
4.10184e-14
0
0
0
0
0
0
0
0
0
0
0
0
0
0
-2.55846e-14
0
-5.0472e-08
0
0
0
0
0
0
0
0
0
0
0
0
0
6.06245e-16
0
0
0
0
0
0
0
0
0
0
0
0
0
0
0
0
0
0
-3.96143e-08
0
0
0
0
0
0
0
0
0
0
0
0
0
0
0
0
0
0
0
0
0
0
0
0
0
0
0
0
0
0
0
0
0
6.23106e-16
0
0
0
0
0
0
0
0
0
0
0
0
0
0
-1.10586e-15
0
0
0
0
0
0
0
0
0
0
0
0
0
0
0
0
0
0
0
0
0
0
0
-1.78423e-14
0
0
0
0
0
0
0
0
0
0
0
0
-6.70453e-16
0
0
0
0
0
0
0
0
0
0
0
0
0
0
0
0
0
0
0
0
-3.9805e-08
0
0
0
0
0
0
0
0
0
0
0
0
0
0
0
0
0
0
0
0
0
0
0
0
0
0
0
0
0
0
0
0
0
0
0
0
0
0
0
0
0
0
0
0
0
0
0
0
0
0
0
0
0
0
0
0
0
0
-3.73002e-16
0
0
-3.58277e-08
0
-1.63944e-16
3.65666e-08
0
-3.96143e-08
1.19848e-16
0
0
0
0
0
0
0
0
0
0
0
0
0
0
-4.3401e-08
0
0
0
0
0
0
0
0
0
0
0
0
0
0
0
0
0
0
-4.43918e-08
0
0
0
0
0
0
0
0
0
0
0
0
0
0
1.32191e-14
0
0
0
0
0
0
0
0
0
0
0
0
0
4.22282e-15
0
0
0
0
0
0
0
0
0
0
0
0
0
0
0
0
0
0
0
0
0
0
0
0
0
1.76316e-15
0
0
0
0
0
-2.41413e-15
0
0
0
0
0
0
0
0
0
-3.48368e-08
0
0
0
0
0
0
0
0
0
0
0
0
-2.66209e-16
0
0
0
0
-4.52147e-08
0
0
0
0
0
0
0
0
-8.4633e-15
0
0
0
0
0
0
0
-3.4014e-08
0
0
0
0
0
0
0
0
0
0
0
0
0
0
0
-3.88591e-16
0
0
0
0
1.4806e-16
0
0
0
0
0
0
0
0
0
0
0
0
2.65932e-15
0
0
0
0
0
0
0
0
0
0
0
0
0
0
0
0
0
0
0
0
0
0
0
-4.38023e-16
0
0
0
0
0
0
-1.13458e-15
0
0
0
1.78393e-14
-3.44867e-14
0
0
0
0
0
0
0
0
0
0
0
-3.75459e-08
0
0
0
0
0
0
0
0
0
0
0
0
0
0
0
0
0
0
0
0
0
0
0
0
0
0
0
0
0
0
-5.60844e-16
0
0
0
0
0
0
0
0
0
0
0
0
3.81549e-16
0
0
-1.22856e-15
0
0
0
0
0
0
0
0
0
0
0
0
0
0
6.24842e-16
0
0
0
0
0
0
0
0
0
0
0
0
0
0
0
0
0
0
0
0
0
0
0
0
0
2.40548e-16
0
0
0
0
0
0
0
0
0
0
0
0
-2.33827e-15
0
0
0
0
0
0
0
0
0
0
0
0
0
0
2.83176e-14
0
0
0
0
0
0
0
0
0
0
0
0
0
0
0
0
-3.76899e-08
0
0
0
-6.43577e-16
0
0
0
0
0
0
0
0
0
0
0
0
0
0
1.70283e-15
0
0
0
0
0
0
0
0
0
0
0
-8.22204e-16
0
0
0
0
0
0
0
0
0
0
0
0
0
0
0
8.33735e-17
0
9.77339e-16
-8.30366e-16
0
0
0
0
0
0
0
0
-3.55948e-08
0
-3.63512e-08
0
0
0
0
0
-3.08916e-14
0
0
0
0
0
0
0
0
0
0
-4.15388e-08
0
0
0
0
0
0
0
0
0
0
0
8.01914e-15
0
0
0
0
0
0
0
0
0
0
-7.62858e-14
0
0
0
0
0
0
0
-3.98783e-08
0
0
0
0
0
0
-4.08928e-08
0
0
0
0
-5.44978e-15
-4.83887e-08
0
0
0
-1.01478e-17
-3.91891e-08
0
0
0
0
0
0
-3.83359e-08
0
0
0
0
0
0
0
0
0
4.40493e-16
0
0
0
-4.00396e-08
0
0
0
0
0
0
0
0
0
0
-8.99504e-17
0
0
0
0
0
0
0
0
0
0
0
0
-4.36339e-08
0
0
0
0
3.94264e-08
0
0
0
0
2.32608e-16
0
0
0
0
0
0
0
-3.96143e-08
0
-3.8301e-14
0
0
0
0
0
0
0
0
0
0
0
0
0
0
0
0
0
0
0
0
0
0
0
0
0
0
0
0
0
0
0
0
0
0
0
0
0
-2.44761e-15
0
0
0
0
0
0
0
0
0
0
0
0
0
0
0
0
0
0
0
0
0
0
0
0
0
0
0
0
0
0
9.09091e-15
0
0
0
0
0
0
0
0
0
-1.68824e-14
0
0
0
0
0
0
0
2.0589e-14
0
0
0
0
0
0
0
0
9.98751e-17
0
0
0
0
0
0
0
0
0
0
0
0
0
0
0
0
-4.60918e-14
0
0
0
0
0
0
0
0
0
0
0
0
0
0
0
0
0
0
0
0
0
0
0
0
0
4.58655e-16
1.19013e-15
4.5027e-16
0
0
0
0
0
0
1.44775e-14
0
0
0
0
0
0
0
0
0
0
0
0
0
2.13547e-14
0
0
0
0
0
0
0
0
0
0
0
0
0
0
-3.96143e-08
0
0
0
0
0
0
0
0
0
0
0
0
0
0
0
0
0
0
0
0
0
0
0
0
0
4.39751e-08
0
0
0
0
0
3.5971e-14
-1.94308e-14
0
0
0
0
0
0
0
0
0
0
1.81913e-14
0
0
0
0
0
0
0
0
0
0
0
0
0
0
0
0
0
0
0
0
0
0
0
0
0
0
0
0
0
0
0
0
0
0
0
0
0
0
0
0
0
0
3.94237e-08
0
0
0
0
0
0
0
0
0
0
0
0
0
0
0
0
0
0
0
0
0
0
0
0
0
0
0
0
0
0
6.02442e-16
0
-5.48146e-17
0
0
0
0
0
0
0
0
0
0
0
0
0
0
0
0
0
0
0
0
-5.87475e-14
0
0
0
0
0
0
0
0
0
0
0
0
0
0
0
0
0
0
0
0
0
0
0
0
0
0
0
0
0
0
0
0
0
2.34715e-16
0
0
0
0
0
0
0
0
0
0
-1.24674e-14
0
0
0
0
0
0
0
0
0
0
0
0
0
0
0
0
0
-4.16828e-08
0
0
0
0
0
0
0
0
0
0
0
0
0
0
0
-1.95061e-14
-5.22414e-15
0
0
0
0
0
0
0
0
0
0
0
0
0
0
0
0
0
0
0
0
0
0
0
0
0
0
0
0
0
0
0
0
0
0
0
0
0
0
0
0
-1.63224e-29
0
0
0
0
0
0
0
0
0
0
0
0
0
0
0
0
0
0
0
0
0
0
0
0
0
0
0
0
0
0
0
0
0
0
0
-2.27304e-16
0
0
0
0
0
0
0
0
0
0
0
0
0
0
0
0
0
0
0
0
0
0
0
0
-1.32771e-14
0
0
0
-5.74727e-17
0
0
0
0
0
0
0
0
0
0
0
0
0
0
0
0
0
0
0
0
0
0
0
0
0
0
0
0
0
0
0
0
0
0
0
0
0
0
0
0
0
0
0
0
0
0
0
0
0
-2.05204e-14
4.97631e-15
0
0
0
0
0
0
0
0
0
0
0
0
0
0
0
0
0
0
0
0
0
0
0
0
0
0
0
0
0
0
0
0
0
0
0
0
-1.00744e-14
0
0
0
0
0
0
-2.94186e-16
0
0
0
0
0
0
-4.39751e-08
0
0
0
0
0
0
0
0
0
0
0
0
0
0
0
0
0
0
0
0
0
0
0
4.40565e-14
0
0
0
0
0
0
0
0
0
0
0
0
0
0
0
0
0
0
0
0
0
0
0
0
0
0
0
0
0
0
-1.60056e-15
0
0
0
0
0
0
-7.35204e-15
0
0
0
0
-7.72794e-15
0
0
0
0
0
0
0
0
0
0
0
0
0
0
0
0
0
0
0
-2.71628e-16
0
0
0
0
0
0
0
0
0
0
0
0
-1.03122e-14
0
0
0
0
0
0
0
0
0
0
0
0
0
0
0
0
0
0
0
0
0
0
0
0
0
0
0
0
0
0
0
0
0
0
0
0
0
0
0
0
0
0
0
0
0
0
0
0
0
0
0
2.93642e-15
8.36906e-14
0
0
0
0
0
0
0
0
0
0
0
0
0
0
0
0
0
0
0
0
-2.17255e-16
0
0
0
0
0
0
0
0
0
0
0
0
0
0
0
0
0
0
0
0
0
0
0
0
0
0
0
0
0
0
0
0
0
0
0
0
0
0
0
0
0
0
0
0
0
0
0
0
3.07987e-14
0
0
0
0
0
0
0
0
0
0
0
0
0
0
0
0
3.19295e-16
0
0
0
0
0
0
0
0
0
1.00493e-16
0
0
0
0
0
0
0
0
0
0
0
0
0
0
0
0
0
0
0
0
0
0
0
0
0
0
0
0
0
0
0
0
0
0
0
0
0
0
0
0
0
0
0
0
0
0
0
0
0
0
0
0
0
8.72302e-17
0
0
0
0
0
0
0
0
0
0
0
0
0
0
0
0
0
0
0
0
0
0
0
0
0
0
0
0
0
0
0
0
0
0
0
0
0
0
0
0
0
0
0
0
0
0
0
0
0
0
0
0
0
0
0
0
0
0
0
0
0
0
0
0
0
0
0
0
0
0
-1.82918e-16
-2.2467e-16
0
0
0
0
0
0
0
0
0
0
0
0
0
0
0
0
0
0
0
0
0
0
0
0
0
0
0
-6.75489e-16
0
0
0
0
0
0
0
0
0
-2.26131e-16
0
0
0
0
0
0
0
0
0
0
0
0
0
0
0
0
0
0
0
0
1.589e-16
0
0
0
0
0
0
0
0
1.88174e-15
0
0
0
0
0
0
0
0
0
3.9123e-14
0
0
0
0
0
0
0
0
0
0
0
0
0
0
3.084e-08
0
0
0
0
0
0
0
0
0
0
0
0
0
0
1.24616e-14
0
0
0
0
0
0
0
0
0
0
0
0
0
-9.01418e-16
0
0
0
0
0
0
0
0
0
0
0
0
0
0
0
-1.5931e-16
0
0
0
0
0
0
0
0
0
0
0
0
0
0
0
0
0
0
0
0
0
0
1.43389e-31
0
0
0
0
0
0
0
0
0
0
3.8878e-15
2.19826e-14
0
0
0
0
0
0
0
0
0
0
0
0
0
0
0
0
0
0
0
0
0
0
0
0
-3.93504e-08
0
0
0
0
0
0
0
0
0
0
-2.83846e-16
0
0
0
0
0
0
5.64127e-16
0
0
0
0
0
0
0
0
0
0
0
0
0
0
0
0
0
0
0
0
0
0
0
0
0
0
0
0
0
0
0
0
0
0
0
0
0
0
0
2.89849e-16
0
0
0
0
0
0
0
0
0
0
0
0
0
0
0
0
7.66542e-16
0
0
0
0
0
0
0
0
0
0
0
0
0
0
0
0
0
-5.77836e-17
0
0
0
0
0
0
0
0
0
0
0
0
0
0
0
0
0
0
0
0
0
0
0
0
0
0
0
0
0
0
0
0
0
0
0
0
0
0
0
0
-6.96734e-17
0
0
0
0
0
0
0
0
0
0
0
0
)
;

boundaryField
{
    frontback
    {
        type            empty;
        value           nonuniform List<scalar> 0();
    }
    topbottom
    {
        type            calculated;
        value           uniform 0;
    }
    outlet
    {
        type            calculated;
        value           nonuniform List<scalar> 0();
    }
    inlet
    {
        type            calculated;
        value           uniform 0;
    }
    walls
    {
        type            calculated;
        value           nonuniform List<scalar> 
135
(
-1.58457e-07
-1.58457e-07
-1.58457e-07
-1.58457e-07
-1.58457e-07
-1.58457e-07
-1.58457e-07
-1.58457e-07
-1.58457e-07
-1.58457e-07
-1.58457e-07
-1.58457e-07
-1.58457e-07
-1.58457e-07
-1.58457e-07
-1.58457e-07
-1.58457e-07
-1.58457e-07
-1.58457e-07
-1.58457e-07
-1.58457e-07
-1.58457e-07
-1.58457e-07
-1.58457e-07
-1.58457e-07
-1.58457e-07
-1.58457e-07
-1.58457e-07
-1.58457e-07
-1.58457e-07
-1.58457e-07
-1.58457e-07
-1.58457e-07
-1.58457e-07
-1.58457e-07
-1.58457e-07
-1.58457e-07
-1.58457e-07
-1.58457e-07
-1.58457e-07
-1.58457e-07
-1.58457e-07
-1.58457e-07
-1.58457e-07
-1.58457e-07
-1.58457e-07
-1.58457e-07
-1.58457e-07
-1.58457e-07
-1.58457e-07
-1.58457e-07
-1.58457e-07
-1.58457e-07
-1.58457e-07
-1.58457e-07
-1.58457e-07
-1.58457e-07
-1.58457e-07
-1.58457e-07
-1.58457e-07
-1.58457e-07
-1.58457e-07
-1.58457e-07
-1.58457e-07
-1.58457e-07
-1.58457e-07
-1.58457e-07
-1.58457e-07
-1.58457e-07
-1.58457e-07
-1.58457e-07
-1.58457e-07
-1.58457e-07
-1.58457e-07
-1.58457e-07
-1.58457e-07
-1.58457e-07
-1.58457e-07
-1.58457e-07
-1.58457e-07
-1.58457e-07
-1.58457e-07
-1.58457e-07
-1.58457e-07
-1.58457e-07
-1.58457e-07
-1.58457e-07
-1.58457e-07
-1.58457e-07
-1.58457e-07
-1.58457e-07
-1.58457e-07
-1.58457e-07
-1.58457e-07
-1.58457e-07
-1.58457e-07
-1.58457e-07
-1.58457e-07
-1.58457e-07
-1.58457e-07
-1.58457e-07
-1.58457e-07
-1.58457e-07
-1.58457e-07
-1.58457e-07
-1.58457e-07
-1.58457e-07
-1.58457e-07
-1.58457e-07
-1.58457e-07
-1.58457e-07
-1.58457e-07
0
-1.58457e-07
-1.58457e-07
-1.58457e-07
-1.58457e-07
-1.58457e-07
-1.58457e-07
-1.58457e-07
-1.58457e-07
-1.58457e-07
-1.58457e-07
-1.58457e-07
-1.58457e-07
-1.58457e-07
-1.58457e-07
-1.58457e-07
-1.58457e-07
-1.58457e-07
-1.58457e-07
-1.58457e-07
-1.58457e-07
-1.58457e-07
0
)
;
    }
    procBoundary0to1
    {
        type            processor;
        value           nonuniform List<scalar> 
104
(
0
-1.08043e-14
0
0
0
0
0
0
0
0
0
0
0
0
0
0
0
0
0
0
0
0
0
0
0
0
0
0
0
0
0
0
0
0
0
0
1.92114e-14
0
0
0
0
0
0
0
3.33387e-15
0
0
0
1.98355e-30
-1.69011e-14
-1.62673e-15
0
0
0
0
0
0
0
0
0
0
0
0
0
0
0
4.1914e-15
-1.27451e-16
0
0
0
0
0
0
0
0
0
0
0
0
0
0
0
0
0
0
0
0
0
0
0
0
0
0
0
0
0
0
0
4.98145e-08
0
0
0
0
)
;
    }
    procBoundary0to2
    {
        type            processor;
        value           nonuniform List<scalar> 
83
(
-1.4768e-15
4.36144e-16
0
0
0
0
2.25794e-16
0
0
0
-1.17252e-16
0
0
0
-2.7971e-14
3.75874e-14
0
0
0
0
9.77227e-15
0
0
1.58974e-15
0
-4.60138e-16
0
-1.21519e-15
0
0
-1.72125e-15
-1.69794e-16
0
1.70674e-16
5.10823e-31
0
0
0
0
0
0
-1.21904e-14
6.52382e-15
0
0
0
1.95347e-15
0
1.49718e-14
1.0194e-15
1.76821e-14
0
0
0
0
4.65943e-16
0
1.07081e-15
0
0
0
0
-5.93589e-08
0
0
0
0
-9.79558e-16
0
0
0
0
0
-1.06165e-15
0
0
0
0
0
-2.51063e-14
0
2.89849e-16
0
)
;
    }
}


// ************************************************************************* //
