/*--------------------------------*- C++ -*----------------------------------*\
| =========                 |                                                 |
| \\      /  F ield         | OpenFOAM: The Open Source CFD Toolbox           |
|  \\    /   O peration     | Version:  v2012                                 |
|   \\  /    A nd           | Website:  www.openfoam.com                      |
|    \\/     M anipulation  |                                                 |
\*---------------------------------------------------------------------------*/
FoamFile
{
    version     2.0;
    format      ascii;
    class       surfaceScalarField;
    location    "400";
    object      meshPhi;
}
// * * * * * * * * * * * * * * * * * * * * * * * * * * * * * * * * * * * * * //

dimensions      [0 3 -1 0 0 0 0];
oriented        oriented;


internalField   nonuniform List<scalar> 
20537
(
0
0
0
-4.36972e-16
6.519e-15
-1.11187e-14
0
0
0
0
0
0
0
0
0
0
0
-7.95224e-15
0
0
0
0
0
0
0
0
0
0
0
0
0
0
0
0
0
0
0
0
0
0
0
0
-3.29625e-14
-2.92488e-14
0
0
0
0
6.3358e-15
0
-4.46574e-15
0
0
0
0
0
0
0
0
0
0
0
0
0
0
0
0
0
0
0
0
0
0
0
0
0
1.12683e-07
0
0
0
0
0
0
-3.39501e-14
0
0
-1.64332e-29
0
0
0
0
0
-1.32234e-28
-5.41242e-14
0
0
0
0
0
0
0
0
0
0
0
0
0
0
0
0
0
0
0
6.14083e-17
0
-5.13154e-16
0
0
0
0
0
0
0
0
0
0
0
0
0
0
0
0
0
0
0
0
0
0
0
0
0
1.14313e-15
3.27051e-17
0
0
0
0
0
0
0
0
0
0
0
0
0
0
0
0
0
0
0
0
0
0
0
0
0
0
0
0
-1.83188e-15
0
-1.43872e-15
0
0
0
0
0
0
0
0
-9.47064e-14
8.04176e-17
0
0
0
0
0
-2.87802e-16
-9.92925e-16
-3.3012e-16
0
0
0
-1.38879e-14
-2.93649e-16
7.00306e-14
-4.67537e-14
0
0
0
0
0
0
0
0
0
0
0
0
0
0
5.44878e-16
-2.4149e-16
0
0
0
0
0
0
6.53637e-15
-5.85405e-14
0
0
0
0
0
0
0
0
0
0
0
0
0
0
8.46252e-15
0
0
0
0
0
0
0
0
0
0
5.2442e-17
0
0
0
0
-4.5076e-15
0
0
0
0
0
0
0
0
0
0
0
0
0
0
0
0
0
0
0
0
0
0
0
0
0
0
0
0
0
0
0
0
0
0
0
0
0
0
0
0
0
0
0
0
0
0
0
0
0
0
-2.39108e-17
1.53935e-16
0
0
0
0
0
0
0
0
0
0
0
-2.22913e-16
-9.51883e-16
0
0
0
0
1.37178e-16
0
0
0
0
0
0
0
0
0
0
0
0
0
0
0
0
0
0
0
0
-5.05537e-16
0
-1.18757e-14
0
-2.42334e-14
0
0
0
0
0
0
0
0
0
0
0
0
-3.38823e-16
1.22384e-16
0
0
0
0
0
0
0
0
0
0
0
0
0
0
0
0
0
0
0
0
0
0
0
0
0
0
0
0
0
0
0
0
0
0
0
0
0
0
0
0
0
0
0
0
0
0
0
0
0
0
0
0
0
0
0
0
0
0
0
0
0
0
0
0
0
0
0
0
0
0
0
0
0
-1.15413e-16
-4.93834e-16
0
0
0
0
0
0
0
0
0
0
0
0
0
0
0
0
0
0
0
0
0
0
0
0
0
0
0
0
0
0
0
0
0
0
0
0
0
0
0
0
0
0
0
0
0
0
5.75419e-17
-7.61378e-18
2.18501e-17
0
0
0
0
0
0
0
0
0
0
0
0
0
0
0
0
0
0
0
0
0
0
0
0
0
0
0
0
0
0
0
0
0
0
0
0
0
0
0
1.12525e-14
-7.85158e-15
0
0
0
0
0
0
0
0
0
0
0
0
1.93471e-16
0
3.18159e-16
0
0
0
0
0
0
0
0
0
0
0
0
0
0
0
0
0
0
0
-1.56021e-15
0
0
0
0
0
0
0
0
0
0
0
0
0
0
0
0
0
0
0
0
0
0
0
0
0
0
0
0
0
0
0
0
0
0
0
0
0
0
0
0
0
0
0
0
0
0
0
9.93808e-15
0
0
0
0
0
0
0
0
0
0
0
0
0
0
0
0
0
2.39418e-17
-7.08937e-17
0
0
0
0
0
0
0
0
0
0
0
0
0
0
0
-5.76601e-15
0
1.92463e-15
0
0
0
0
0
0
0
7.75662e-16
-6.82484e-08
-1.15224e-07
-1.89627e-14
0
-1.44247e-14
0
0
0
0
0
0
0
0
0
0
0
0
0
0
0
0
0
0
0
0
0
0
0
0
0
0
0
0
0
0
0
0
0
0
1.90181e-14
1.28494e-14
0
0
0
0
0
0
0
0
0
0
0
0
0
0
0
0
0
0
0
-1.08376e-15
0
0
3.51911e-14
0
-5.28019e-16
0
0
0
0
0
0
0
0
0
0
0
0
0
0
0
0
0
0
0
0
0
0
0
0
0
0
0
0
0
1.28066e-14
0
-5.04668e-14
0
0
0
0
0
0
0
0
0
0
0
0
0
0
0
0
0
0
0
0
0
0
0
0
0
0
0
0
0
0
0
0
0
0
0
0
0
0
0
0
0
0
0
0
0
0
0
0
0
0
0
0
0
0
0
0
0
1.04517e-16
-1.38118e-16
0
0
0
0
0
0
0
0
0
0
0
0
0
0
0
0
0
0
0
0
0
0
0
0
0
0
0
0
0
0
0
0
0
0
0
0
0
0
0
0
0
0
0
0
0
0
0
0
0
0
0
0
0
0
0
0
0
0
0
0
-1.69607e-13
0
0
0
0
0
0
0
0
0
0
0
0
0
2.21623e-17
-1.05788e-15
0
0
0
0
0
0
0
0
0
0
0
0
0
0
0
0
0
0
0
0
0
0
0
0
0
0
0
0
0
0
0
0
0
0
9.45625e-17
0
0
0
0
0
0
0
0
0
-1.76629e-14
-3.83141e-14
0
0
0
0
0
0
0
0
0
0
0
0
0
0
0
0
0
0
0
0
0
0
0
0
0
3.68896e-14
8.63089e-15
0
0
0
0
0
0
0
0
0
0
0
0
0
0
0
0
0
0
0
0
0
0
-1.98212e-14
9.9006e-15
0
-1.34883e-17
-3.08534e-17
-5.77185e-16
0
0
0
0
0
0
0
0
0
0
0
0
0
0
0
0
0
0
0
0
0
0
0
0
0
0
0
0
-3.48594e-15
0
0
0
0
0
0
0
2.21037e-14
-6.54549e-15
0
0
0
0
0
0
0
0
0
0
0
0
0
0
0
0
0
0
0
0
0
0
0
0
0
0
3.40019e-16
5.61873e-16
0
0
0
0
0
-4.38055e-16
0
0
0
0
0
0
0
0
0
0
0
0
0
0
2.16539e-15
4.08427e-30
0
0
0
0
0
0
0
0
0
0
0
0
0
0
0
0
0
0
0
0
0
0
0
0
0
0
-3.10506e-14
-4.08543e-15
0
0
0
0
0
0
0
0
0
0
-3.04818e-17
0
5.29383e-17
0
0
0
0
0
-1.08191e-15
7.043e-17
0
0
0
0
0
0
0
0
0
0
0
0
0
0
0
0
0
0
0
0
0
0
0
0
-8.93929e-15
0
0
0
0
0
0
0
0
0
0
0
0
0
0
0
0
0
0
0
0
0
0
0
0
0
-2.67982e-14
1.07957e-15
0
0
0
0
4.33241e-17
-2.43727e-17
-3.10649e-15
0
0
0
0
0
0
0
0
0
0
0
0
0
0
0
0
0
0
0
0
0
0
0
0
0
0
0
0
0
0
0
-7.15034e-18
-8.93534e-16
0
0
0
0
0
0
0
0
3.95492e-16
-1.35423e-16
0
0
-6.86629e-14
0
-3.94096e-17
0
0
0
0
0
0
0
0
0
0
4.22705e-14
-6.53272e-14
0
0
0
0
0
6.24187e-17
0
0
0
0
0
0
0
0
0
0
0
0
0
0
0
0
0
0
0
0
0
0
0
9.30259e-17
0
0
0
1.42596e-13
0
3.75934e-15
0
0
0
0
0
0
0
0
0
6.62409e-16
0
0
0
0
0
0
0
0
0
0
0
2.15054e-16
-2.72606e-15
0
0
0
0
0
0
0
0
0
0
0
0
0
0
0
0
0
0
0
0
0
0
0
0
0
0
0
1.54234e-17
2.65077e-17
0
0
0
0
0
0
0
0
0
0
0
0
0
0
0
0
0
0
0
0
0
0
0
0
0
0
0
0
0
0
0
0
0
0
0
0
0
0
0
0
0
0
0
0
0
0
0
0
0
0
0
0
2.85997e-16
6.97058e-17
-1.41205e-16
0
0
0
0
0
0
0
0
0
-1.19721e-14
-1.43552e-14
0
0
0
0
-2.06373e-15
9.39713e-15
0
0
0
0
0
0
0
0
0
0
0
0
0
0
0
0
-1.52568e-14
0
3.21217e-14
0
0
0
0
0
-3.51797e-14
0
0
0
0
5.95526e-16
0
0
0
0
0
0
0
0
0
0
0
0
0
0
0
0
0
0
0
0
0
0
0
0
0
0
0
0
0
0
0
0
0
0
0
0
0
0
0
0
0
-8.75658e-18
0
0
0
0
0
0
0
-1.05124e-13
0
0
0
0
0
0
0
0
0
0
0
0
0
0
0
0
0
0
0
0
0
0
0
0
0
0
0
0
0
0
0
0
0
0
0
0
0
0
0
0
0
0
0
0
0
0
0
0
0
0
0
0
0
0
0
0
0
0
0
0
0
0
0
0
0
0
0
0
0
-1.60039e-14
0
0
0
0
0
0
0
0
0
0
0
0
0
0
0
0
0
0
0
0
0
0
0
0
0
0
0
0
0
0
0
0
0
0
0
0
0
0
0
0
0
3.14912e-17
-3.19298e-15
4.62181e-17
0
0
0
0
0
0
0
0
-1.01149e-15
-4.04581e-15
0
1.04134e-15
0
1.27779e-17
0
0
0
0
0
0
0
0
0
0
0
0
0
0
0
0
0
0
0
3.93392e-14
0
0
1.75079e-16
0
0
0
0
0
0
0
0
0
0
0
0
0
0
0
0
0
0
0
7.38996e-17
5.10534e-31
1.86294e-16
0
0
0
0
0
0
0
0
0
3.45817e-17
-3.37827e-18
0
0
0
0
0
0
0
0
0
0
0
0
0
0
0
0
0
0
0
0
0
0
0
0
0
0
0
0
0
0
0
0
0
0
0
0
0
-5.86116e-16
-3.30063e-16
0
0
0
0
2.97309e-16
-4.80545e-16
0
0
0
0
0
6.79178e-14
-3.27382e-29
0
0
0
-1.85848e-14
0
0
0
0
0
0
0
0
0
0
0
0
0
0
0
0
0
0
0
0
0
0
0
0
0
0
0
0
0
0
0
0
0
0
0
0
0
0
0
0
0
-2.56132e-14
0
0
0
0
0
0
0
0
4.05661e-16
-5.74471e-16
0
0
0
0
0
0
0
0
0
0
0
0
0
0
0
0
0
0
0
0
-2.99025e-15
0
0
0
0
0
0
0
0
0
0
0
0
0
3.9247e-16
1.94799e-16
0
0
0
0
0
0
0
0
0
0
0
0
0
0
0
0
0
0
0
0
0
0
0
0
0
0
0
0
8.01162e-14
0
0
0
0
0
0
0
0
0
0
0
0
0
0
0
0
0
0
0
-3.11029e-15
2.90813e-16
0
0
0
0
0
0
0
0
-1.0652e-14
-6.41817e-15
0
0
0
3.08637e-16
1.96338e-15
0
0
0
0
0
0
0
0
0
0
0
0
0
0
0
0
0
0
0
0
0
0
0
0
0
0
0
0
0
8.36082e-16
1.48536e-17
-1.35373e-16
0
0
0
0
0
1.09742e-16
2.51185e-16
0
-1.55922e-16
0
0
0
0
0
0
0
0
0
0
0
0
0
0
0
0
0
0
0
0
0
0
0
0
0
0
0
0
-1.99667e-16
0
0
0
0
3.9454e-16
1.51385e-16
0
0
0
0
0
0
0
0
0
0
0
0
0
0
0
0
-6.73021e-14
0
0
0
7.38359e-15
0
1.87316e-15
0
0
0
0
0
0
0
0
0
0
0
0
0
0
0
0
0
0
0
0
0
0
0
0
0
0
0
-3.81916e-16
0
0
0
1.52017e-14
-6.24545e-15
0
-3.29683e-16
5.42606e-17
0
0
0
0
-3.62363e-15
-2.56248e-14
0
0
0
0
0
0
0
0
0
0
0
0
0
0
0
0
0
5.02343e-17
0
0
0
0
0
0
0
0
0
0
0
0
0
0
0
0
0
0
0
0
0
3.74996e-16
-2.02069e-16
-8.08177e-15
0
0
0
0
0
0
0
0
0
0
0
-1.24953e-15
0
7.96224e-17
0
0
0
0
0
0
0
0
0
0
0
0
0
0
0
0
0
0
0
0
0
0
0
0
0
0
0
0
0
0
0
0
0
-1.4871e-15
0
0
0
0
0
0
0
0
0
0
0
0
0
0
0
0
0
0
0
0
0
0
0
0
1.38032e-16
-1.10715e-15
-8.38976e-17
0
0
2.77395e-16
0
0
0
0
0
0
0
0
0
0
0
-3.17235e-16
0
0
0
0
2.98665e-16
0
0
0
0
2.48827e-17
-1.60303e-17
0
0
0
0
0
0
0
0
0
-4.3023e-15
0
0
3.37885e-17
-4.92741e-17
0
0
0
0
0
0
0
0
0
0
0
0
0
0
0
0
0
0
0
0
0
0
0
0
0
0
0
0
-9.54769e-16
0
0
0
0
-4.01775e-15
-1.83301e-15
0
0
0
0
0
0
0
0
0
0
0
0
0
0
0
0
0
0
0
0
0
0
0
9.52706e-17
0
0
0
0
0
0
-4.8974e-15
0
0
0
0
0
0
0
0
0
0
0
0
0
0
0
0
0
0
0
0
0
0
-3.26391e-17
6.85177e-17
0
0
0
0
0
0
0
0
0
0
0
0
0
0
0
0
0
0
0
1.89113e-14
0
0
0
0
3.5255e-14
-1.44635e-14
0
0
-1.47996e-14
0
0
0
0
0
0
0
0
0
0
0
0
0
0
0
0
0
0
0
0
0
0
0
0
0
0
0
0
0
0
0
0
0
0
0
0
0
0
0
0
0
0
0
0
-1.26573e-18
0
0
0
0
0
0
0
0
0
0
0
0
0
0
0
0
0
0
0
0
0
0
0
0
0
0
0
0
0
0
0
0
0
0
0
0
0
0
0
0
0
0
0
0
0
0
0
0
0
0
0
0
0
0
0
0
0
0
0
0
0
0
0
0
0
0
0
0
0
0
0
0
9.08552e-16
0
0
0
0
0
0
0
0
0
0
0
0
0
0
0
0
0
0
0
0
0
0
0
0
0
0
0
0
0
0
0
0
0
0
0
0
0
0
0
0
0
0
0
0
0
0
0
0
0
1.18899e-17
-7.62578e-17
0
0
0
0
0
0
0
0
0
0
0
0
0
0
0
0
0
0
0
0
0
0
0
0
0
0
0
0
0
0
0
0
0
0
0
0
0
0
0
7.69358e-17
-8.1865e-15
1.38479e-16
0
4.17514e-15
-1.1044e-14
6.20622e-16
0
0
0
0
0
0
0
-4.34484e-17
0
0
0
0
0
0
0
0
0
0
0
0
-6.54476e-15
0
5.02205e-16
0
0
0
0
0
0
0
0
0
0
0
0
0
0
0
0
0
0
0
0
0
0
0
0
0
0
0
0
0
0
0
0
0
0
0
0
0
0
0
0
0
0
0
0
0
0
0
0
0
0
0
0
0
0
0
0
0
0
0
0
0
0
0
0
0
0
0
0
0
0
0
-5.17619e-16
0
3.27862e-16
0
0
0
0
0
0
0
0
0
0
0
0
0
0
0
0
0
0
0
0
0
0
0
0
0
0
0
0
1.95881e-14
0
-1.00553e-14
0
0
0
0
0
0
0
0
0
0
0
0
0
0
0
-2.66296e-18
5.6988e-17
0
0
0
0
0
0
-1.87158e-16
-2.47842e-15
0
0
0
0
0
0
0
0
0
0
0
0
0
4.14427e-17
0
0
0
0
0
0
0
0
0
0
0
0
0
0
0
0
0
0
0
0
0
0
0
0
0
0
0
0
0
0
0
0
0
0
0
0
-9.03732e-17
0
0
0
0
0
0
0
0
0
0
0
0
0
0
0
-1.69925e-15
0
0
0
0
0
0
-8.40835e-14
-3.03584e-16
0
0
0
0
0
0
0
0
0
0
0
0
0
0
0
0
0
0
0
0
0
0
0
0
0
0
0
0
0
0
0
0
0
0
0
0
-6.30783e-17
5.08624e-15
0
0
0
0
0
0
0
0
0
0
0
0
0
0
0
0
0
0
0
0
0
0
0
0
0
0
0
-2.0238e-16
9.44243e-16
0
0
0
0
0
0
0
0
0
0
8.36867e-16
0
5.59146e-16
0
0
0
0
0
0
0
0
0
0
0
0
0
0
0
0
0
0
0
0
0
0
0
0
0
-1.55981e-17
-1.97194e-17
4.70899e-17
0
0
0
0
0
0
0
0
0
0
0
0
0
0
0
0
0
0
0
0
0
-4.403e-17
0
0
0
0
-3.14023e-14
-7.62649e-14
0
0
0
0
0
0
0
0
0
0
0
0
0
0
0
0
0
0
0
0
0
0
0
0
0
0
0
0
0
0
0
0
0
0
0
0
0
0
0
0
0
0
0
0
0
0
0
0
0
0
0
0
0
0
0
0
0
0
0
0
0
0
0
0
0
0
0
0
0
0
0
0
0
0
0
0
0
0
0
0
0
0
0
0
0
0
0
0
0
0
0
0
0
0
0
0
0
0
0
0
0
0
0
0
0
0
0
0
0
0
0
0
0
0
0
0
0
0
0
0
0
0
0
0
0
0
0
0
0
0
0
-1.40601e-17
2.44588e-17
0
0
0
0
0
0
0
3.9977e-16
0
0
0
0
0
0
0
-3.72422e-17
1.66768e-17
0
0
0
0
0
0
0
0
0
0
0
0
0
0
0
0
1.57462e-14
0
0
0
0
0
0
0
0
0
0
0
0
0
0
0
0
0
0
0
0
0
0
0
0
0
0
0
0
0
0
0
0
0
0
0
0
-2.95261e-15
-5.49065e-17
0
0
0
0
0
0
0
0
0
0
0
0
0
0
0
0
0
0
0
0
0
0
0
0
0
0
0
0
0
0
0
0
0
0
0
0
0
0
0
0
0
0
-3.429e-17
-2.53633e-17
1.31212e-15
0
0
0
0
0
0
0
0
0
0
0
0
0
0
0
0
0
0
0
0
0
0
0
0
0
0
0
0
0
4.45014e-16
9.59258e-18
0
1.42706e-14
0
0
0
0
0
0
0
0
0
0
0
0
0
0
0
0
0
0
0
0
0
0
0
0
0
0
0
0
0
0
0
0
0
4.80503e-32
0
-2.38744e-15
0
0
0
0
0
0
0
0
0
0
0
0
0
0
0
0
0
0
0
0
0
0
0
0
0
0
0
0
0
0
0
0
0
0
0
0
0
0
0
0
0
0
0
0
0
0
0
0
0
0
0
0
0
0
0
0
0
0
0
0
0
0
0
0
0
0
0
0
0
0
0
0
0
0
0
0
0
0
0
0
0
0
0
0
0
0
0
0
4.35262e-18
-1.43015e-17
0
0
0
0
0
0
0
0
0
0
0
0
1.14425e-15
0
0
0
0
0
0
-3.11386e-16
0
0
0
0
0
0
0
0
0
0
0
0
0
0
0
0
0
0
0
0
0
0
0
0
0
0
0
0
0
0
0
0
0
0
0
0
0
0
0
0
0
0
0
0
0
0
0
0
0
0
0
0
0
0
0
0
0
0
0
0
0
0
0
0
0
0
0
1.04371e-15
0
0
0
-5.7376e-16
0
0
0
0
0
0
0
0
0
0
0
0
0
0
0
0
0
0
0
0
0
0
0
0
0
0
0
0
0
0
0
0
0
0
0
0
0
0
0
0
0
0
0
0
0
0
0
0
0
0
-2.92235e-17
-1.06564e-17
0
0
0
0
0
0
0
0
0
0
0
0
0
0
0
0
0
0
0
0
0
-1.79713e-15
-3.39898e-15
0
0
0
0
0
0
0
0
0
0
-1.57167e-16
5.90583e-17
0
0
0
0
0
0
0
0
0
0
0
1.95344e-16
-7.73581e-16
0
0
0
-2.64168e-16
2.56635e-18
0
0
0
0
-1.00797e-15
-8.2368e-15
0
0
0
0
0
0
0
0
0
0
0
0
0
0
0
0
0
0
0
0
0
0
0
0
0
0
0
0
0
-1.09023e-17
0
0
0
0
0
0
0
-4.43731e-15
2.45018e-17
0
0
0
0
0
0
0
0
0
0
0
0
0
0
0
0
0
0
0
0
0
0
0
0
0
0
0
0
-1.80863e-15
-2.03743e-16
0
0
0
0
0
0
0
0
0
0
0
0
0
0
0
0
0
0
0
0
0
0
0
0
0
0
0
0
0
0
0
0
0
0
2.53445e-16
0
0
0
-3.02588e-16
-1.01495e-14
0
0
0
0
0
0
0
4.98747e-17
0
0
0
0
0
0
0
0
0
0
0
0
0
0
0
0
0
0
0
0
0
0
0
0
0
0
0
0
0
0
0
0
0
0
0
-3.04313e-16
0
0
2.1345e-18
-1.74367e-17
-6.58383e-18
0
0
0
0
0
0
0
0
0
0
0
0
0
0
0
0
0
0
0
0
0
0
0
0
0
0
0
0
0
0
0
0
-1.09444e-17
7.20945e-18
0
0
0
0
0
0
0
0
0
0
0
0
0
0
0
0
0
0
0
0
0
0
0
0
0
0
0
0
0
0
0
0
0
0
0
0
0
0
0
0
0
0
0
0
0
0
0
0
0
0
0
0
0
0
0
0
0
0
0
0
0
0
0
0
0
0
0
0
0
0
0
0
0
0
2.50341e-15
0
-1.63803e-15
0
0
0
0
2.44384e-16
-8.09725e-17
0
0
0
0
0
0
0
0
0
0
0
0
0
0
0
0
0
0
0
0
0
0
0
0
0
0
0
0
1.22288e-15
-1.02107e-30
0
0
0
0
0
0
0
0
0
0
0
0
0
0
0
0
0
0
0
0
0
0
0
0
0
0
0
0
0
0
0
0
0
0
0
0
0
-3.08625e-16
0
0
0
0
0
0
0
0
5.13687e-17
0
0
0
0
0
0
0
0
0
0
0
0
0
0
0
0
0
0
0
0
0
0
0
0
0
0
0
0
0
0
0
0
0
0
-5.12036e-31
0
0
0
0
0
0
0
0
0
0
0
0
-1.44116e-14
0
0
0
0
0
1.26368e-15
-7.27494e-17
1.00615e-16
1.57605e-29
0
-8.47209e-18
3.12419e-17
0
0
0
0
0
0
0
0
-3.54524e-16
0
0
0
0
0
0
0
0
0
3.26742e-29
0
0
0
0
0
0
-6.3811e-18
0
0
0
0
0
0
0
0
0
0
0
0
0
0
-1.18969e-14
0
0
-4.9133e-17
0
0
0
0
0
4.92443e-14
-3.48481e-14
0
0
0
0
0
0
-1.23434e-17
-8.83767e-16
1.53405e-17
0
0
0
0
0
0
0
0
0
0
0
1.45434e-16
0
0
0
0
0
0
0
0
-1.91868e-17
0
0
0
0
0
0
0
0
0
0
0
0
0
0
0
0
0
0
0
0
0
0
0
0
0
0
0
0
0
0
0
-4.25999e-17
0
0
0
0
0
0
0
0
0
0
0
0
0
0
0
0
0
0
0
0
0
0
0
0
0
0
0
0
0
0
-1.94113e-13
2.07235e-14
0
0
0
0
0
0
0
0
0
0
0
0
0
0
0
0
0
0
0
0
0
0
0
0
0
0
0
0
0
-3.01287e-14
3.21525e-17
0
0
0
0
0
0
-1.46957e-15
-2.52702e-17
0
0
0
0
0
0
0
0
0
0
0
0
0
0
0
0
0
0
0
0
0
0
0
0
0
0
0
0
0
0
0
0
0
0
0
0
2.0529e-15
0
0
0
0
0
0
0
0
0
-5.36026e-16
4.06537e-16
0
0
0
0
0
0
0
0
0
0
0
0
0
0
0
0
0
0
0
0
0
0
0
0
0
0
0
0
0
0
0
0
0
0
0
0
0
0
0
0
2.90879e-15
0
0
0
0
0
0
0
0
0
0
0
0
0
0
0
0
-2.85612e-15
-2.16081e-15
0
0
0
0
0
0
0
0
-5.15664e-16
0
-1.43062e-16
1.00906e-30
0
0
0
0
0
0
0
0
0
0
0
0
0
0
0
0
0
0
0
0
0
0
0
0
0
0
0
-4.94501e-16
-6.88369e-17
0
0
0
0
0
2.35886e-14
0
0
1.40364e-16
0
0
0
0
0
0
0
0
0
0
0
0
0
0
0
0
0
0
0
0
0
0
0
0
0
0
0
0
0
4.58701e-16
0
0
0
0
-3.52672e-17
0
0
0
0
0
0
0
0
0
0
0
0
0
0
0
0
0
0
0
0
0
0
0
0
0
0
0
0
0
0
0
0
0
0
0
0
0
0
0
0
0
0
0
0
0
0
0
0
0
0
0
0
0
0
0
0
0
0
0
0
0
0
0
0
0
0
0
0
0
0
0
0
0
0
0
0
0
0
0
0
0
0
0
0
0
0
0
0
0
0
0
0
0
0
0
0
0
0
0
0
0
0
0
0
0
0
0
0
0
0
0
0
0
0
0
0
0
0
0
0
0
0
0
0
0
0
0
0
0
-3.04256e-17
0
0
-1.31745e-14
3.17649e-16
0
0
0
0
0
0
0
0
0
0
0
0
0
0
0
0
0
0
0
0
0
0
0
0
0
0
0
0
0
0
0
0
0
0
0
0
0
0
0
0
0
0
0
0
0
0
0
0
0
0
0
0
0
0
0
0
0
0
0
0
0
0
0
0
0
0
-1.22931e-15
-6.48531e-17
0
0
0
0
0
0
0
0
0
0
0
0
0
0
0
0
-4.29541e-14
-2.8432e-16
0
0
0
0
0
0
0
0
0
0
0
0
0
0
0
0
0
0
0
0
0
0
0
0
0
0
0
0
0
0
0
0
0
0
0
0
0
0
0
0
0
0
0
0
0
0
0
0
0
0
0
0
0
0
0
0
0
0
0
0
0
0
0
0
0
0
0
0
0
0
0
0
0
0
0
0
0
-1.07112e-15
0
0
0
0
0
0
0
0
0
0
0
0
0
0
0
0
0
0
0
0
0
0
0
0
0
-2.39429e-15
8.19602e-17
0
0
0
0
0
0
0
0
0
0
0
0
0
0
0
0
0
0
0
0
0
0
0
0
0
0
0
0
0
0
0
0
0
0
0
0
0
0
0
0
0
0
0
0
1.34608e-16
-3.16452e-16
0
0
0
3.8761e-17
-1.14168e-15
0
0
0
0
0
0
0
0
-2.60042e-17
0
0
0
0
0
0
0
0
3.74019e-16
-1.93227e-16
0
0
0
0
0
0
0
0
0
0
0
0
0
0
2.10105e-15
1.24042e-14
0
0
0
0
0
0
0
0
0
0
0
0
0
0
0
0
0
0
0
0
0
0
0
0
0
0
0
0
0
0
0
0
0
0
0
0
0
0
0
0
0
0
0
0
0
0
0
0
0
0
0
0
0
0
0
0
0
0
0
0
0
0
0
0
0
0
0
0
0
0
0
0
0
0
0
0
0
0
3.33529e-17
0
0
0
0
0
0
0
0
0
0
0
0
0
0
0
0
0
0
0
0
0
0
0
2.4731e-17
6.40966e-17
0
0
0
0
0
0
0
0
0
0
0
0
0
0
0
0
0
0
0
0
0
0
0
0
0
4.16522e-18
-2.47838e-17
0
0
0
0
0
0
0
0
0
0
-1.59596e-15
0
0
0
0
0
0
0
0
0
0
0
0
0
0
0
0
0
0
0
0
0
0
0
0
0
0
0
-6.33816e-16
0
0
0
0
0
0
0
0
0
0
0
0
0
0
0
0
2.936e-16
-7.48103e-17
0
0
0
0
0
0
0
0
0
0
0
0
0
0
0
0
0
0
0
-3.52012e-14
-2.6678e-14
0
0
0
3.67253e-17
0
0
0
0
0
0
0
0
0
0
0
0
-6.16961e-14
7.45386e-17
0
0
0
0
0
0
0
0
0
0
1.9423e-15
3.45057e-15
-1.01584e-13
0
0
0
0
0
0
0
0
0
0
0
0
0
0
0
0
0
0
0
0
0
0
0
0
0
0
0
0
1.58995e-14
0
0
0
0
2.79022e-17
0
0
0
0
0
0
0
7.20607e-16
0
0
0
0
0
0
0
0
0
0
0
0
0
0
0
0
0
0
0
0
0
0
0
0
0
0
0
0
0
0
0
0
1.4936e-15
0
0
0
0
0
0
0
0
0
0
0
0
0
0
0
0
0
0
0
0
0
0
0
0
0
0
0
0
3.64326e-14
9.57781e-15
0
0
0
-3.53488e-16
0
0
0
0
0
0
0
0
0
0
0
0
0
0
0
0
0
0
0
0
0
0
0
0
0
0
0
0
0
0
0
0
0
0
0
0
0
0
0
-1.03252e-15
-1.27385e-15
8.31312e-16
0
0
-5.54896e-17
0
0
0
0
0
0
0
0
0
0
0
0
0
0
0
0
0
0
0
0
0
9.9756e-16
-2.07802e-15
7.1388e-17
0
0
0
0
0
0
0
0
0
0
0
0
0
0
0
-1.15535e-16
1.14349e-15
0
0
0
0
0
0
0
0
0
0
0
0
0
0
0
0
0
0
0
0
0
0
0
0
0
0
0
0
0
0
0
0
0
0
0
0
0
0
0
0
0
0
5.19605e-17
-1.31046e-17
0
0
9.32269e-17
0
0
0
0
0
0
0
0
0
0
0
0
0
0
0
0
0
0
0
0
0
0
0
0
0
0
0
0
0
0
0
0
0
-8.62887e-17
-5.59107e-17
0
0
0
0
0
0
0
4.20542e-17
0
0
0
0
-5.25393e-15
1.82981e-15
0
0
0
-4.51311e-14
0
-1.59089e-14
0
1.14426e-13
0
0
0
0
0
0
0
0
0
0
0
0
0
0
0
0
0
0
0
0
0
0
0
0
0
0
0
0
0
0
0
0
0
0
0
0
0
-2.32596e-16
0
0
0
0
0
0
0
0
0
0
0
0
0
0
0
0
0
0
0
0
0
0
0
0
0
0
0
0
0
0
0
0
0
0
0
0
0
0
0
0
0
4.98456e-15
0
0
0
0
0
0
0
0
0
0
0
0
0
0
0
0
0
0
0
0
0
0
0
0
0
0
0
0
0
0
0
0
-8.8359e-17
-4.52415e-17
0
0
0
0
0
0
3.43758e-14
0
0
0
0
0
0
0
0
0
0
0
0
0
0
0
0
0
0
0
0
0
0
0
0
0
0
0
0
0
0
0
0
0
0
0
0
-7.36589e-16
0
0
0
0
0
0
0
0
0
0
0
0
0
0
0
0
1.35876e-17
0
0
0
0
0
0
0
-1.7777e-16
4.9299e-16
0
0
0
0
0
0
0
0
0
0
0
0
0
0
0
0
0
0
0
0
0
0
0
0
0
0
0
0
0
0
0
0
0
0
0
0
0
0
0
0
0
0
0
-1.3495e-15
0
0
0
0
0
0
0
0
0
0
0
0
0
0
0
0
0
0
0
0
0
0
0
0
0
0
0
0
0
0
0
0
0
0
0
0
0
0
0
0
0
0
0
0
0
0
0
0
0
0
0
0
0
0
0
0
0
0
0
0
0
0
0
0
0
0
0
0
0
0
0
0
-1.80887e-15
6.57337e-17
0
0
0
0
0
0
0
0
0
0
0
0
0
0
0
0
0
0
0
0
0
0
0
0
0
0
0
0
0
0
0
0
0
0
0
0
1.30988e-17
5.70445e-17
0
0
0
0
0
0
0
0
0
0
0
0
0
0
0
0
0
0
0
0
0
0
0
0
0
0
0
0
2.04024e-17
0
0
0
0
0
0
0
0
0
0
0
0
0
0
0
0
0
0
0
0
0
-5.73809e-15
0
0
0
0
0
0
0
0
0
0
0
0
0
0
0
0
0
0
0
0
0
0
0
0
0
0
0
0
0
0
0
0
0
0
0
0
0
0
0
-1.443e-15
0
0
0
0
-8.46445e-16
2.76123e-15
0
0
0
0
0
0
0
0
0
0
0
0
0
0
0
0
0
0
0
0
0
0
0
0
-2.56262e-14
-5.91469e-15
0
0
3.38786e-16
0
0
0
0
0
0
0
0
0
0
0
0
0
0
0
0
-2.90598e-14
0
0
0
0
0
0
0
0
0
0
0
0
0
0
0
4.92948e-16
0
0
0
0
0
0
0
0
0
0
0
0
0
0
0
0
0
0
0
0
0
0
0
0
0
0
0
0
0
0
0
0
0
0
0
0
0
0
0
0
0
0
0
0
1.24085e-16
0
0
0
0
0
0
0
0
0
0
0
0
0
0
0
-3.08209e-16
0
0
0
0
0
0
-1.21129e-15
0
0
0
0
0
0
0
0
0
0
0
0
0
0
0
0
0
0
0
0
0
0
0
0
0
0
0
0
0
0
0
0
0
0
0
0
0
0
0
0
0
0
0
0
0
0
0
0
0
0
0
0
0
0
0
0
0
0
0
0
0
0
0
0
0
0
0
0
0
0
0
0
0
0
0
0
0
0
0
0
0
0
0
0
0
0
0
0
0
0
0
0
0
0
0
0
0
0
0
1.33879e-16
0
0
0
0
0
0
0
0
0
0
0
0
0
0
0
0
0
0
0
0
0
0
0
0
0
0
0
0
0
0
0
0
0
0
0
0
0
0
0
0
0
0
0
0
0
0
0
0
0
0
0
0
4.19337e-15
-2.17717e-15
6.55406e-29
0
0
0
0
0
0
0
0
0
0
0
0
0
0
0
0
0
0
-1.3302e-15
0
0
0
-4.11936e-16
-1.55318e-16
0
0
0
0
0
0
0
0
0
0
0
0
0
0
0
0
0
0
0
0
0
0
0
0
0
0
0
0
0
0
0
0
0
0
0
0
0
-3.41146e-16
2.55833e-15
-4.76341e-15
-5.59599e-14
-9.05253e-15
0
0
0
0
-7.64997e-17
-6.54876e-17
0
0
0
0
0
0
0
0
0
0
0
0
0
0
0
0
0
0
0
0
0
0
0
0
0
0
0
0
0
0
0
0
0
0
0
0
0
0
0
0
0
-8.98805e-17
1.93103e-16
4.98354e-16
0
0
0
0
0
0
0
0
0
0
0
0
0
0
0
8.65683e-15
0
-5.31456e-17
0
0
0
1.01105e-14
-1.40234e-14
0
0
0
0
0
-5.43331e-17
3.32995e-15
3.29633e-15
0
0
0
0
0
0
0
0
0
0
0
0
0
0
0
0
0
0
0
0
0
0
0
0
0
0
0
0
0
0
0
0
0
0
0
0
0
0
0
0
0
0
0
0
0
1.13534e-17
0
0
0
0
3.84003e-17
0
0
0
0
0
-2.16975e-15
0
0
0
0
0
0
3.50617e-17
1.34878e-17
0
0
0
0
0
0
0
0
0
0
0
0
0
0
0
0
0
0
0
0
0
0
0
0
0
0
0
0
0
0
0
0
0
0
0
0
0
0
0
0
0
0
0
0
0
0
0
0
-5.94164e-15
0
1.37848e-14
0
0
0
0
0
0
0
0
0
0
0
0
0
0
0
0
0
-4.23181e-15
0
-2.01666e-14
0
0
0
-3.90774e-14
0
0
0
0
0
0
0
0
0
0
0
0
0
0
0
0
0
0
0
0
0
0
0
0
0
0
0
0
0
0
0
0
6.13173e-14
3.80398e-14
0
0
0
0
0
0
0
0
0
0
0
2.26842e-14
0
0
0
0
0
0
0
0
0
0
0
0
0
0
0
0
0
0
0
0
0
0
0
0
0
0
0
0
0
0
0
0
0
0
0
0
0
0
0
0
0
0
0
0
0
0
0
0
-1.81486e-17
0
0
0
0
0
0
0
0
0
0
0
0
0
0
0
0
0
0
0
0
0
0
0
0
0
0
0
0
0
0
0
0
0
0
0
0
0
0
0
0
0
0
0
0
0
0
0
0
0
0
0
0
0
0
0
0
0
-3.39122e-14
0
6.00788e-15
0
0
0
0
0
0
0
-3.49656e-16
8.1752e-15
0
0
0
0
0
0
0
0
0
0
0
0
0
0
0
0
0
0
0
0
0
0
0
0
0
0
0
0
0
0
0
0
0
0
0
0
0
0
0
0
0
0
0
0
0
0
0
0
0
0
0
0
0
0
0
0
0
0
0
0
0
0
0
0
0
0
0
0
0
0
0
0
0
0
0
0
0
0
0
0
0
0
0
7.963e-14
0
0
0
1.25355e-16
6.94122e-15
0
0
0
0
0
0
0
0
0
0
0
0
0
0
0
0
0
0
0
0
0
0
0
0
0
0
0
0
0
0
0
0
0
0
0
0
0
0
0
0
0
0
0
0
0
0
0
0
0
0
0
0
0
0
0
0
0
0
0
0
0
0
0
0
0
0
0
0
0
0
0
0
0
0
0
0
0
0
0
0
0
0
0
0
0
0
0
0
0
1.4926e-14
2.52319e-15
2.50134e-17
8.65812e-16
0
0
0
0
0
0
0
0
0
0
0
0
0
0
0
-2.5903e-14
-2.36779e-14
0
0
0
0
0
0
0
0
0
0
0
0
0
0
0
-2.36054e-14
0
0
0
0
0
0
0
1.34062e-18
3.30861e-16
0
0
0
0
0
0
0
0
0
0
0
0
0
0
0
0
0
0
0
0
0
0
0
0
0
0
0
0
0
0
0
0
0
0
0
0
0
0
0
0
0
0
0
0
0
0
0
0
1.00145e-17
-1.31412e-16
3.7053e-17
0
0
0
0
0
0
0
0
0
0
0
0
0
0
0
-4.65207e-15
0
0
0
0
0
0
0
0
0
0
0
0
0
0
0
0
0
0
0
0
0
0
0
0
0
0
0
0
0
0
0
0
0
0
0
0
0
0
-1.03257e-15
0
0
0
-4.78198e-16
0
0
0
0
0
0
0
0
0
0
0
0
0
0
0
0
0
0
0
0
0
0
2.14909e-17
0
0
0
-9.6192e-15
0
0
0
0
0
0
0
0
0
0
0
0
0
0
0
0
0
0
0
0
0
5.13071e-14
0
0
0
0
0
0
0
0
0
0
0
0
0
0
0
0
0
0
0
0
0
0
0
3.72295e-16
0
0
0
0
0
0
0
0
-4.83481e-17
0
0
0
0
0
0
0
0
0
0
7.01412e-16
0
0
0
1.20991e-14
0
0
0
0
0
0
0
0
0
0
0
0
0
0
0
0
0
0
0
0
0
0
0
0
0
0
0
0
2.58877e-15
0
0
0
0
0
0
0
0
0
5.28179e-16
0
0
0
0
-3.22898e-29
0
0
0
0
0
0
0
0
0
0
0
0
0
0
0
0
0
0
0
0
0
0
0
0
0
0
0
7.27381e-14
0
0
0
4.89708e-17
0
0
0
0
0
0
0
0
0
0
0
0
0
0
0
0
0
0
0
0
0
0
0
0
0
0
0
0
0
0
0
9.8066e-15
6.34535e-15
0
0
0
0
0
0
0
0
0
0
0
0
0
0
0
0
0
0
0
0
0
0
0
0
0
0
0
0
0
0
0
0
0
0
0
0
0
0
0
0
0
0
0
0
0
0
0
0
0
0
0
0
0
0
-3.07917e-14
5.88437e-14
0
0
0
0
0
0
0
0
1.98788e-16
-7.69991e-17
0
0
0
0
0
0
0
-2.19109e-16
1.30553e-17
5.73335e-17
0
0
0
0
0
0
0
0
0
0
0
0
0
0
0
0
0
0
1.4047e-17
0
-4.75662e-14
0
0
0
0
0
0
0
0
0
0
0
0
0
0
0
0
0
0
0
0
0
0
0
0
0
0
0
0
0
0
0
0
0
0
0
0
0
0
0
0
0
0
0
0
0
0
0
0
0
0
0
0
0
0
0
0
0
0
0
0
0
0
0
0
0
0
0
0
0
0
0
0
0
0
0
0
0
0
0
0
0
0
0
0
0
0
0
0
0
0
0
0
0
0
0
0
0
0
0
0
0
0
0
0
0
0
0
0
0
0
0
0
0
0
0
0
0
0
-3.0823e-17
-2.23308e-16
0
0
0
0
0
0
0
0
0
0
0
0
0
0
0
0
0
0
0
0
0
0
0
0
0
0
0
0
0
-7.89763e-16
5.15196e-16
0
0
0
0
0
0
-3.78943e-14
0
0
0
0
0
0
0
0
0
0
0
0
0
0
0
0
1.30299e-14
-2.87692e-17
0
0
0
0
0
0
0
0
0
0
0
0
0
0
0
0
0
0
-6.13786e-17
2.36393e-16
0
0
0
0
0
0
0
0
1.68576e-17
0
-1.13725e-16
0
0
0
0
0
0
0
0
0
0
0
0
0
0
0
0
0
0
0
0
0
0
0
0
0
0
0
0
0
0
0
0
0
0
0
0
0
0
0
0
0
0
0
0
0
0
0
0
0
0
0
0
0
0
0
0
0
-7.613e-15
0
-4.12157e-16
0
0
0
0
0
0
0
0
0
0
0
-7.01215e-15
-5.58408e-16
0
0
0
0
0
0
0
0
0
0
0
0
0
0
0
0
0
0
-2.90344e-14
-2.97707e-14
0
0
-2.46057e-16
9.23094e-17
0
0
0
0
0
0
0
0
0
0
0
0
0
0
0
0
0
0
0
0
0
0
0
0
0
0
0
0
0
0
0
0
0
0
0
0
0
0
0
0
0
0
0
0
0
0
0
0
0
0
0
0
0
0
0
0
0
0
0
0
0
0
0
0
0
0
0
0
0
0
9.72233e-17
-1.68971e-16
0
0
0
0
0
0
0
-2.18354e-17
0
0
0
0
0
0
0
0
0
0
0
0
1.39529e-16
0
0
0
0
0
0
0
0
0
0
0
0
0
0
0
0
0
0
0
0
0
0
0
0
0
0
0
0
0
0
0
0
0
0
0
0
0
0
0
0
0
0
0
0
0
0
0
0
0
0
0
0
0
0
0
0
0
-6.39426e-18
0
0
0
0
0
0
0
0
0
0
0
0
0
0
0
0
0
0
0
0
0
-2.46363e-14
0
2.96131e-15
0
0
0
0
0
0
0
0
0
0
0
0
0
0
0
0
0
0
0
0
0
0
0
0
0
0
0
0
0
0
0
0
0
0
0
0
0
6.52458e-17
8.45577e-15
0
0
0
0
0
0
0
0
0
0
0
0
0
0
0
0
0
0
0
0
0
0
0
0
0
0
0
0
0
0
0
0
0
0
0
7.41115e-14
2.78209e-14
0
0
0
0
0
0
0
0
2.2318e-16
-7.89707e-16
0
0
0
0
0
0
0
0
7.10434e-14
1.72846e-15
0
0
0
0
0
0
0
0
0
0
0
0
0
0
0
0
0
0
0
0
0
3.77106e-15
0
1.39279e-14
0
0
0
0
0
0
0
0
0
0
0
0
0
0
0
0
0
0
0
0
0
0
0
0
0
0
0
0
0
0
0
0
0
0
0
0
0
0
0
0
0
0
0
0
0
0
0
0
0
0
0
0
0
0
0
0
0
0
0
0
0
0
0
0
0
0
0
0
0
0
4.67201e-16
0
0
0
0
0
0
0
0
0
0
0
0
0
0
0
0
0
0
0
0
-8.74773e-14
6.78589e-15
0
0
0
0
0
0
0
0
0
0
0
0
0
0
0
0
0
-2.07282e-14
0
0
0
0
0
0
0
0
0
0
0
0
0
0
0
0
0
0
0
0
0
0
0
0
0
0
0
0
0
0
0
0
0
0
0
0
0
0
0
0
0
0
0
0
0
0
0
0
0
0
0
0
0
0
0
0
0
0
0
0
0
0
0
0
0
0
0
1.14862e-15
0
0
0
0
0
0
0
0
0
0
0
0
0
0
0
0
0
0
0
0
0
0
0
0
0
0
0
0
0
0
0
0
0
0
0
0
0
0
0
0
0
0
1.42917e-16
-6.68956e-14
0
0
0
0
0
0
0
0
0
0
0
0
0
0
0
0
0
0
0
0
0
0
0
0
0
0
0
0
9.83707e-16
-5.6093e-16
0
0
0
0
0
0
0
0
0
0
0
0
0
0
0
0
0
0
0
0
0
0
0
0
0
0
0
0
0
0
0
0
0
0
0
0
0
0
0
0
0
0
0
0
0
0
0
0
0
0
0
0
0
0
0
0
0
0
0
0
0
0
-5.88917e-14
0
0
0
0
0
0
0
0
0
0
0
0
0
0
0
0
0
0
0
0
0
0
0
0
2.10269e-16
0
0
0
0
0
0
0
0
0
0
0
0
0
0
0
0
0
0
0
0
0
0
0
0
0
0
0
0
0
0
0
0
0
0
0
0
0
0
8.24898e-14
0
0
0
0
0
0
0
0
0
0
0
0
0
0
0
0
0
0
0
0
0
0
0
0
0
0
0
0
0
0
0
0
0
0
0
-2.9747e-17
4.07452e-17
0
0
0
0
0
0
0
0
0
0
0
0
0
0
0
0
0
0
0
0
0
0
0
0
0
0
0
0
0
0
0
1.13096e-14
0
0
-1.18473e-17
-2.95774e-17
0
0
0
0
0
0
0
0
0
0
0
0
0
0
0
0
0
0
0
0
0
0
0
0
0
0
0
0
0
0
5.05744e-14
0
0
0
0
0
0
0
0
0
0
0
-1.37664e-14
0
0
0
0
0
0
0
0
0
0
0
0
0
0
0
0
0
0
0
0
0
0
0
0
0
0
0
0
0
0
0
0
0
0
0
0
0
0
0
0
0
0
0
0
0
0
0
0
0
0
0
0
0
0
0
0
0
0
0
0
0
0
0
0
0
0
0
0
0
0
0
0
0
0
0
0
0
0
0
0
0
0
0
0
0
0
0
0
0
0
0
0
0
0
0
0
0
0
0
0
0
0
0
0
0
0
0
0
0
0
0
0
0
0
0
0
9.57881e-18
2.3915e-17
0
0
0
0
0
0
0
0
0
0
0
0
0
0
0
0
0
0
0
0
0
0
0
0
0
1.01723e-15
0
0
0
0
0
0
0
0
0
0
0
0
0
0
0
0
0
0
0
0
0
0
0
0
0
0
0
-3.48606e-17
0
2.49062e-17
0
0
0
0
0
0
0
0
0
0
7.68179e-17
0
0
0
0
0
9.39647e-14
0
0
0
0
0
0
0
0
0
0
0
0
0
0
0
0
0
0
0
0
0
0
0
0
0
0
0
0
2.25531e-15
-1.95355e-15
7.71798e-17
0
0
0
0
0
0
0
0
0
0
0
0
0
0
0
0
0
0
0
0
0
0
0
0
0
0
0
0
0
0
0
0
0
0
0
0
0
0
0
7.36031e-14
-5.72006e-16
0
0
0
0
0
0
0
0
0
0
0
0
0
0
0
0
0
0
0
6.98352e-17
0
0
0
0
0
0
0
0
0
0
0
0
0
0
0
0
0
0
0
0
0
0
0
0
0
0
0
0
0
0
0
0
0
0
0
0
0
0
0
0
0
0
0
0
0
0
0
0
0
0
0
0
0
0
0
0
0
0
0
0
0
0
0
-4.12378e-16
0
0
0
0
0
0
0
0
0
0
0
0
0
0
0
0
0
0
0
0
0
0
0
0
0
0
0
0
0
0
0
0
0
0
-2.3267e-15
0
0
0
0
0
2.51746e-15
-4.8857e-15
0
0
0
1.52352e-13
0
0
0
0
0
0
0
0
0
0
0
0
0
0
0
-4.15973e-17
2.20616e-14
0
0
0
0
0
0
0
0
0
0
0
0
0
0
0
0
0
0
0
0
0
0
0
0
0
0
0
0
0
0
0
0
0
0
0
0
0
0
0
0
0
0
0
0
0
0
0
0
-4.1468e-17
0
0
0
0
0
0
0
0
0
0
0
0
0
0
0
0
0
0
0
0
0
0
0
0
0
0
0
0
0
0
0
0
0
0
0
0
0
0
0
0
0
0
0
0
0
0
0
0
0
0
0
0
0
0
0
-1.18386e-17
4.14211e-17
0
0
0
0
0
0
0
0
0
0
0
0
0
0
0
0
0
0
0
0
0
0
0
0
0
0
0
0
0
0
0
0
0
0
0
0
0
0
0
0
0
0
0
0
0
0
0
0
0
0
0
0
0
0
0
0
0
0
0
0
0
-3.1388e-16
0
-1.55998e-16
0
0
0
2.89411e-16
-2.57437e-16
0
0
0
0
0
0
0
0
0
0
0
0
0
0
0
0
0
0
0
0
0
0
0
0
0
0
0
0
0
0
0
0
0
0
0
0
0
0
0
0
0
0
0
0
0
0
0
3.68526e-14
0
0
0
0
0
0
0
0
0
0
0
0
0
0
0
0
0
0
0
0
0
0
0
0
0
0
0
0
0
0
0
0
0
0
0
0
0
0
0
0
0
0
0
0
0
0
0
0
0
0
0
0
0
0
0
0
0
0
0
0
5.30382e-15
1.47854e-14
0
0
0
0
0
0
0
0
0
0
0
0
0
0
0
1.73937e-14
0
0
0
0
0
0
0
0
0
0
0
0
0
0
0
0
0
0
0
0
0
0
0
0
0
0
0
0
0
0
0
0
0
0
0
0
0
0
0
0
0
0
0
0
0
0
0
0
0
0
0
0
0
0
0
0
0
0
0
0
0
0
0
0
0
0
0
0
0
0
0
0
0
0
0
0
0
0
0
0
0
0
0
0
0
0
0
0
0
0
0
0
0
0
0
0
0
0
0
0
0
0
0
0
0
0
0
1.10451e-16
0
0
0
0
0
0
0
0
0
0
0
0
0
0
0
0
0
0
0
0
0
0
0
0
0
0
0
0
0
0
0
0
0
0
0
0
0
0
0
0
0
0
0
0
0
0
0
0
0
0
0
0
0
0
0
0
0
0
0
0
0
0
0
0
0
0
0
0
0
0
0
0
0
0
0
0
0
0
0
0
0
0
0
0
0
0
0
0
0
0
0
0
0
2.67402e-16
-7.90373e-15
0
0
0
0
0
0
0
0
0
0
0
0
0
0
0
0
0
0
0
0
2.5936e-16
0
0
0
0
0
0
0
0
0
0
0
0
0
0
0
0
0
0
0
0
0
0
0
0
0
0
0
0
-1.94541e-14
0
0
0
0
0
0
0
0
0
0
0
0
0
0
0
0
0
0
0
0
0
0
0
0
0
0
0
0
0
0
0
0
0
0
0
0
0
0
0
0
0
0
0
0
0
0
0
0
0
0
0
0
0
0
0
0
0
0
0
0
0
0
0
0
0
0
0
0
0
0
0
0
2.28312e-14
0
0
0
0
0
0
0
0
0
0
0
0
0
0
0
0
0
0
0
0
0
0
0
0
0
0
0
0
0
0
0
0
0
0
0
0
0
0
0
0
0
5.99953e-17
-2.42794e-16
0
0
0
0
0
0
0
0
0
0
0
0
0
0
0
0
0
1.16726e-14
0
0
0
0
0
0
0
0
0
0
0
0
0
0
0
0
0
0
0
0
0
0
0
0
0
0
0
0
0
0
0
0
0
0
0
0
0
0
0
0
-1.74342e-14
2.60218e-15
0
0
0
0
0
0
0
0
0
0
0
0
0
0
0
0
0
0
0
0
0
0
0
0
0
0
0
0
0
0
0
0
0
0
0
0
0
0
0
0
0
0
0
9.83409e-15
0
0
0
0
0
0
0
0
0
3.18839e-16
-2.15819e-16
0
0
0
0
0
0
0
0
0
0
0
0
0
0
0
0
0
0
0
0
0
0
0
0
0
0
0
0
0
0
0
0
0
0
0
0
0
0
0
0
0
0
0
0
0
0
0
0
0
0
0
0
0
0
0
0
0
0
0
0
0
0
0
0
0
0
0
0
0
0
0
0
0
0
0
0
0
0
0
0
-1.78471e-16
3.04766e-16
0
0
0
0
0
0
0
0
0
0
0
0
0
0
0
0
0
0
0
0
0
0
0
0
0
0
0
0
0
0
0
0
0
0
0
0
0
0
0
0
0
0
0
0
0
0
0
0
0
0
0
0
0
0
0
0
0
0
0
3.69669e-14
0
0
0
0
0
0
0
0
0
0
0
0
0
0
0
0
0
0
0
0
0
0
0
0
0
0
0
0
0
0
0
0
0
0
0
0
0
0
0
0
0
0
0
0
0
0
0
0
0
0
0
0
0
0
0
0
0
-1.90949e-14
0
0
0
0
0
0
0
0
0
0
0
0
0
0
0
0
0
0
0
0
0
0
0
0
0
0
0
0
0
0
0
0
0
0
0
0
0
0
0
0
0
0
0
0
0
0
0
0
0
0
0
-5.64974e-16
0
0
0
0
0
0
0
0
0
0
-2.0465e-14
0
0
0
0
0
0
0
0
0
0
0
0
0
0
0
0
0
0
0
0
0
0
0
0
0
0
0
0
0
0
0
0
0
0
0
0
0
0
0
0
0
0
0
0
0
0
0
0
0
0
0
0
0
0
0
0
0
0
0
0
0
1.23601e-16
0
0
0
-2.99584e-14
1.04092e-15
0
0
0
0
0
0
0
0
0
0
0
1.32027e-15
4.43549e-16
0
0
0
0
0
0
0
0
0
0
-3.09452e-16
0
0
0
0
0
0
0
0
0
0
0
0
0
0
0
0
0
0
0
0
0
0
0
0
0
0
0
0
0
0
0
0
0
0
0
0
0
0
0
0
0
0
0
0
0
0
0
0
0
0
0
0
0
0
0
0
0
0
0
0
0
0
0
0
0
0
0
0
0
0
0
0
0
0
0
0
0
0
0
0
0
0
0
0
0
0
0
0
0
0
0
0
0
0
0
0
0
0
0
0
0
0
0
0
0
0
0
0
0
0
0
0
0
0
0
0
0
0
0
0
0
0
0
0
0
0
0
0
0
0
0
0
0
0
0
0
0
0
0
0
0
0
0
0
0
0
0
0
0
0
0
2.44397e-15
-2.9039e-14
0
0
0
0
0
0
0
0
0
0
0
0
0
0
0
0
0
0
0
0
0
0
0
0
0
0
0
0
0
0
0
7.57973e-15
0
0
0
0
0
0
0
0
0
0
0
0
0
0
0
0
0
0
0
0
0
0
0
0
0
0
0
0
0
0
0
0
0
0
0
0
0
0
3.65601e-17
1.55541e-15
0
0
0
0
0
0
0
-9.46752e-16
0
0
0
0
0
0
0
0
0
0
0
0
0
0
0
0
0
0
0
0
0
0
0
0
0
0
-2.04193e-16
0
0
0
0
0
0
0
0
0
0
-2.26159e-14
-2.55638e-14
0
0
0
0
0
0
0
0
0
0
0
0
0
0
0
0
0
0
0
0
0
0
0
0
0
0
0
0
0
0
0
0
0
0
0
0
0
0
0
0
0
0
0
0
0
0
0
0
0
0
0
0
0
0
0
0
0
0
0
0
0
0
0
0
0
0
1.23533e-16
0
0
0
0
0
0
0
0
0
0
0
0
0
0
0
0
0
0
0
0
0
0
0
0
0
0
0
0
0
0
0
0
0
0
0
0
0
0
0
0
0
0
0
0
0
0
0
0
0
0
0
0
0
0
0
0
0
0
0
0
0
0
0
0
0
0
0
0
0
0
0
0
0
0
0
0
0
0
0
0
0
0
0
0
0
0
0
0
0
0
0
0
0
-3.18281e-15
0
0
0
0
0
0
0
0
0
0
0
0
0
0
0
0
0
0
0
0
0
0
0
0
0
0
0
0
0
0
0
0
0
0
0
0
0
0
0
0
0
0
0
0
0
0
0
0
0
0
0
0
0
6.14894e-16
-2.59721e-17
0
0
0
0
0
0
0
0
0
0
0
0
0
0
0
0
0
0
0
0
0
0
0
0
0
0
0
0
0
0
0
0
0
0
0
0
0
0
0
0
-2.39216e-14
0
2.91191e-14
0
0
0
-2.96886e-17
0
0
0
0
0
-8.8209e-16
-9.84069e-29
0
0
0
0
0
0
0
0
0
0
0
0
0
0
0
0
0
0
0
0
0
0
0
0
0
0
0
0
0
0
0
0
0
0
0
0
0
0
0
0
0
0
0
0
0
0
0
0
0
0
0
0
0
0
0
0
0
0
0
0
0
0
0
0
0
0
0
0
0
0
0
0
0
0
0
0
0
0
0
0
0
0
0
0
0
0
0
0
0
0
0
0
0
0
0
0
0
0
0
0
0
0
0
0
0
0
0
0
0
0
0
0
0
0
0
0
0
0
0
0
0
0
0
0
0
0
0
0
0
0
0
0
0
0
0
0
0
0
0
0
0
0
0
0
0
0
0
0
0
0
0
0
0
0
0
0
0
0
0
0
0
0
0
0
0
0
0
0
0
0
0
0
0
0
0
0
0
0
0
0
0
0
0
0
0
0
0
0
0
0
0
0
0
0
0
0
0
0
0
0
0
0
0
0
0
0
0
0
0
0
0
0
0
0
0
0
0
0
1.31747e-14
0
0
0
0
0
0
0
0
0
0
0
0
0
0
0
0
0
0
0
0
0
0
0
0
0
-2.3994e-14
0
0
0
0
0
1.49989e-14
0
0
0
0
0
0
0
0
0
0
0
0
0
0
0
0
0
0
0
0
0
0
0
0
0
0
0
0
0
0
0
8.05398e-14
-1.51265e-14
0
0
0
0
0
0
0
0
0
0
0
0
0
0
0
0
0
0
0
0
0
0
0
0
0
0
0
0
0
0
0
0
0
0
0
0
0
0
0
0
0
0
0
0
0
0
0
0
-2.632e-14
0
-5.192e-14
0
0
0
0
0
3.47805e-17
-2.59467e-17
0
0
0
0
0
0
-8.04497e-14
0
0
0
0
0
0
0
0
0
0
0
0
0
0
0
0
0
0
0
0
0
0
0
0
0
0
0
0
0
0
0
0
0
0
0
0
0
0
0
0
0
0
0
0
0
0
0
0
0
0
0
0
0
0
0
0
0
0
0
0
0
0
0
0
0
0
0
0
0
0
0
0
0
0
0
0
0
0
0
0
0
0
0
0
0
0
0
0
0
0
0
0
0
0
0
0
0
0
0
0
0
0
0
0
0
0
0
0
0
0
0
0
0
0
0
0
0
0
0
0
0
0
0
0
0
0
0
0
0
0
0
0
0
0
0
0
0
0
0
0
0
0
0
0
0
0
0
0
0
0
0
0
0
-6.19478e-17
-6.79944e-17
0
0
0
0
0
0
0
0
0
0
0
0
0
0
0
0
0
3.91209e-17
-2.44525e-16
0
0
0
0
0
0
0
0
0
0
0
0
0
0
0
0
0
0
0
0
0
0
0
0
-2.11738e-14
0
0
0
0
-1.33202e-13
0
0
0
0
0
0
0
0
0
0
0
0
1.51465e-14
0
0
0
0
0
0
0
0
0
0
0
0
0
0
0
0
0
0
0
0
0
0
0
0
0
0
0
0
0
0
0
0
0
0
0
0
0
0
0
0
0
0
0
0
0
0
0
0
0
0
0
0
0
0
0
0
0
0
2.71065e-14
-4.06618e-14
0
0
0
0
0
0
0
0
0
0
0
0
0
0
0
0
0
0
0
0
0
0
0
0
0
0
0
0
0
0
0
0
0
0
0
0
0
0
0
0
0
0
0
0
0
0
0
0
0
0
0
0
0
0
0
0
0
0
0
0
0
0
0
0
0
0
0
0
0
0
0
0
0
0
0
0
0
0
0
0
0
0
0
0
0
0
0
0
0
0
0
0
0
0
0
0
0
0
0
0
0
0
0
0
0
0
0
0
0
0
0
0
0
0
0
0
2.77466e-15
0
0
0
0
0
0
0
0
0
0
0
0
0
0
0
0
0
0
0
0
0
0
0
0
0
0
0
0
0
0
0
0
0
0
0
0
0
0
0
0
0
0
0
0
0
0
0
0
0
0
0
0
0
0
0
0
0
0
0
0
0
0
0
0
0
0
0
0
0
0
0
0
0
0
0
0
0
0
0
0
0
0
0
0
0
0
0
0
0
0
0
0
0
0
0
0
0
0
0
0
0
0
0
0
0
0
0
0
0
0
0
0
0
0
0
0
0
0
0
0
0
0
0
0
0
0
0
0
0
0
0
0
0
0
0
0
0
0
0
0
0
0
0
1.91418e-14
-4.12237e-14
0
0
0
0
0
0
0
0
0
0
0
0
0
0
0
0
0
0
0
0
0
0
0
0
0
0
0
0
0
0
0
0
0
0
0
0
0
0
0
0
0
0
0
0
0
0
0
0
0
0
0
0
0
0
0
0
0
0
0
0
0
0
0
0
0
0
0
0
0
0
0
0
0
0
0
0
0
0
0
0
0
0
0
0
0
0
0
0
0
0
0
0
0
0
0
0
0
0
0
0
7.66034e-14
0
0
0
0
0
0
0
0
0
0
0
0
0
0
0
0
0
0
0
0
0
0
0
0
0
0
0
0
0
0
0
0
0
0
0
0
0
0
0
0
0
0
0
0
0
0
0
0
0
0
0
0
0
0
0
0
0
0
0
0
0
0
0
0
0
0
0
0
0
0
0
0
0
0
0
0
0
0
0
0
0
0
0
0
0
0
0
0
0
0
0
0
0
0
0
0
0
0
3.71089e-17
0
0
0
0
0
0
0
0
0
0
0
0
0
0
0
0
0
0
0
0
0
0
0
0
0
0
0
0
0
0
0
0
0
0
0
0
0
0
0
0
0
0
0
0
0
0
0
0
0
0
0
0
0
0
0
0
0
0
0
0
0
0
0
0
0
0
0
0
0
0
0
0
0
0
0
0
0
0
0
0
0
0
0
0
0
0
0
0
0
0
0
0
0
0
0
0
0
0
0
0
0
0
0
0
0
0
0
0
0
0
0
0
0
0
0
0
0
0
0
0
0
0
0
0
0
0
0
0
0
0
0
0
0
0
0
0
0
0
0
0
0
0
0
0
0
0
0
0
0
0
0
0
0
0
0
0
0
0
0
0
0
0
0
0
0
-7.23738e-17
0
0
0
0
0
0
0
0
0
0
0
0
0
0
0
0
0
0
0
0
0
0
0
0
0
0
0
0
0
0
0
0
0
0
0
0
0
0
0
0
0
0
0
0
0
0
0
0
0
0
0
0
0
0
0
0
0
0
0
0
0
0
0
0
0
0
0
0
0
0
0
0
0
0
0
0
0
0
0
0
0
0
0
0
0
0
0
0
0
0
0
0
0
0
0
0
0
0
0
0
0
0
0
0
0
0
0
0
0
0
2.65741e-15
-8.1261e-14
0
0
0
0
0
0
0
0
0
0
0
0
0
-2.11704e-14
0
0
0
0
0
0
0
0
0
0
0
0
0
0
0
0
0
0
0
0
0
0
0
0
0
0
0
0
0
0
0
0
0
0
0
0
0
0
0
0
0
0
0
0
0
0
0
0
0
0
0
0
0
0
0
0
0
0
0
0
0
0
0
0
0
0
0
0
0
0
0
0
0
0
0
0
0
0
0
0
0
0
0
0
0
0
0
0
0
0
0
0
0
0
0
0
1.06461e-17
0
0
0
0
0
0
0
0
0
0
0
0
0
0
0
0
0
0
0
0
0
0
0
0
0
0
0
0
0
0
0
0
0
0
0
0
0
0
0
0
0
0
0
0
0
0
0
0
0
0
0
0
0
0
0
0
0
0
0
0
0
0
0
0
0
0
0
0
0
0
0
0
0
0
0
0
0
0
0
0
0
0
0
0
0
0
0
0
0
0
0
0
0
0
0
0
0
0
0
0
0
0
0
0
0
0
0
0
0
0
0
0
0
0
0
0
0
0
0
0
0
0
0
0
0
0
0
0
0
0
0
0
0
0
0
0
0
0
0
0
0
0
0
0
0
0
0
0
0
0
0
0
0
0
0
0
0
0
0
0
0
0
0
0
0
0
0
0
0
0
0
0
0
0
0
0
0
0
0
0
0
0
0
0
0
0
0
0
0
0
0
0
0
0
0
0
0
0
0
1.70723e-13
0
0
0
0
0
0
0
0
0
0
4.21604e-14
0
0
0
0
0
0
0
0
0
0
0
0
0
0
0
0
0
0
0
0
-7.02175e-14
0
0
0
0
0
0
0
0
0
0
0
0
0
0
0
0
0
0
0
0
0
0
0
0
0
0
0
0
0
0
0
0
0
0
0
0
0
0
0
0
0
0
0
0
0
0
0
0
0
0
0
0
0
0
0
0
0
0
0
0
0
0
0
0
0
0
0
0
0
0
0
0
0
0
0
0
0
0
0
0
0
0
0
0
0
0
0
0
0
0
0
0
0
0
0
0
0
0
0
0
0
0
0
0
0
0
0
0
0
0
0
0
0
0
0
0
0
0
0
0
0
0
0
0
0
0
0
0
0
0
0
0
0
0
0
0
0
0
0
0
0
0
0
0
0
0
0
0
0
0
0
0
0
0
0
0
0
0
0
0
0
0
0
0
0
0
0
0
0
0
0
0
0
0
0
0
0
0
0
0
0
0
0
0
0
0
0
0
0
0
0
0
0
0
0
0
0
0
0
0
0
0
0
0
0
0
0
0
0
0
0
0
0
0
0
0
0
0
0
0
0
0
0
0
0
0
0
0
0
0
0
0
0
0
0
0
0
0
0
0
0
0
0
0
0
0
0
0
0
0
0
0
0
0
0
0
0
0
0
0
0
0
0
0
0
0
0
0
0
0
0
0
0
0
0
0
0
0
0
0
0
0
0
0
0
0
0
0
1.07533e-17
0
0
0
0
0
0
0
0
0
0
0
0
0
0
0
0
0
0
0
0
0
0
0
0
0
0
0
0
0
0
0
0
0
0
0
0
0
0
0
0
0
0
0
0
0
0
0
0
0
0
0
0
0
0
0
0
0
0
0
0
0
0
0
0
0
0
0
0
0
0
0
0
0
0
0
0
0
0
0
0
0
3.59307e-14
0
3.15261e-14
0
0
0
0
0
0
0
0
0
0
0
0
0
0
0
0
0
0
0
0
0
0
0
0
0
0
0
0
0
0
0
0
0
0
0
0
0
0
1.59e-17
6.06195e-17
0
0
0
0
0
0
0
0
0
0
0
0
0
0
0
0
0
0
0
0
0
0
0
0
0
1.02009e-17
0
0
0
0
0
0
0
0
0
0
0
0
0
0
0
0
0
0
0
0
0
0
0
0
0
0
0
0
0
0
0
0
0
0
0
0
0
0
0
0
0
0
0
0
0
0
0
0
0
0
0
0
0
0
0
0
0
1.64332e-29
-7.37386e-15
0
0
0
0
0
0
0
0
0
0
0
0
0
0
0
0
0
0
0
0
0
0
0
0
0
0
0
0
0
0
0
0
0
0
0
0
0
0
0
0
0
0
0
0
0
0
0
0
0
0
0
0
0
0
0
0
0
0
0
0
0
0
0
0
0
0
0
0
0
0
0
0
0
0
0
0
0
0
0
0
0
0
0
0
0
0
-7.70317e-17
2.93475e-16
0
0
0
0
0
0
0
0
0
0
0
0
0
0
0
0
0
0
0
0
0
0
0
0
0
0
0
0
0
0
0
0
0
0
0
0
0
0
0
0
0
0
0
0
0
0
0
0
0
0
0
0
0
0
0
0
0
0
0
0
0
0
0
0
0
0
0
0
0
0
0
0
0
0
0
0
0
0
0
0
0
0
0
0
0
0
0
0
0
0
0
0
0
0
0
0
0
0
0
0
0
0
0
0
0
0
0
0
0
0
0
0
0
0
0
0
0
0
0
0
0
0
0
0
0
0
0
0
0
0
0
0
0
0
0
0
0
0
0
0
0
0
0
0
0
0
0
0
0
0
0
0
0
0
0
0
0
0
0
0
0
0
0
0
0
0
0
0
0
0
0
0
0
0
0
0
0
0
0
0
0
0
0
0
0
-8.22086e-14
-7.75803e-17
0
0
-1.13319e-16
0
0
0
0
0
0
0
0
0
0
0
0
0
0
0
0
0
0
0
1.54346e-16
0
0
0
0
0
0
0
0
0
0
0
0
0
0
0
0
0
0
0
0
6.06231e-15
0
0
0
0
0
0
0
0
0
0
0
0
0
0
0
0
0
0
0
0
0
0
0
0
0
0
0
0
0
0
0
0
0
0
0
0
0
0
0
0
0
0
0
0
0
0
0
0
0
0
0
0
0
0
0
0
0
0
0
0
0
0
0
0
0
0
0
0
0
0
0
0
0
0
0
0
1.09388e-15
-6.73631e-14
-1.31018e-14
0
0
0
0
0
0
0
0
0
0
0
0
0
0
0
0
0
0
0
0
0
0
0
0
0
0
0
0
0
0
0
0
0
0
0
0
0
0
0
0
0
0
0
0
-1.63174e-14
0
2.5659e-14
0
0
0
0
0
0
0
0
0
0
0
0
0
0
0
0
0
0
0
0
0
0
0
0
0
0
0
0
0
0
0
0
0
0
0
0
0
0
0
0
0
0
0
0
0
0
0
0
0
0
0
0
0
0
0
0
0
0
0
0
0
0
0
0
0
1.11279e-14
0
0
0
0
0
0
0
0
0
0
0
0
0
0
3.49745e-17
0
0
0
0
0
0
0
0
0
0
0
0
0
0
0
0
0
0
0
0
0
0
0
0
0
0
0
0
0
0
0
0
0
1.82581e-17
-7.51379e-17
0
0
0
0
0
0
0
5.89089e-14
0
0
0
0
0
0
7.51726e-17
-6.66272e-17
0
0
0
0
0
0
0
0
0
0
0
0
9.14382e-15
0
0
0
0
0
0
0
0
0
0
0
0
0
0
0
0
0
0
0
0
0
0
0
0
0
0
0
0
0
0
0
0
0
0
0
0
0
0
0
0
0
0
0
0
0
0
0
0
0
0
0
0
0
0
0
0
0
0
0
0
0
0
0
0
0
0
0
0
0
0
0
0
0
0
0
0
0
0
0
0
0
0
0
0
0
0
0
0
0
0
0
0
0
0
0
0
0
0
0
0
0
0
0
0
0
0
0
0
0
0
0
0
0
0
0
0
0
0
0
0
0
0
0
0
0
0
0
0
0
0
5.11888e-16
0
0
0
0
0
0
0
0
0
0
0
-5.52695e-17
0
0
0
0
0
0
0
0
0
0
0
0
0
0
0
0
0
0
0
0
0
0
0
0
0
0
0
0
0
0
0
0
0
0
0
0
0
0
0
0
0
0
0
0
0
0
0
0
0
0
0
0
0
0
0
0
0
0
0
0
0
0
0
0
0
0
0
0
0
0
0
0
0
0
0
0
0
0
0
0
0
0
0
0
0
0
0
-5.30725e-17
0
0
0
0
0
0
0
0
0
0
0
0
0
0
0
0
0
0
0
0
0
0
0
0
0
0
0
0
0
-2.13404e-14
7.46709e-15
0
0
0
0
0
0
0
0
0
0
0
0
0
0
0
0
0
0
0
0
2.38073e-16
0
0
0
0
0
0
0
0
0
0
0
0
0
0
0
0
0
0
0
0
0
7.47466e-17
0
0
0
0
0
0
0
0
0
0
0
0
0
0
0
0
0
0
0
0
0
0
0
0
0
0
0
0
0
0
0
0
0
0
0
0
0
0
0
0
0
0
0
0
0
0
0
0
0
0
2.40053e-16
0
0
0
0
0
0
0
0
0
0
0
0
0
0
0
0
0
0
0
0
0
0
0
0
0
0
0
0
0
0
0
0
0
0
0
0
0
0
0
0
0
0
0
0
0
0
0
0
8.76985e-15
0
3.47977e-15
0
0
0
0
0
0
0
0
0
0
0
0
0
0
0
0
0
0
0
0
0
0
0
0
0
0
0
0
0
0
0
0
0
0
0
0
0
0
0
0
0
0
0
-2.61071e-17
0
0
0
0
0
0
0
0
0
0
0
0
0
0
0
0
0
0
0
0
0
0
0
0
0
0
0
0
0
0
0
0
0
0
-4.05517e-14
0
0
0
0
0
0
0
0
0
0
0
0
0
0
0
0
0
0
0
0
0
0
0
0
0
0
0
0
0
0
0
0
0
0
0
0
0
0
0
0
0
0
0
0
0
0
0
0
0
0
0
0
0
0
0
0
0
0
0
0
0
0
0
0
0
0
-1.24195e-15
0
0
0
0
0
0
0
0
0
0
0
-1.04795e-16
0
0
0
0
0
0
0
0
0
0
0
0
0
0
0
0
0
0
0
0
0
0
0
0
0
0
0
0
0
0
0
0
0
0
0
0
0
0
0
0
0
0
0
0
0
0
0
0
0
0
-6.34133e-17
0
0
0
0
0
0
0
0
0
0
0
0
0
0
0
0
0
0
0
0
0
0
0
0
0
0
0
0
0
0
0
0
0
0
0
0
0
0
0
0
0
0
0
0
0
0
5.10883e-15
0
0
0
0
0
0
0
0
0
0
0
0
0
0
0
0
0
0
0
0
0
0
0
0
0
0
0
0
0
0
0
0
0
0
0
0
0
0
0
0
0
0
0
0
0
0
0
0
0
0
0
0
0
0
0
0
0
0
0
0
0
0
0
0
0
0
0
0
0
0
0
0
0
0
0
0
0
0
0
0
0
0
0
0
0
0
0
0
0
0
0
0
0
0
0
0
0
0
0
0
0
0
0
0
0
0
0
0
0
0
0
0
0
-3.35329e-15
0
0
0
0
0
0
0
0
0
0
0
0
0
0
0
0
0
0
0
0
0
0
0
0
0
0
0
0
0
0
0
0
0
0
0
0
0
0
0
0
0
0
0
0
0
0
0
0
0
0
0
0
0
0
0
0
0
0
0
0
0
0
0
0
0
0
0
0
0
0
0
0
0
0
0
0
0
0
0
0
0
0
0
0
0
0
0
0
0
0
0
0
0
0
0
0
0
0
0
0
0
0
0
0
0
0
0
0
0
0
0
0
0
0
0
0
0
0
0
0
0
0
0
0
0
0
0
0
0
0
0
0
0
0
0
0
0
0
0
0
0
0
0
0
0
0
0
0
0
0
0
0
0
0
0
0
0
0
0
0
0
0
0
0
0
0
0
0
0
0
0
0
0
0
0
0
0
0
0
0
0
0
0
0
0
0
0
0
0
0
0
0
0
0
0
0
0
0
0
0
0
0
0
0
0
0
0
0
0
0
0
0
0
0
0
0
0
0
0
0
0
0
0
0
0
5.07484e-15
0
0
0
0
0
0
0
0
0
0
0
0
0
0
0
-1.98534e-14
0
8.29091e-15
0
0
0
0
0
0
0
0
0
0
-6.11992e-17
0
0
0
0
0
0
0
0
0
0
0
0
0
0
0
0
0
0
0
0
0
0
0
0
0
0
0
0
0
0
0
0
0
0
0
0
0
0
0
0
0
0
0
0
-4.01352e-14
0
0
0
0
0
0
0
0
0
0
0
0
0
0
0
0
0
0
0
0
0
0
0
0
0
0
0
0
0
7.66748e-15
0
-1.27058e-14
0
0
0
0
0
0
0
0
0
0
0
0
0
0
0
0
0
0
0
0
0
0
0
0
0
0
0
0
0
0
0
0
0
0
0
0
0
0
0
0
0
0
0
0
0
9.45717e-16
0
0
0
0
0
0
0
0
0
0
0
0
0
0
0
0
0
0
0
0
0
0
0
0
0
0
0
0
0
0
0
-1.40013e-16
0
0
0
0
0
0
0
0
0
0
0
0
0
0
0
0
0
0
0
0
0
0
-4.80495e-16
0
0
0
0
0
0
0
0
0
0
0
0
0
0
0
0
0
0
0
0
0
0
0
0
0
0
0
0
0
0
0
0
0
0
0
0
0
0
0
0
0
0
0
0
0
0
0
0
0
0
0
0
0
0
0
0
0
0
0
0
0
0
0
0
0
0
0
0
0
0
0
0
0
0
0
0
0
0
0
0
0
0
0
0
0
0
0
0
0
0
0
0
0
0
0
0
0
0
0
0
0
0
0
0
0
0
0
0
0
0
0
0
0
0
0
0
0
0
0
0
0
0
0
0
0
0
0
0
0
0
0
0
0
0
0
0
0
-3.55946e-15
0
0
0
0
0
0
0
0
0
0
0
0
0
0
0
0
0
0
0
0
0
0
0
0
0
0
0
0
0
0
0
0
0
0
0
0
0
0
0
0
0
0
0
0
0
0
0
0
0
0
-3.39474e-14
0
0
0
0
0
0
0
0
0
0
0
0
0
0
0
0
0
0
0
0
0
-2.67806e-17
-1.478e-15
0
0
0
0
0
0
0
0
0
0
0
0
0
1.32484e-14
0
0
0
0
0
0
0
0
0
0
0
0
0
-1.55269e-14
0
0
0
0
0
0
0
0
0
0
0
0
0
0
0
0
0
0
0
0
0
0
0
0
0
0
0
0
0
0
0
0
0
0
0
0
0
0
0
0
0
0
0
0
0
0
0
0
0
0
0
0
0
0
0
0
0
0
0
0
0
0
0
0
0
0
0
0
0
0
0
0
0
0
0
0
0
0
0
0
0
0
0
0
0
0
0
0
0
0
0
0
0
0
0
0
0
0
0
0
0
0
9.99945e-15
-7.51133e-15
0
0
0
0
0
0
0
0
0
0
0
0
0
0
0
0
0
0
0
0
0
0
0
-8.43585e-16
0
0
0
0
0
0
0
0
0
0
0
0
0
0
0
0
0
0
0
0
0
0
0
0
0
0
0
0
0
0
0
0
0
0
0
0
0
0
0
0
0
0
0
0
0
0
0
0
0
0
0
0
0
0
0
0
0
0
0
0
0
0
0
0
0
0
0
0
0
0
0
0
0
0
0
0
0
0
7.2187e-14
0
0
0
0
0
0
0
0
0
0
0
0
0
0
0
0
0
0
0
0
0
0
0
0
0
0
0
0
0
0
0
0
0
0
0
0
0
0
0
0
0
0
0
0
0
0
0
0
0
0
0
0
0
0
0
0
0
0
0
0
0
0
0
0
0
0
0
-2.14631e-14
-6.36829e-14
0
0
0
0
0
0
0
0
0
0
0
0
0
0
0
0
0
0
0
0
0
0
0
0
0
0
0
0
0
0
0
0
0
0
0
0
0
0
0
0
0
0
0
0
0
0
0
0
0
0
0
0
0
0
0
0
0
0
0
0
0
0
0
0
0
0
0
0
0
0
0
0
0
0
0
0
0
0
0
0
0
0
0
0
0
0
0
0
0
0
0
0
0
0
0
0
0
0
0
0
0
0
4.79158e-14
0
0
0
0
0
0
0
0
0
0
0
0
0
0
0
0
0
0
0
0
0
0
0
0
0
0
-3.09839e-17
7.74344e-17
0
0
0
0
0
0
0
0
0
0
3.85316e-14
-2.14587e-14
0
0
0
0
0
0
0
-3.6303e-17
-4.9494e-16
0
0
0
0
0
0
0
0
0
0
0
0
0
0
0
0
0
0
0
0
0
1.72675e-14
0
0
0
0
0
0
0
0
0
0
0
0
2.19229e-16
0
0
0
0
0
0
0
0
0
0
0
0
0
0
0
0
1.39337e-15
-1.01498e-16
0
0
0
0
0
0
0
0
0
-3.05113e-17
0
0
0
0
0
0
0
0
0
0
0
0
0
0
0
0
0
0
0
0
0
0
0
0
0
0
0
0
0
0
0
0
0
0
0
-3.7734e-15
-6.66905e-17
0
0
0
0
0
0
0
0
0
0
0
0
0
0
0
0
0
0
0
0
0
0
0
0
0
0
0
0
-7.48064e-14
0
0
0
0
0
0
0
0
0
1.12987e-17
0
0
0
0
0
0
0
0
0
0
0
0
0
0
0
0
0
0
0
0
0
0
0
0
0
0
0
0
0
0
0
0
0
0
0
0
0
0
0
0
0
0
0
0
0
0
0
0
0
0
0
0
0
0
0
0
0
0
0
0
0
0
0
0
0
0
0
0
0
0
0
0
0
0
0
-2.84332e-14
3.94014e-14
0
0
0
0
0
0
0
0
0
0
0
0
0
5.65878e-15
0
3.91014e-14
0
0
0
0
0
0
0
-3.94171e-14
0
0
0
0
0
0
0
0
0
0
-1.05899e-14
0
0
0
0
0
0
0
0
0
0
0
0
0
0
0
0
0
0
0
0
0
0
0
0
0
0
0
0
0
0
0
0
0
0
0
0
0
0
0
0
0
0
0
0
0
0
0
0
0
0
0
0
0
0
4.3944e-14
1.08132e-14
0
0
0
0
0
0
0
1.10742e-14
0
0
0
0
0
0
0
0
0
0
0
0
0
0
0
0
0
0
0
0
0
0
0
0
0
0
0
0
0
0
0
0
0
0
0
0
0
0
0
0
0
0
0
0
0
0
0
0
3.66497e-16
1.07946e-14
0
0
0
0
0
0
0
0
0
0
0
0
0
0
0
0
0
0
2.36798e-14
0
1.69702e-16
-1.41004e-16
1.09685e-16
0
0
0
0
0
0
0
0
0
0
0
0
0
0
0
0
0
0
0
0
0
0
0
0
0
-1.37069e-14
0
0
0
0
0
0
0
0
2.89062e-14
0
0
0
0
0
0
0
0
0
0
0
0
0
0
0
0
0
0
0
0
0
0
0
0
0
0
0
0
0
0
0
0
0
0
0
0
0
0
0
0
0
0
0
0
0
0
0
0
0
0
0
0
1.23441e-15
0
1.03596e-14
0
0
0
0
0
0
0
0
0
0
0
0
0
0
0
0
0
0
-2.94437e-16
0
0
0
0
0
0
0
0
0
0
0
0
0
0
0
0
0
0
0
0
0
0
0
0
0
0
0
0
0
0
0
0
0
0
0
0
0
0
0
0
0
0
0
0
0
0
0
0
0
0
0
0
0
0
4.74012e-16
0
0
0
0
0
0
0
0
0
0
0
0
-2.83168e-15
0
0
0
0
0
0
0
0
0
0
0
0
0
0
0
0
0
0
0
0
0
0
0
0
0
0
0
0
0
0
0
0
0
0
0
0
0
0
0
0
0
0
0
0
1.20596e-15
-2.59128e-14
0
0
0
0
0
0
0
0
0
0
0
-2.32441e-16
0
0
0
0
0
0
0
0
0
0
-5.07689e-17
0
1.5073e-15
8.29109e-16
0
0
0
0
3.92596e-15
-4.75588e-14
0
0
0
0
0
0
0
0
0
0
0
0
0
0
0
0
0
0
0
0
0
0
0
0
0
0
0
0
0
0
0
0
0
0
0
0
0
-7.84161e-17
5.12036e-31
0
0
0
0
0
0
0
0
0
0
0
0
0
0
0
0
0
0
0
0
0
0
1.12683e-07
-1.29992e-07
1.29992e-07
-1.2844e-07
1.2844e-07
0
0
0
0
-8.37425e-14
0
0
-2.88899e-16
0
-5.60367e-14
0
1.87669e-16
-1.07456e-16
6.67306e-17
0
0
0
0
0
4.29763e-14
0
0
0
0
0
0
0
0
-1.12594e-07
1.12594e-07
0
0
1.02507e-30
7.19755e-14
3.74196e-14
0
0
0
0
0
0
0
0
0
-1.22116e-07
1.22116e-07
0
0
0
0
0
0
0
0
0
0
0
0
0
6.82484e-08
6.82484e-08
6.82484e-08
6.82484e-08
7.10657e-08
6.54312e-08
8.87805e-08
4.77164e-08
6.82484e-08
6.82484e-08
6.45166e-08
7.19803e-08
7.39647e-08
6.25322e-08
0
0
0
0
0
0
-1.8724e-17
6.5682e-17
0
0
0
0
0
0
0
0
0
0
0
0
0
0
0
0
0
0
0
0
0
0
0
0
0
7.71498e-15
0
2.32766e-14
0
0
0
0
0
0
0
0
0
0
0
0
0
0
-3.22392e-15
0
0
0
0
0
0
0
0
0
0
0
0
0
0
0
-4.32936e-14
0
0
0
0
0
0
0
0
0
0
0
6.87184e-16
0
-2.41042e-15
1.19328e-14
0
0
0
0
0
0
0
0
0
0
0
0
0
0
0
0
0
0
0
0
0
0
0
0
0
0
0
0
0
0
0
0
0
0
0
0
0
0
0
0
0
0
0
0
0
0
0
0
0
0
0
0
0
0
0
0
0
0
0
0
0
0
0
0
0
6.55088e-16
0
0
0
0
0
0
0
9.18442e-15
0
0
0
0
0
0
0
0
0
0
7.33301e-16
0
0
0
0
0
1.72813e-14
0
0
0
0
0
0
0
0
0
0
0
0
0
0
0
0
0
0
0
0
0
0
-3.87711e-14
0
0
0
0
0
0
2.6172e-16
-3.82773e-16
0
0
0
0
0
-5.27562e-17
0
0
0
0
0
0
0
0
-4.57134e-16
3.1148e-17
0
0
0
0
0
0
0
-5.6066e-17
0
0
0
0
0
0
0
0
0
1.59583e-14
0
0
0
0
0
0
0
0
0
0
0
0
0
0
0
0
0
0
0
0
0
0
0
0
0
0
6.82484e-08
6.82484e-08
0
0
0
0
0
0
0
0
0
0
0
0
0
0
0
0
0
0
0
0
0
0
0
0
0
0
0
0
0
0
1.57358e-17
1.42257e-16
0
0
0
0
0
0
0
5.13263e-08
8.51706e-08
6.87983e-08
6.76985e-08
0
0
0
0
0
0
0
0
0
0
0
0
0
-9.50247e-17
0
0
0
0
0
0
0
-4.00125e-14
7.69667e-14
0
0
0
0
0
0
0
0
-1.41009e-16
0
0
0
0
0
0
0
7.72961e-08
5.92007e-08
0
0
0
0
0
0
0
0
0
7.6208e-08
6.02889e-08
0
0
0
0
0
0
0
0
0
0
0
0
0
0
0
0
0
0
0
0
0
0
3.41804e-15
0
-2.41099e-14
2.21133e-16
0
0
0
0
0
0
0
0
0
-5.40458e-14
0
6.82484e-08
6.82484e-08
0
0
0
0
0
0
0
0
0
0
0
0
0
6.85392e-08
6.79576e-08
0
5.50725e-16
9.8453e-18
1.18898e-15
0
0
0
0
0
0
0
0
0
0
0
7.09416e-08
6.55553e-08
0
0
0
0
0
0
0
0
0
0
0
0
0
0
0
0
7.84694e-15
0
0
0
0
0
0
0
0
0
0
0
0
0
0
0
0
0
0
0
0
0
0
0
0
0
0
0
0
0
0
0
0
0
0
0
0
0
0
0
0
0
0
0
0
0
0
0
0
0
0
0
0
0
0
0
0
0
0
0
0
0
0
0
0
0
0
7.69894e-08
5.95074e-08
0
4.06047e-14
1.20432e-07
-1.20432e-07
-3.06093e-15
4.46343e-15
0
0
0
0
0
0
0
0
0
0
0
0
0
0
0
0
1.26608e-07
-1.26608e-07
0
0
0
0
0
0
0
0
0
0
0
0
0
0
0
0
0
0
0
0
0
0
0
0
0
0
0
0
0
0
0
0
0
0
0
0
0
0
0
-9.92062e-17
0
0
0
0
0
0
0
0
0
0
0
0
6.36293e-08
7.28676e-08
0
0
0
0
0
0
0
0
0
0
0
0
0
0
0
0
0
0
0
0
0
0
0
0
0
0
0
0
0
0
0
0
0
0
0
0
0
0
0
0
0
0
0
0
0
1.22415e-15
-4.14627e-17
0
0
0
0
0
0
0
0
0
0
0
0
0
0
0
0
0
0
0
0
0
0
0
0
-2.4102e-15
0
2.39819e-16
0
0
0
0
0
0
0
0
0
0
0
0
0
0
0
0
0
0
0
0
0
0
0
0
0
1.22495e-07
-1.22495e-07
-1.16882e-07
1.16882e-07
0
0
0
0
0
0
0
0
0
0
0
0
0
0
5.93844e-15
0
0
0
0
0
0
0
0
0
0
0
-1.35303e-07
1.35303e-07
0
0
0
0
0
0
0
8.17794e-08
5.47174e-08
0
1.24091e-07
-1.24091e-07
0
0
0
0
0
0
0
0
0
0
0
0
0
0
0
7.40431e-15
4.03166e-17
0
0
0
0
0
0
0
2.80269e-15
0
0
0
0
0
0
0
0
0
0
0
0
0
0
0
0
0
0
0
-3.15511e-15
0
0
0
0
0
0
0
0
0
0
0
0
0
0
0
0
0
7.20299e-15
0
0
0
0
0
0
0
0
0
-4.52307e-14
0
0
0
-2.63537e-14
0
0
0
0
0
0
0
0
0
0
0
0
0
0
0
0
0
0
7.04118e-08
6.6085e-08
0
0
0
0
0
0
0
0
0
0
-8.5634e-15
0
0
0
0
0
0
0
0
0
2.74775e-16
0
0
0
0
0
0
0
0
0
0
0
0
5.92787e-14
2.99257e-14
0
0
7.57095e-08
6.07874e-08
0
0
0
0
0
0
0
0
0
0
0
0
0
0
0
0
0
0
0
0
0
0
-1.19146e-14
-3.32218e-14
0
0
0
0
0
0
0
0
0
0
0
0
0
0
0
0
0
0
-7.39172e-17
0
0
0
0
0
-2.07494e-14
0
0
0
0
0
0
0
0
0
0
0
0
0
0
0
0
0
0
0
0
0
0
0
0
0
0
0
0
0
0
0
0
0
0
0
0
0
0
0
0
0
0
0
0
0
0
0
1.92415e-17
0
0
0
0
0
0
0
0
0
0
0
0
0
0
0
0
0
0
0
0
0
0
0
0
0
0
0
0
0
0
0
0
0
0
0
0
0
0
0
0
0
0
0
0
0
0
0
0
0
-4.48981e-16
1.37506e-17
-5.85145e-17
0
0
-5.62349e-17
0
0
0
0
0
0
0
0
0
0
0
0
0
0
0
0
0
0
0
0
0
0
0
0
0
0
0
0
0
0
0
0
0
0
0
0
0
0
0
0
0
0
0
1.02701e-16
0
0
0
1.88554e-17
2.56751e-17
1.1821e-07
-1.1821e-07
0
0
0
0
0
0
0
0
0
0
0
0
-2.96292e-15
0
0
0
2.2121e-15
0
0
0
-1.38748e-16
0
2.68376e-16
-9.7484e-15
0
0
0
0
0
0
0
0
0
0
0
0
0
5.52154e-15
-1.28449e-16
0
0
1.39581e-14
0
0
0
0
0
0
0
0
0
0
0
0
0
0
0
0
0
0
0
0
0
0
2.20509e-15
0
0
0
0
0
0
0
-4.61773e-15
0
8.93208e-17
-1.32171e-16
-1.97257e-16
0
0
0
0
0
0
0
0
0
0
0
0
0
0
0
2.05415e-30
2.07733e-15
0
0
0
1.06153e-16
0
0
0
0
0
0
0
0
0
0
0
0
0
0
0
-1.19552e-07
1.19552e-07
0
2.82057e-17
2.65683e-18
-1.18528e-17
0
0
0
0
0
0
0
0
0
0
0
0
0
0
0
0
0
1.93413e-16
0
0
0
0
0
0
0
0
0
0
0
0
0
0
0
0
0
0
0
0
0
0
2.7403e-14
0
0
0
0
-2.01143e-14
0
0
0
0
0
0
0
0
0
0
-1.07295e-17
-1.35103e-17
0
0
0
0
0
0
0
0
0
0
3.39566e-14
-2.81339e-14
0
0
0
0
0
0
0
0
-1.98202e-14
0
0
0
0
0
0
0
0
2.13663e-17
0
0
0
0
0
0
-9.73319e-18
0
0
0
0
0
0
0
0
0
0
0
0
0
0
0
0
0
0
7.99394e-14
1.19291e-07
-1.19291e-07
0
0
0
0
0
0
0
0
-9.94239e-15
-8.63119e-14
3.60283e-17
0
0
0
0
0
0
0
0
0
0
0
0
0
0
0
0
0
0
0
0
0
0
0
0
0
0
0
0
-1.1505e-07
1.1505e-07
0
0
0
0
0
0
0
0
0
0
0
0
0
0
0
0
0
0
3.29593e-15
0
0
0
0
-3.25248e-15
-2.74933e-16
0
0
0
0
0
0
0
0
0
0
0
0
0
0
0
3.84402e-31
2.70498e-15
-4.77841e-17
0
0
0
0
0
0
0
0
0
0
0
0
0
8.61515e-15
0
4.334e-17
0
0
0
0
0
0
0
0
0
0
0
0
0
0
0
0
0
0
0
0
0
0
0
0
0
0
0
0
0
0
0
0
2.25457e-16
-5.9586e-17
0
0
0
0
0
0
0
0
0
0
0
0
0
0
0
0
-7.64482e-18
0
0
0
0
1.8879e-14
0
0
0
0
0
0
0
0
0
0
0
0
0
0
0
-1.33281e-16
0
0
-2.70339e-17
0
0
0
0
0
0
0
0
0
2.30826e-16
0
0
0
-6.61172e-29
0
0
0
0
0
0
0
0
0
0
8.83289e-15
-4.56369e-15
0
0
0
0
0
0
0
0
0
0
0
0
0
0
0
0
0
0
0
0
0
0
0
2.34101e-17
0
0
0
0
0
0
0
0
0
0
0
0
0
0
0
0
0
0
0
0
0
0
0
1.23063e-16
0
2.37975e-16
0
0
0
0
0
0
0
0
0
0
0
0
0
0
0
0
0
-1.78721e-14
0
0
0
0
0
0
-1.92495e-16
1.43102e-17
0
0
0
0
0
0
0
-3.72981e-14
-2.75913e-14
0
0
0
0
0
0
0
1.20492e-16
0
0
1.29742e-14
0
-4.47243e-14
0
0
0
0
0
0
0
0
0
0
0
0
0
0
0
0
0
0
0
0
0
0
0
0
0
0
0
0
0
-7.14962e-16
0
0
0
0
9.94437e-16
0
0
0
-1.05252e-17
0
0
5.29868e-14
0
0
0
0
0
0
0
0
0
0
0
0
0
0
0
0
0
0
0
0
0
0
0
0
0
0
0
-7.83752e-17
0
0
0
-1.27089e-16
5.39837e-15
0
0
0
0
0
0
0
0
0
0
-6.63481e-15
2.80075e-15
0
0
0
0
0
0
0
0
-2.20395e-14
0
0
0
0
0
0
0
0
0
0
0
0
0
0
0
0
0
0
0
0
0
-1.25663e-18
0
0
0
0
0
0
0
0
0
0
0
0
0
0
0
0
0
3.9396e-16
-3.47768e-17
0
0
0
0
0
0
0
0
0
0
0
0
-2.60967e-14
0
0
0
0
0
0
0
0
0
0
0
0
-1.45827e-14
-1.128e-16
1.80892e-15
0
0
0
0
0
0
0
0
0
0
0
0
0
0
0
0
0
0
0
1.53284e-15
0
0
0
0
0
0
0
0
0
0
0
0
0
3.20831e-16
0
0
0
0
0
0
0
0
0
0
0
0
0
0
0
-8.63523e-16
0
0
0
0
0
0
-5.92012e-14
0
0
0
0
0
0
0
-6.39846e-17
0
0
0
0
0
0
0
0
0
7.74869e-15
0
3.80146e-15
1.17355e-14
0
-1.22468e-13
0
0
0
0
0
0
0
0
0
0
0
0
0
0
0
0
0
0
0
0
0
0
0
0
0
0
0
0
0
0
0
0
0
-1.67026e-14
0
0
0
0
0
0
0
6.82484e-08
6.82484e-08
0
0
0
0
0
0
0
0
0
0
1.41121e-16
0
0
0
-1.21692e-07
1.21692e-07
0
0
0
0
0
0
0
0
0
-2.02447e-15
0
0
0
0
0
0
0
0
0
0
0
0
0
0
0
0
0
0
0
0
0
0
0
0
0
0
0
0
0
0
0
0
0
0
0
0
0
0
0
0
0
0
0
0
0
0
0
0
0
0
0
0
0
0
0
0
0
0
0
0
-4.54851e-16
0
0
0
0
0
0
0
0
0
0
0
0
-2.48231e-17
8.90274e-17
-1.23009e-29
0
0
0
0
0
0
0
0
9.51269e-16
0
0
1.18327e-14
0
0
0
0
0
0
0
0
5.64814e-17
0
0
0
0
0
0
0
0
-7.31707e-17
-4.02612e-17
0
0
0
0
7.28637e-15
0
0
0
0
0
0
-1.36148e-16
6.16666e-16
4.09715e-14
4.81129e-14
0
0
0
3.95963e-17
0
0
0
0
0
0
0
0
0
0
-4.23138e-15
1.78752e-17
0
-3.19824e-17
0
0
0
0
0
0
0
0
0
0
0
0
-1.5593e-14
0
0
0
0
0
0
0
0
0
0
0
0
0
0
0
0
0
0
0
0
0
0
-3.08971e-15
-1.67318e-15
3.661e-17
0
0
0
0
0
0
0
0
0
0
0
0
0
1.0702e-15
0
0
0
0
0
0
0
0
0
0
0
0
0
0
2.9018e-17
0
0
0
0
-1.78223e-16
0
0
0
0
0
-8.81587e-17
7.83559e-17
0
0
0
0
0
0
0
0
0
0
0
0
1.42708e-17
-1.80278e-15
0
0
0
0
0
0
0
0
0
0
-2.06271e-15
3.02166e-17
0
0
0
0
0
0
0
0
0
0
0
0
0
0
0
0
0
0
0
0
0
0
0
0
0
0
0
0
6.62011e-08
7.02958e-08
0
0
0
0
-2.34551e-17
-7.75785e-15
1.24755e-17
0
0
3.85496e-14
0
0
6.82484e-08
0
4.16156e-17
0
0
0
0
0
0
0
0
0
0
0
0
0
0
-1.42726e-16
0
0
2.63966e-15
-9.38265e-16
0
0
0
0
0
0
0
0
0
0
3.64997e-17
7.88563e-17
1.20747e-16
0
0
1.22276e-15
1.39815e-15
0
0
0
0
0
0
0
0
0
1.00685e-15
0
0
0
0
0
0
0
0
0
0
0
0
0
0
0
0
7.70971e-18
0
0
0
0
0
0
0
0
0
0
0
0
0
0
0
0
0
-5.64796e-17
0
0
0
0
0
0
0
0
0
0
0
0
0
0
3.41045e-16
0
0
0
5.55034e-14
0
0
0
0
0
3.13936e-17
0
0
-1.67493e-16
0
0
0
0
0
0
0
0
0
0
0
0
3.04677e-15
0
0
0
0
0
0
0
0
0
0
0
0
0
0
0
0
0
1.50456e-16
0
0
0
0
0
0
0
0
0
0
0
0
0
0
0
0
0
0
0
2.98436e-16
0
0
0
0
0
0
0
0
0
8.04598e-17
0
0
0
0
0
0
0
0
0
5.02041e-17
0
0
0
0
0
0
0
0
9.11875e-16
0
0
0
0
0
0
0
0
0
0
0
0
0
0
0
0
0
0
0
0
0
0
8.56238e-18
0
0
0
0
0
0
0
0
0
0
0
0
0
0
0
0
0
0
-7.68225e-08
1.03406e-16
0
0
0
0
0
0
0
0
0
0
0
0
0
0
0
0
0
0
0
0
0
0
0
1.38994e-15
0
0
0
0
0
0
0
0
0
0
0
0
0
0
0
0
0
0
0
0
0
0
0
0
-2.29952e-15
1.23616e-15
-6.62659e-17
3.13626e-16
0
0
0
0
0
0
0
0
-4.12978e-17
0
0
0
0
0
0
0
0
0
0
0
-3.81942e-16
0
0
3.3806e-17
0
0
0
0
0
0
0
0
0
0
0
0
0
0
0
0
0
0
0
0
0
0
0
0
0
0
5.78715e-15
0
5.96744e-08
0
0
0
0
0
0
0
0
0
0
0
0
0
0
0
0
0
2.2165e-14
0
0
0
0
0
0
-7.04008e-17
1.36887e-16
0
0
0
0
4.86309e-16
0
0
0
0
0
0
5.80294e-17
0
0
-2.92545e-14
3.55359e-14
0
0
0
0
0
0
0
0
0
0
0
0
0
0
0
0
0
0
0
0
0
8.73799e-15
0
0
0
0
0
0
0
0
0
-2.94068e-15
0
0
0
0
0
0
0
0
2.25435e-16
0
0
-5.2757e-17
-1.73079e-16
0
0
0
0
0
0
0
0
0
0
0
0
0
0
0
0
0
0
0
0
0
-6.53111e-16
-2.08917e-15
0
0
-1.35631e-17
0
0
0
0
0
0
0
0
0
0
0
0
0
0
0
0
2.00719e-17
0
0
0
0
0
0
0
0
0
0
0
0
0
0
0
2.65012e-16
2.5432e-16
0
0
0
0
0
0
0
0
0
-5.94603e-15
0
0
0
2.49543e-15
-5.99192e-16
7.59708e-14
0
0
0
0
0
0
0
0
0
0
0
0
0
0
0
3.04691e-14
0
0
0
0
-3.46239e-16
0
0
0
0
0
0
0
0
0
0
0
0
6.88518e-17
0
0
0
0
0
0
0
0
0
0
0
0
0
0
0
-2.34856e-16
0
0
-5.44967e-15
0
0
0
0
0
0
0
0
0
0
0
0
0
0
0
0
0
0
0
0
0
0
0
0
0
0
0
0
0
0
0
-6.49073e-15
0
0
0
0
0
0
0
0
0
0
0
0
4.66532e-17
-7.28873e-16
0
0
0
0
0
0
0
0
0
0
-1.2038e-15
8.87761e-18
0
0
0
0
0
0
0
0
0
0
0
0
0
0
-4.42888e-14
0
0
0
0
0
0
0
0
0
0
0
0
0
0
0
0
0
0
0
0
0
0
0
0
0
0
0
0
0
0
0
0
0
0
0
0
0
0
0
0
0
0
0
0
0
0
0
0
0
0
0
0
0
0
0
0
0
4.63419e-17
0
0
0
0
0
0
0
0
0
0
0
0
0
0
0
0
0
4.9254e-17
-7.18864e-15
0
0
0
0
-3.18562e-16
0
0
2.94132e-16
-4.30237e-16
9.1668e-16
0
0
0
0
0
0
0
0
0
0
0
0
-1.05363e-15
0
0
0
0
0
0
0
0
0
1.82464e-17
0
0
0
0
0
-1.64065e-15
0
0
0
0
0
0
0
0
0
0
0
0
0
0
0
0
0
0
0
0
0
0
0
0
0
0
0
0
4.95524e-17
-3.09806e-15
0
0
0
0
0
0
0
0
0
0
0
0
0
0
0
0
0
0
0
0
0
0
0
0
0
0
0
0
0
0
0
0
0
5.42859e-14
3.07023e-14
0
1.67457e-17
2.41215e-17
0
0
0
0
0
0
0
0
0
0
0
0
0
0
0
0
0
0
0
0
0
0
0
0
1.4471e-17
-7.52246e-16
0
0
0
0
0
0
0
0
0
0
0
0
0
0
0
0
0
0
0
0
0
-2.88906e-16
0
0
0
0
0
0
4.21822e-14
0
-4.47379e-14
0
0
0
0
0
0
0
0
0
0
0
0
0
0
0
0
0
0
0
0
0
0
0
0
0
0
0
0
0
0
0
0
0
0
0
0
0
0
0
0
0
0
0
0
-9.38327e-16
0
0
0
0
0
0
0
0
0
0
0
0
0
0
0
0
0
0
0
0
0
0
0
0
0
0
0
0
0
0
0
0
0
0
0
0
0
0
0
0
0
0
0
0
0
0
0
0
0
0
0
0
0
0
0
0
0
0
3.92653e-17
0
0
0
0
0
0
0
0
0
0
0
0
0
0
0
0
0
1.18848e-16
0
0
0
0
0
0
0
0
0
0
0
1.6232e-15
0
0
0
0
0
0
0
0
0
0
0
0
0
0
0
0
1.04631e-15
-3.06809e-16
0
9.64867e-16
0
0
0
0
0
0
0
0
0
0
0
5.21739e-16
-3.36702e-16
0
0
0
0
0
0
0
0
0
0
0
0
0
0
0
0
0
0
0
0
0
0
0
0
0
0
0
0
0
0
0
0
0
0
0
0
0
0
0
0
0
0
0
0
0
0
0
0
0
0
0
0
0
0
0
0
0
0
0
0
0
0
0
0
0
9.77104e-17
0
0
0
0
-5.61149e-17
0
0
0
0
-1.67253e-15
0
0
0
0
0
0
0
0
0
0
0
0
0
0
0
0
0
0
0
0
0
0
0
0
0
0
0
0
0
0
0
0
0
0
0
0
0
0
0
0
0
0
0
0
0
0
0
0
0
0
0
0
0
0
0
0
0
0
-1.08128e-14
0
0
0
0
0
0
-1.00827e-15
7.0955e-18
-7.23499e-16
0
0
0
0
0
0
0
0
0
0
0
0
0
0
0
0
3.12213e-14
0
0
0
0
0
0
0
0
0
0
0
0
0
0
0
0
0
0
-6.23305e-08
0
0
0
0
0
0
0
0
0
0
0
0
0
0
0
0
0
0
0
0
0
0
0
0
0
0
0
0
0
0
0
0
-7.82471e-16
0
-2.46731e-17
0
0
0
2.04214e-30
0
0
0
0
0
0
0
0
0
0
0
0
0
0
4.44548e-15
0
0
0
0
0
0
0
0
0
0
0
0
0
0
0
0
0
0
0
0
0
0
0
0
0
0
0
0
0
0
1.03389e-15
0
0
0
0
0
0
0
-1.5436e-16
0
0
0
0
0
0
0
0
-3.47812e-17
0
0
0
0
0
0
0
0
0
0
0
0
0
0
-1.93876e-17
-2.83734e-15
0
0
0
0
0
0
0
0
0
0
3.05948e-17
4.06342e-18
0
0
0
0
0
0
0
0
-7.41664e-08
0
2.19344e-15
0
0
0
0
0
0
0
0
0
0
0
0
0
0
0
0
0
0
0
0
0
0
0
0
0
0
0
0
3.29304e-29
0
0
3.26314e-15
0
0
0
0
0
0
0
0
0
0
0
0
0
0
0
0
0
0
0
0
0
0
0
0
0
0
0
0
-6.99681e-08
0
0
0
0
0
0
0
0
0
0
3.97666e-18
0
0
0
0
1.04662e-16
0
0
0
0
0
1.71606e-16
0
0
-8.64588e-08
0
0
0
3.20045e-15
0
0
0
0
0
0
0
0
0
0
-7.57175e-14
0
0
0
0
0
0
0
0
0
0
0
0
0
0
0
0
-1.84447e-17
0
0
0
0
0
0
0
0
0
0
0
0
0
0
0
0
0
0
0
0
2.32373e-16
0
0
0
-5.29528e-15
0
0
0
-5.66388e-15
9.01359e-08
0
0
-7.71715e-15
8.81097e-08
0
0
0
1.12661e-17
0
0
0
0
-4.60909e-17
0
0
8.21565e-16
0
0
0
0
0
0
0
0
0
0
0
0
0
0
0
0
-2.09282e-15
0
-1.00556e-17
-4.13813e-17
0
2.66311e-16
0
0
0
0
0
0
0
0
0
0
0
0
0
0
0
0
0
0
-5.99399e-15
0
0
1.11486e-15
0
0
0
0
0
-9.01359e-08
0
0
0
0
0
0
0
0
0
0
0
0
0
0
0
0
0
0
1.57964e-15
-3.04962e-17
0
0
0
0
0
0
-7.40535e-16
0
-1.43201e-17
0
0
0
0
0
0
0
0
0
0
0
0
0
0
0
0
5.4298e-17
0
0
0
0
0
0
0
0
0
0
0
0
0
2.9052e-17
0
0
0
-5.31215e-16
-1.08204e-15
0
0
0
0
0
0
-8.81097e-08
0
0
0
0
0
0
0
0
0
0
0
0
0
0
0
0
0
0
4.57982e-16
0
0
0
0
0
0
0
0
0
0
0
0
0
0
0
0
0
0
0
0
0
0
0
0
0
0
0
0
0
0
-8.4091e-16
0
0
0
0
0
5.92562e-14
0
0
0
0
-1.07974e-16
0
0
0
0
0
0
0
0
0
0
0
0
0
0
0
0
0
0
0
0
0
0
0
0
0
0
0
0
-4.01881e-15
0
0
0
0
0
0
7.24356e-16
0
0
0
0
0
0
0
0
0
0
0
2.91476e-14
0
0
0
0
0
0
3.15418e-14
0
0
0
0
0
0
0
0
0
0
0
0
0
0
0
0
0
0
-1.57894e-15
0
0
0
0
0
0
0
0
0
0
0
0
0
0
0
0
0
0
0
0
0
-1.12239e-16
0
0
0
0
0
0
0
0
0
0
0
0
0
0
0
0
0
0
0
0
0
-5.27723e-16
0
0
0
0
0
0
0
0
0
0
0
0
0
0
0
0
0
-2.61873e-17
0
0
0
0
0
0
0
0
0
0
0
0
0
0
-1.93721e-14
2.89941e-15
0
0
0
0
0
0
0
0
0
0
0
0
0
8.42789e-17
0
0
0
0
0
0
0
0
0
0
0
0
2.80278e-16
-3.40222e-16
0
0
0
0
0
0
0
0
0
0
0
0
0
0
0
0
0
0
0
0
0
0
0
0
0
0
0
0
0
0
0
0
0
-6.06592e-15
0
0
0
0
0
0
0
0
0
0
0
0
0
0
0
0
0
0
0
0
0
0
1.31067e-16
0
0
0
1.27779e-15
0
0
0
0
0
0
0
0
0
4.228e-15
4.31623e-17
0
0
0
0
0
0
0
-4.97294e-15
-3.13494e-16
-1.93593e-14
0
0
0
0
0
0
0
0
0
0
0
0
0
0
-1.10844e-16
0
0
0
0
0
0
0
0
0
0
0
0
0
0
0
0
0
0
0
0
0
0
0
0
0
0
0
0
0
0
0
0
0
0
0
0
0
0
0
0
0
0
0
0
0
-2.95949e-17
0
0
0
0
0
0
0
0
0
0
0
0
0
0
0
0
0
0
0
0
0
4.02218e-15
0
0
0
0
0
0
0
0
0
-2.53584e-16
-1.12262e-16
0
0
4.93113e-16
0
0
0
0
0
0
0
0
0
0
0
0
0
0
0
0
0
0
0
0
0
0
0
0
-6.42215e-15
0
0
0
0
7.23937e-17
0
0
0
0
0
0
0
0
0
0
0
0
0
0
0
0
0
0
0
0
0
0
0
0
0
0
0
0
0
0
0
0
0
0
0
0
0
0
0
0
0
0
0
0
0
0
0
0
0
0
0
0
0
5.00381e-08
0
0
4.06461e-16
0
0
0
0
0
0
0
0
0
0
0
0
0
0
0
0
0
0
0
0
0
0
0
0
0
0
0
0
0
-8.00858e-18
0
0
0
0
0
0
0
0
0
0
0
0
0
0
0
0
0
0
4.88928e-14
0
0
0
0
0
0
0
0
0
0
0
0
0
0
0
0
0
-3.39345e-14
0
0
0
0
0
0
0
0
0
0
0
0
0
0
0
0
0
0
0
0
0
0
0
0
2.41944e-16
2.04688e-17
0
0
0
0
0
0
0
0
0
0
0
0
0
0
0
0
0
0
0
0
0
0
0
0
0
0
0
0
0
0
0
6.65288e-08
0
0
0
0
0
0
-1.00041e-16
0
0
0
0
0
0
0
0
0
0
0
0
0
0
0
0
0
0
0
0
0
0
0
0
0
1.0823e-14
0
0
0
0
0
0
0
0
1.11255e-14
0
0
0
0
0
5.18614e-16
0
0
0
0
0
0
0
0
0
0
0
0
0
0
0
0
0
2.71356e-14
0
0
0
0
0
0
0
0
1.46786e-17
0
0
0
0
0
0
0
0
0
0
0
0
0
0
0
0
0
-8.44859e-17
0
0
0
0
0
0
0
0
0
0
0
0
0
0
0
0
0
0
0
0
0
0
0
1.45052e-15
0
1.09174e-16
0
0
0
-2.8537e-14
0
0
0
0
0
0
0
0
0
0
-6.03457e-14
0
0
0
0
0
0
-2.24704e-16
0
0
-3.44443e-14
0
0
0
0
0
3.50853e-17
0
0
0
0
0
0
0
0
0
0
0
0
0
0
0
0
0
0
0
0
0
0
0
0
0
0
0
0
0
0
-2.67964e-15
0
0
0
0
0
0
0
0
0
0
0
0
0
0
0
0
0
0
0
0
0
1.33737e-16
0
0
0
0
0
0
-7.10754e-17
0
0
1.85852e-16
0
0
0
0
0
0
0
0
0
0
0
0
0
0
0
0
0
0
0
0
0
0
0
0
0
0
0
0
0
0
0
0
0
0
0
0
0
0
0
0
0
0
0
0
0
0
0
0
0
6.2419e-15
0
0
0
0
0
0
0
0
0
0
0
0
0
0
0
0
0
0
0
0
0
0
0
0
0
0
0
0
0
0
0
0
0
0
0
0
0
0
0
0
0
-1.72937e-15
0
0
0
0
-8.44812e-15
0
0
0
0
0
0
0
0
0
0
0
0
0
0
0
0
0
0
0
0
0
0
0
0
0
0
0
0
0
0
0
0
0
0
0
0
0
0
0
3.56138e-16
-3.57305e-16
0
0
0
0
0
0
0
0
0
0
0
0
0
0
0
0
0
0
0
0
0
)
;

boundaryField
{
    frontback
    {
        type            empty;
        value           nonuniform List<scalar> 0();
    }
    topbottom
    {
        type            calculated;
        value           uniform 0;
    }
    outlet
    {
        type            calculated;
        value           uniform 0;
    }
    inlet
    {
        type            calculated;
        value           nonuniform List<scalar> 0();
    }
    walls
    {
        type            calculated;
        value           nonuniform List<scalar> 
45
(
0
0
0
0
0
-2.72994e-07
-2.72994e-07
-2.72994e-07
-2.72994e-07
-2.72994e-07
-2.72994e-07
-2.72994e-07
-2.72994e-07
-2.72994e-07
-2.72994e-07
-2.72994e-07
-2.72994e-07
-2.72994e-07
-2.72994e-07
-2.72994e-07
-2.72994e-07
0
0
-2.72994e-07
0
-9.23303e-16
0
-2.72994e-07
0
-2.72994e-07
-2.72994e-07
0
0
0
0
-2.72994e-07
0
-2.72994e-07
-2.72994e-07
-2.72994e-07
-2.72994e-07
-2.72994e-07
-2.72994e-07
9.23303e-16
0
)
;
    }
    procBoundary3to1
    {
        type            processor;
        value           nonuniform List<scalar> 
205
(
-1.69942e-07
0
0
0
-4.16683e-17
0
0
0
0
-1.0571e-16
0
0
-2.44077e-16
5.02042e-16
1.75721e-16
7.38936e-17
0
-5.15934e-16
0
0
0
0
0
0
0
9.34308e-16
-9.94278e-17
-3.93787e-17
0
0
-7.15906e-15
0
0
3.17393e-15
-9.94057e-17
2.85333e-16
0
2.0287e-16
8.30774e-15
-6.95686e-17
6.84443e-15
0
-3.3055e-16
0
0
0
0
0
1.08218e-15
-5.0706e-15
0
0
2.20196e-15
-8.15598e-15
0
0
0
0
0
0
0
0
0
0
0
0
0
0
0
0
0
0
0
0
0
0
0
0
0
0
0
0
0
0
0
0
0
0
0
0
5.88335e-15
0
-1.44437e-16
0
0
0
0
0
0
0
0
0
0
0
0
0
0
0
0
0
0
0
0
2.38688e-15
0
0
0
0
0
0
0
0
0
9.18348e-16
0
0
0
0
0
0
1.22124e-15
0
0
0
0
0
0
0
0
0
0
0
5.56426e-17
0
0
0
0
0
8.93726e-14
0
0
0
8.4118e-16
1.7725e-16
-8.79723e-15
0
0
0
4.4547e-16
4.07086e-16
-3.1348e-14
0
0
-4.25686e-16
0
1.00128e-14
1.17908e-13
0
0
0
0
0
-7.49432e-16
0
-3.7809e-16
-2.61545e-16
0
0
-8.02088e-15
0
-7.23719e-15
0
2.13788e-16
-3.08414e-16
0
0
-2.74847e-16
0
0
0
0
1.83311e-14
5.47249e-16
-2.78844e-16
-9.73592e-16
0
1.9531e-15
6.55613e-17
0
0
0
0
0
7.79251e-15
0
)
;
    }
    procBoundary3to2
    {
        type            processor;
        value           nonuniform List<scalar> 
99
(
0
0
-2.4977e-16
0
0
0
0
0
0
0
0
0
-1.13223e-14
0
0
0
0
0
3.65972e-15
0
0
0
0
0
0
0
0
-3.02554e-17
0
0
0
0
0
0
0
0
0
0
0
0
0
0
0
0
-8.61123e-15
0
0
0
0
0
0
0
0
0
0
0
0
0
0
0
0
0
0
2.47313e-16
0
0
0
0
0
-7.45544e-08
0
0
0
0
0
0
0
0
0
0
0
0
0
0
0
0
0
0
0
0
0
0
0
0
0
0
0
0
-2.0415e-16
)
;
    }
}


// ************************************************************************* //
