/*--------------------------------*- C++ -*----------------------------------*\
| =========                 |                                                 |
| \\      /  F ield         | OpenFOAM: The Open Source CFD Toolbox           |
|  \\    /   O peration     | Version:  v2012                                 |
|   \\  /    A nd           | Website:  www.openfoam.com                      |
|    \\/     M anipulation  |                                                 |
\*---------------------------------------------------------------------------*/
FoamFile
{
    version     2.0;
    format      ascii;
    class       surfaceScalarField;
    location    "400";
    object      meshPhi;
}
// * * * * * * * * * * * * * * * * * * * * * * * * * * * * * * * * * * * * * //

dimensions      [0 3 -1 0 0 0 0];
oriented        oriented;


internalField   nonuniform List<scalar> 
20580
(
0
0
0
0
0
0
0
0
0
0
0
0
0
0
0
0
0
0
0
0
0
0
0
0
0
0
0
0
0
0
0
0
0
0
0
0
0
0
0
0
0
0
0
0
0
0
3.49787e-16
-1.5835e-16
0
0
0
0
0
0
0
0
0
0
0
0
0
0
0
0
0
0
0
0
0
0
0
0
0
0
0
0
0
0
0
0
0
0
0
0
0
0
0
0
0
0
0
0
0
0
0
0
0
0
0
0
0
3.10371e-16
0
5.11936e-16
0
0
0
0
0
0
0
0
0
0
0
0
0
0
0
0
-8.74292e-08
-4.90677e-08
0
0
0
0
0
0
0
0
0
4.19554e-14
-6.32616e-16
0
0
0
0
0
0
0
0
0
0
0
0
0
0
0
0
0
0
0
1.5101e-16
0
2.03689e-16
0
0
0
0
0
0
0
0
0
0
0
0
0
0
0
0
0
0
0
0
0
0
0
0
0
0
0
0
0
-1.13493e-15
0
0
0
0
0
0
0
0
0
0
0
0
0
0
0
0
-5.89611e-17
0
0
0
0
0
0
-4.8997e-16
0
0
0
0
0
0
0
0
0
0
0
0
0
0
0
0
4.82354e-17
2.35765e-16
0
4.73644e-17
0
0
0
0
0
0
1.65198e-17
-2.84228e-16
1.20977e-16
0
0
0
0
0
0
0
0
0
-7.71712e-08
-5.93257e-08
0
0
0
0
0
0
0
0
0
0
0
0
0
0
7.05327e-17
0
-3.00314e-32
0
0
0
0
0
2.17079e-16
-8.94319e-16
3.79134e-16
0
8.17775e-17
7.26527e-16
0
0
0
0
0
0
0
0
0
0
0
0
0
0
0
0
0
0
0
0
0
0
0
0
0
0
0
0
0
0
0
0
0
0
0
0
-2.04937e-14
4.5239e-14
0
0
0
0
0
0
0
0
2.48903e-15
3.48784e-14
0
0
0
0
0
0
0
0
0
0
0
0
0
0
0
0
0
0
0
0
0
0
0
0
0
0
0
0
0
0
0
0
0
0
0
0
0
0
0
0
0
0
0
0
0
0
0
0
0
0
0
0
0
0
0
0
0
0
0
0
0
0
0
0
0
0
0
0
0
0
0
0
0
0
0
0
0
0
0
0
0
0
0
0
0
0
0
0
0
0
0
0
0
0
0
0
0
0
0
0
0
0
0
0
0
0
0
0
0
0
0
1.09353e-16
1.59585e-16
0
0
0
0
0
0
0
0
0
0
0
0
0
0
0
0
0
0
0
0
0
0
0
0
0
0
0
0
0
0
0
0
0
0
0
0
0
0
0
0
0
-4.64474e-08
-9.00495e-08
0
0
0
0
0
0
0
0
0
0
0
0
0
0
0
0
0
7.9621e-17
-1.45194e-16
0
0
0
0
0
0
0
0
0
0
0
0
0
0
0
0
0
0
0
0
0
0
0
0
0
0
0
0
0
0
0
0
0
0
0
0
0
0
0
0
0
0
0
0
0
0
0
0
0
0
0
0
0
0
0
0
0
0
0
0
0
0
0
0
0
0
0
0
0
0
0
0
0
0
0
0
2.88703e-17
-1.88007e-16
0
0
0
0
0
0
0
0
0
0
0
0
0
0
0
0
0
0
0
0
0
0
0
0
-1.77909e-14
0
0
0
0
0
0
0
0
0
0
0
0
0
0
0
0
0
-2.16254e-16
-4.72973e-17
0
0
0
0
0
0
0
0
0
0
0
0
0
0
0
0
0
0
0
0
0
0
0
0
0
0
-4.58198e-14
-1.90242e-14
0
0
0
0
0
0
0
0
0
0
0
0
0
0
0
0
0
0
0
0
0
0
0
0
0
0
0
0
0
0
-2.60721e-16
-1.9167e-15
0
0
0
0
0
0
0
0
0
0
0
0
0
0
0
6.48229e-16
-6.39663e-17
0
0
0
0
0
0
0
0
0
0
0
0
0
0
0
0
0
0
3.97026e-17
0
-5.77064e-17
0
0
0
0
0
0
0
0
0
0
0
0
0
0
0
0
0
-3.92451e-17
-4.06262e-16
0
0
0
0
0
0
0
0
0
0
0
0
0
0
0
0
0
0
0
0
0
0
0
-1.26811e-16
0
0
0
0
0
0
0
0
0
0
0
0
0
0
0
0
0
0
0
0
0
0
0
0
0
0
0
0
0
0
0
0
0
0
0
0
0
0
0
0
0
2.94803e-16
0
-3.98427e-16
0
0
0
0
0
0
0
0
-1.55498e-15
0
0
0
0
0
-6.69975e-16
3.75747e-16
0
0
0
0
0
-7.02848e-08
-6.62121e-08
0
0
0
0
0
0
0
0
0
0
0
0
0
0
1.71633e-16
1.35837e-16
2.56333e-15
0
0
0
0
0
-1.17183e-13
0
0
0
0
0
0
0
0
0
0
0
0
0
0
0
0
-1.07745e-16
-5.34681e-17
0
0
0
0
0
0
0
0
0
0
0
0
0
0
0
0
0
0
0
0
0
0
0
0
0
0
0
0
1.39282e-16
9.61005e-32
-2.66786e-16
0
0
0
0
0
0
0
0
0
0
0
0
0
0
0
0
-1.42325e-16
0
0
0
0
0
0
0
0
0
0
0
0
0
-6.12991e-16
-4.19376e-16
0
0
0
0
0
0
4.74214e-16
7.28122e-08
0
0
0
0
0
0
0
0
3.16095e-17
-2.59795e-16
0
0
0
0
0
0
0
0
0
0
0
0
0
0
0
0
2.68376e-17
0
0
0
0
0
0
0
2.5827e-31
1.22162e-16
0
0
0
0
0
0
0
0
0
0
0
-6.13662e-16
0
7.49813e-16
0
0
0
0
0
0
0
0
0
0
0
0
0
0
0
0
0
-1.28381e-16
0
0
0
0
0
0
0
0
0
0
0
0
0
0
-6.82484e-08
-6.82484e-08
0
0
0
0
0
0
0
0
0
0
0
0
-2.70321e-17
0
-9.43262e-15
1.69935e-14
0
4.69492e-16
-2.78888e-16
0
0
0
0
0
0
0
0
0
0
0
0
0
0
0
0
-1.15413e-16
4.14645e-17
0
0
0
0
0
0
0
0
0
0
0
0
0
0
0
0
0
0
0
0
0
0
0
0
0
0
0
0
0
0
0
0
0
0
0
1.56562e-16
0
0
0
0
0
0
0
0
0
0
0
0
0
0
0
0
0
0
0
0
0
0
0
0
0
0
0
0
0
0
0
0
0
0
0
0
0
0
0
0
0
0
0
0
0
0
0
0
0
0
0
0
0
0
0
0
0
0
0
0
1.18584e-16
1.18259e-07
-7.81882e-08
0
0
0
0
0
0
0
0
0
0
0
0
0
0
0
0
0
0
0
0
0
0
0
0
0
0
0
0
0
0
0
0
0
0
0
0
0
0
0
0
0
0
0
0
0
0
0
0
0
0
0
0
0
0
0
0
5.57931e-16
-1.48043e-16
-1.24654e-16
1.42629e-16
0
0
-7.61986e-16
-3.37975e-16
5.41562e-16
0
0
0
0
0
0
0
0
0
0
0
0
-7.21291e-16
0
0
0
0
0
0
0
0
0
0
0
0
0
0
0
0
0
0
0
0
0
0
0
0
0
-3.50001e-16
0
-2.61389e-17
0
0
0
-1.2807e-16
-1.89607e-17
0
0
0
0
0
0
0
0
0
0
0
0
0
0
0
0
0
0
0
0
0
0
0
0
0
0
0
0
0
0
0
0
0
-8.57663e-17
-2.77636e-16
2.28117e-17
0
0
0
0
0
0
0
0
0
0
0
0
0
-1.22839e-16
0
0
0
0
0
-3.18883e-15
0
4.45357e-15
0
0
0
0
0
-2.32893e-16
0
1.02805e-16
0
0
0
0
0
0
0
0
0
0
0
0
1.12522e-14
0
0
0
0
0
0
0
0
0
0
0
0
0
6.00628e-33
8.4555e-17
0
0
0
0
0
0
0
0
0
0
0
0
0
0
0
0
0
0
0
-8.24694e-17
0
0
0
0
2.46299e-17
5.51221e-16
0
0
0
0
0
0
0
0
0
0
0
0
0
0
0
0
0
0
0
0
0
0
0
0
0
0
0
0
0
0
0
0
0
0
0
0
0
0
-1.29668e-16
0
0
0
0
0
0
0
0
0
0
0
0
0
0
0
0
6.55126e-08
5.66404e-16
0
0
0
0
0
0
0
0
0
6.17528e-16
0
0
0
0
6.62197e-16
3.32465e-19
0
0
0
0
0
0
0
0
0
0
0
0
0
0
0
0
0
0
0
0
0
0
0
0
0
0
0
0
0
0
0
0
0
0
0
0
0
0
0
0
0
0
0
0
0
0
0
0
0
0
0
0
0
0
0
0
0
0
0
0
0
0
0
0
0
0
0
-4.64889e-16
0
0
0
0
-5.74587e-16
0
0
0
0
0
0
0
0
0
0
0
0
0
1.05346e-16
0
0
0
0
3.68668e-16
0
0
0
0
0
0
0
0
0
0
0
0
-2.69671e-16
3.59347e-16
0
0
0
1.5431e-15
0
0
0
0
0
0
0
0
0
0
0
0
0
0
0
0
0
0
0
0
0
0
0
0
0
0
0
0
0
0
0
0
0
0
0
0
0
0
0
0
0
0
0
0
0
0
0
0
0
0
0
0
0
0
0
0
0
0
0
0
0
0
0
0
-8.52028e-16
7.12254e-17
0
0
0
0
0
0
0
0
0
0
0
0
0
0
0
0
0
0
0
0
0
0
0
0
0
0
0
0
0
0
0
0
-2.92154e-16
8.40298e-17
0
0
0
0
0
0
0
0
0
0
0
8.80642e-17
-5.77064e-17
0
0
0
0
0
0
0
-1.35159e-16
0
0
0
0
0
0
0
0
0
0
0
0
0
0
0
0
0
0
0
0
0
0
0
0
0
0
0
0
0
0
0
0
0
1.94352e-16
0
0
0
0
0
0
0
0
0
0
0
0
-3.35298e-15
1.97095e-14
0
0
-8.72564e-14
0
2.24269e-14
0
0
0
0
0
0
0
0
0
0
0
0
0
0
0
0
0
-5.27684e-15
-1.05537e-14
0
0
0
0
0
0
-3.57666e-15
0
0
0
0
0
0
0
0
0
0
0
0
0
0
0
0
0
0
0
0
0
0
-8.51687e-15
-4.89651e-16
0
0
0
0
-2.14821e-15
-1.26008e-14
-3.87581e-14
0
0
0
0
0
0
0
0
0
0
0
0
0
0
0
0
0
0
0
2.78732e-17
0
0
0
0
0
0
0
0
0
-6.74054e-15
0
0
0
0
0
0
0
0
0
0
0
0
0
0
0
0
0
0
0
-1.98305e-15
8.16855e-30
0
1.4824e-14
-4.94132e-15
0
0
0
0
1.10951e-14
-3.28408e-14
0
0
0
0
0
0
0
0
0
0
0
0
0
0
0
0
0
0
0
0
0
0
0
4.0064e-18
0
0
0
0
0
0
0
0
-6.68484e-16
0
0
0
0
0
0
0
0
0
0
0
0
0
0
0
0
0
0
0
0
0
0
0
0
0
0
0
0
0
0
0
0
0
0
0
0
0
0
0
0
0
7.07854e-14
-3.57694e-15
-1.16805e-15
0
0
0
0
0
-8.2538e-17
0
0
0
0
0
0
0
0
0
0
0
0
0
0
0
0
0
0
0
-8.42408e-17
0
0
0
0
0
0
0
0
0
0
0
0
0
0
0
0
0
0
0
0
0
0
0
0
0
0
0
0
0
0
0
0
0
0
0
0
0
0
0
0
0
0
0
0
0
0
0
0
0
0
0
0
0
0
0
0
4.4017e-17
-5.77064e-17
0
0
0
0
0
0
0
0
0
0
0
0
0
0
0
0
0
0
0
0
0
0
0
0
0
0
0
0
0
0
0
0
0
0
0
0
0
0
0
0
0
0
0
0
0
0
0
0
0
0
0
0
0
0
-4.49462e-16
-4.98771e-16
0
0
0
0
0
0
0
0
0
0
0
0
0
0
0
0
0
0
0
0
0
0
0
0
7.84042e-08
0
0
0
0
0
0
0
0
0
0
3.46967e-17
-2.06514e-16
-6.99735e-17
0
0
0
0
0
0
0
0
0
0
0
0
0
0
0
0
0
0
0
0
0
0
0
0
0
0
0
0
0
0
3.1741e-14
5.69246e-14
0
1.11265e-16
-1.29571e-16
0
0
0
0
0
0
0
0
0
0
0
0
0
0
0
0
-9.81921e-18
0
0
0
0
2.8306e-16
7.73358e-08
0
0
0
0
0
0
-4.50364e-16
2.72518e-16
0
0
0
0
0
0
0
0
0
-1.22839e-15
-1.95805e-16
0
0
0
0
0
0
0
0
0
0
0
0
0
0
0
0
0
0
0
0
0
0
0
0
0
0
0
0
0
0
0
0
0
0
0
0
0
0
0
0
0
0
0
0
0
0
0
0
0
0
0
0
0
0
0
0
0
0
0
0
0
0
0
0
0
0
0
0
0
0
0
0
0
0
0
0
0
-3.42882e-15
5.20903e-14
0
0
0
0
0
0
0
0
0
0
0
0
0
0
0
-1.40886e-15
-2.23459e-15
0
0
0
0
0
0
7.09843e-08
9.37521e-17
6.49421e-08
0
0
0
0
0
0
0
0
0
0
0
0
0
0
0
0
0
0
0
0
0
0
0
0
0
0
0
0
-6.75253e-17
0
0
0
0
0
0
0
0
0
0
0
0
0
0
0
0
0
0
0
0
0
0
-5.54199e-17
0
0
0
0
0
0
0
0
0
0
0
0
0
0
9.56352e-17
0
0
0
0
0
0
0
0
0
0
-1.35846e-16
-5.52746e-17
0
0
0
0
0
0
0
0
0
0
0
0
0
-1.86857e-16
-4.52791e-17
0
0
0
0
0
-2.52264e-31
2.65112e-16
0
0
0
0
0
0
0
0
0
0
0
0
0
-4.49149e-16
-2.12243e-16
0
0
0
0
0
0
0
0
0
0
0
3.60237e-16
0
0
0
0
0
0
0
0
0
0
0
0
0
0
0
0
0
0
0
0
0
0
0
0
0
0
0
0
0
0
0
0
0
0
0
2.21056e-17
7.38702e-08
0
1.91106e-14
0
0
0
0
0
0
0
0
0
0
0
0
0
0
0
0
0
0
0
0
0
0
0
0
0
0
0
0
0
0
0
0
0
0
0
0
-1.18476e-16
0
0
0
0
0
0
0
0
0
0
0
0
0
0
0
0
0
0
0
0
0
0
0
0
0
0
0
0
0
0
0
0
0
0
1.48966e-14
1.59155e-14
0
0
0
0
0
0
0
0
0
0
0
0
0
0
0
0
0
0
0
0
0
0
0
0
0
0
0
0
0
0
0
0
0
0
0
0
0
0
0
6.79255e-08
0
0
0
0
0
0
0
0
0
0
0
0
0
0
0
0
0
0
0
0
1.08455e-15
1.10825e-17
0
0
0
0
0
0
0
0
0
0
-1.60248e-16
0
0
0
0
0
0
0
0
0
0
0
0
0
6.82484e-08
0
0
0
1.40463e-15
-2.33051e-16
0
0
0
0
0
0
0
0
0
0
0
0
0
0
0
0
0
0
0
0
-4.18637e-16
0
-7.87705e-17
0
0
-1.69137e-29
0
8.20119e-15
-1.40692e-14
0
0
0
0
0
0
0
0
0
0
0
0
0
0
0
0
0
0
0
0
0
0
0
0
0
0
0
0
0
0
0
0
0
0
0
0
0
0
-2.85125e-16
0
0
-3.77086e-16
-4.16059e-16
0
0
0
0
0
0
0
0
0
0
0
0
0
0
0
0
0
0
0
0
0
0
0
0
0
0
0
0
0
0
0
0
0
0
0
-6.64619e-14
0
-4.27182e-14
0
0
0
0
0
0
0
0
0
0
0
0
0
0
0
0
0
0
0
0
0
0
0
0
0
0
0
-3.70059e-16
0
0
0
0
0
0
0
0
0
0
0
0
0
0
0
1.90129e-14
-8.95028e-15
0
2.32506e-14
0
0
0
0
0
0
0
0
0
0
0
1.721e-14
1.59281e-14
0
0
0
0
0
0
0
0
0
0
0
0
0
0
-9.76714e-17
0
0
0
0
0
0
0
0
0
0
0
0
0
0
0
0
0
0
0
0
0
0
0
0
0
0
0
0
0
2.67883e-15
0
4.74472e-16
0
0
0
0
0
0
0
0
0
0
0
0
0
0
0
0
0
0
0
6.82484e-08
2.88532e-16
0
0
0
0
0
0
0
0
0
0
0
0
2.13337e-14
-3.23416e-14
0
0
0
0
0
0
0
0
0
0
0
0
0
0
0
0
0
0
-4.99297e-14
0
-1.84489e-14
0
-2.79387e-16
0
0
0
3.4534e-14
0
0
0
0
0
0
0
0
0
0
0
0
0
0
0
0
0
0
0
0
7.44291e-16
0
-9.55083e-16
0
0
0
0
0
0
0
0
0
0
0
0
3.78242e-14
6.82484e-08
0
0
0
0
0
0
0
0
0
0
0
0
0
0
0
0
0
0
0
0
1.26235e-14
0
0
0
0
0
0
0
0
0
0
0
0
0
0
0
4.18124e-16
7.3998e-08
0
0
0
0
0
0
-2.92106e-16
0
0
0
0
0
-6.8537e-15
-6.6547e-17
0
0
0
0
0
0
0
0
0
0
0
0
0
0
0
0
0
4.20993e-16
9.16099e-15
0
0
-1.00658e-15
0
-3.01083e-15
0
0
0
0
0
0
7.79324e-14
0
0
0
0
0
0
0
0
0
0
0
0
0
0
0
0
0
0
0
-3.32755e-16
1.75804e-16
0
0
0
0
0
0
0
0
0
0
0
0
0
0
0
0
0
0
0
0
0
0
0
0
0
0
0
0
0
0
0
0
0
0
0
0
0
0
0
0
0
0
0
0
0
0
0
0
0
0
0
0
0
0
0
0
0
0
0
0
0
0
0
0
5.31831e-16
0
0
0
0
0
0
0
0
0
0
0
0
0
0
0
0
0
0
0
0
0
0
0
0
0
0
0
0
0
0
0
0
0
4.22022e-16
4.97206e-16
0
0
0
0
0
0
0
0
0
0
0
0
-5.98577e-17
0
0
0
0
0
0
0
0
0
0
0
0
0
0
0
0
0
0
0
0
0
0
0
0
0
0
0
0
0
0
0
0
0
0
0
0
0
0
0
0
0
0
0
0
0
0
0
0
0
0
0
0
0
0
0
8.33819e-17
1.20182e-16
0
0
0
0
0
0
0
0
0
0
0
1.02896e-15
0
0
0
0
0
0
0
0
0
0
0
0
0
0
0
0
0
0
0
0
0
0
-5.50344e-17
0
0
0
0
0
0
0
0
0
0
0
0
0
0
0
0
0
0
0
0
0
-1.93375e-16
6.12741e-15
1.12794e-14
0
-4.00419e-33
0
-5.39956e-16
0
0
0
0
0
0
0
0
0
0
0
0
0
0
0
0
0
0
0
0
0
0
0
0
4.64937e-15
0
0
0
0
0
0
0
0
0
0
0
0
0
0
0
0
0
0
0
0
0
0
0
7.46251e-15
0
0
0
0
0
0
0
0
0
0
0
0
0
0
0
0
0
0
0
0
0
0
0
-1.99562e-14
3.67286e-14
0
0
0
0
0
0
0
0
0
0
0
0
0
0
0
0
0
0
0
0
0
0
0
0
0
-8.5729e-17
0
0
0
0
1.83891e-14
4.4495e-16
2.09795e-14
0
0
0
0
0
0
0
0
0
0
0
0
0
0
0
0
0
0
0
2.20531e-16
-1.83493e-16
0
0
0
0
0
0
0
0
0
0
0
0
0
0
0
0
0
0
0
0
0
0
0
7.06618e-14
0
0
0
0
0
0
0
0
0
0
0
0
0
0
0
0
0
0
0
0
0
0
0
0
0
0
0
0
0
0
0
0
0
0
0
0
-2.22408e-16
8.28747e-17
0
0
0
0
0
0
0
0
0
0
0
0
0
0
0
0
0
0
0
0
0
0
0
0
-5.30298e-15
-1.21696e-14
0
0
0
0
0
0
0
0
0
0
0
0
0
0
0
0
0
0
0
0
0
0
0
0
2.57617e-16
0
0
0
0
0
0
0
0
0
0
0
0
0
0
0
0
0
0
0
0
0
8.48421e-16
-1.06474e-15
0
0
0
0
0
0
0
0
0
0
0
0
0
0
0
0
0
0
0
0
0
0
0
0
0
0
0
0
0
0
0
0
0
0
0
0
0
0
0
0
0
0
0
0
0
0
0
0
0
0
0
0
0
0
0
0
0
0
-2.50887e-16
3.0137e-16
0
0
0
0
0
0
0
0
0
0
0
0
0
0
0
0
-2.80126e-14
0
0
3.29329e-14
-6.36768e-14
0
-7.59666e-17
2.15206e-16
0
0
0
0
0
0
0
0
0
0
0
0
0
0
0
1.03145e-15
0
0
0
0
0
-4.42421e-16
0
0
0
4.14151e-16
-3.5561e-16
0
0
-1.06524e-15
0
0
0
0
0
0
0
0
0
0
0
0
0
0
0
0
0
0
0
0
0
0
0
0
0
0
0
0
0
0
0
0
0
0
0
0
0
0
0
0
0
0
0
0
0
0
0
0
0
0
0
0
0
0
0
0
0
0
0
0
0
0
0
0
0
0
0
0
0
0
0
0
0
0
0
0
0
0
0
0
0
0
0
0
0
0
0
0
0
-4.32768e-16
0
0
0
0
0
0
0
0
0
0
0
0
0
0
4.47521e-16
5.69802e-17
0
0
0
-2.72716e-16
0
3.65818e-16
0
0
0
0
0
0
0
0
0
0
0
-1.43881e-16
0
0
0
0
-4.21546e-16
-8.16424e-17
0
0
0
0
0
0
0
0
0
0
0
0
0
0
0
0
0
0
0
0
0
0
-6.97523e-16
0
0
0
-5.64461e-16
0
0
0
0
0
5.94102e-16
-1.01559e-15
0
0
0
0
0
0
0
0
0
0
0
0
0
0
0
0
0
0
0
0
0
0
0
0
2.02656e-16
0
0
0
0
0
0
0
0
0
0
0
0
0
-6.5157e-17
0
0
4.31728e-15
0
0
0
0
0
0
0
0
0
0
0
0
0
0
0
0
0
0
0
0
0
0
0
0
0
0
0
0
0
0
0
0
0
0
1.04268e-14
0
0
0
0
0
0
0
8.22069e-15
0
0
0
0
0
0
0
0
0
0
0
0
0
0
0
0
0
0
0
0
0
0
0
0
0
0
0
0
0
0
0
0
0
0
0
0
0
0
0
7.36892e-17
0
0
0
0
0
0
0
0
0
0
0
0
0
0
0
0
0
0
0
0
0
0
0
0
0
0
0
0
0
0
0
0
0
0
0
0
0
-3.23746e-16
0
0
0
0
0
0
0
0
0
0
0
0
0
0
0
0
0
0
0
0
0
0
0
0
0
0
0
0
0
0
0
0
0
0
0
0
0
0
-2.07373e-16
0
1.36693e-16
1.00405e-16
0
0
0
0
0
0
0
0
0
0
0
0
0
0
0
0
0
0
0
0
0
0
0
0
0
0
0
0
0
0
0
0
0
-2.05869e-16
0
0
0
-3.70958e-17
0
0
2.11899e-14
-1.62379e-14
0
0
0
0
0
0
-6.03914e-16
-9.28089e-15
0
0
0
0
0
0
0
0
0
0
0
0
0
0
0
0
0
0
-8.7308e-17
0
0
-2.8925e-17
0
0
0
0
0
0
0
0
0
4.77375e-15
-7.96847e-17
0
0
0
0
0
0
0
6.20672e-17
0
0
0
0
-6.51033e-16
0
0
0
0
0
0
0
0
0
0
-2.49126e-14
7.27213e-14
0
0
0
0
0
0
0
0
0
0
0
0
0
-3.62436e-17
0
0
0
0
0
0
0
0
0
0
0
0
0
0
0
0
0
0
0
0
0
0
0
0
0
0
0
0
0
0
0
-4.08574e-17
0
0
0
0
0
0
0
0
0
-6.00628e-33
0
-1.58852e-16
0
0
0
0
0
0
0
0
0
0
0
0
0
0
0
0
0
0
0
0
0
0
0
0
0
0
0
0
0
0
0
0
0
0
0
0
0
0
0
0
0
0
0
0
-9.23389e-15
0
0
0
0
0
0
-2.75486e-15
1.62652e-15
0
0
0
0
0
0
0
0
0
0
0
0
0
0
0
0
0
0
0
0
0
0
0
0
0
0
0
0
0
0
0
0
0
0
0
0
0
0
0
0
0
0
0
0
0
0
0
0
0
0
0
0
0
0
0
0
0
0
0
0
0
0
0
0
0
0
0
0
0
0
0
0
0
0
0
0
0
0
0
0
0
0
0
0
0
0
0
0
0
0
0
0
0
0
0
0
0
0
0
0
0
-1.54489e-16
0
0
0
0
0
0
0
0
0
0
0
0
0
0
0
0
0
0
0
0
0
0
0
0
0
0
0
0
0
0
0
6.09525e-15
0
3.03175e-15
6.60265e-14
-8.14741e-15
0
0
0
0
0
0
0
0
0
-4.52237e-16
-1.04315e-16
0
0
0
0
0
0
0
0
0
0
0
0
-3.99817e-16
-7.56642e-17
0
0
0
0
0
0
0
0
0
0
0
0
-2.31583e-16
0
0
0
0
0
0
0
0
0
0
0
0
0
0
0
0
0
0
0
0
0
0
0
0
0
0
0
0
0
0
0
0
0
0
0
0
0
0
0
0
0
0
0
0
0
0
0
0
0
0
0
0
0
0
0
0
0
0
0
0
0
0
0
0
0
0
0
0
0
0
0
0
0
0
0
0
0
0
0
0
-2.1029e-14
-1.39036e-14
0
0
0
0
0
0
0
0
0
0
0
0
0
0
0
0
0
0
0
0
0
0
0
0
0
0
0
0
0
0
0
0
0
0
0
0
0
0
0
0
0
0
7.31477e-15
0
0
0
0
0
0
0
0
0
0
0
0
0
0
0
0
0
0
0
0
0
0
0
0
0
0
0
0
0
0
0
0
0
0
0
0
0
0
0
0
0
0
0
0
0
0
0
0
0
0
0
0
0
0
0
0
3.23908e-14
-4.43389e-15
0
0
0
0
0
0
0
0
0
0
0
0
0
0
0
0
0
0
0
0
0
0
0
0
0
0
0
0
0
0
0
0
0
0
0
0
0
0
0
0
0
0
0
0
0
0
0
0
0
0
0
0
0
0
1.81826e-14
-1.35033e-14
0
0
0
0
0
0
0
0
0
0
0
0
0
-5.32487e-16
0
0
0
0
0
0
0
0
0
0
0
0
0
0
0
0
0
0
0
0
0
0
0
0
0
0
0
0
0
0
0
0
0
0
0
0
0
0
0
0
0
0
0
0
0
0
0
0
0
0
0
0
0
0
0
0
0
0
0
0
0
0
0
0
0
0
0
-2.55267e-31
0
0
0
0
0
0
0
-3.33821e-17
0
0
0
0
0
0
0
0
0
0
0
0
0
0
0
0
0
0
0
0
0
0
0
0
0
0
0
0
0
0
0
0
0
0
0
0
0
0
0
0
0
0
0
0
0
0
0
0
0
0
0
0
0
0
0
0
0
0
0
0
0
0
0
0
0
0
0
0
0
0
0
0
0
0
0
0
0
0
0
0
0
0
0
0
0
0
0
0
0
0
0
0
0
0
0
0
0
0
0
0
0
0
0
0
0
0
0
0
0
0
0
-1.32324e-14
-6.01733e-15
0
0
0
0
0
0
0
0
0
0
0
0
0
0
0
0
0
0
0
0
0
0
0
0
0
0
0
0
0
0
0
0
0
0
0
0
0
0
0
0
0
0
0
0
0
0
0
0
0
0
0
0
0
0
0
0
0
0
0
0
0
0
0
0
0
0
0
0
0
0
0
0
0
0
0
0
0
0
0
0
0
0
0
0
0
0
0
0
0
0
0
0
0
0
0
0
0
0
0
0
0
0
-5.93005e-16
0
0
0
0
0
0
0
0
0
0
0
0
0
0
0
0
0
0
0
0
0
0
0
0
-1.26699e-16
-1.38356e-16
0
0
0
0
0
0
0
0
0
0
0
0
0
0
0
0
0
0
0
0
0
0
0
0
0
-5.04411e-15
0
0
0
0
0
0
0
0
0
0
0
0
0
0
0
0
0
0
0
0
-8.83688e-16
-2.96635e-17
-6.65259e-15
0
0
0
0
0
0
-5.77929e-15
-2.18381e-14
0
0
0
0
0
0
0
0
0
0
0
0
0
0
0
0
0
0
0
0
-1.22054e-14
0
1.79984e-14
0
0
0
0
0
0
0
0
0
0
0
0
0
0
0
0
0
0
0
0
0
0
0
0
0
0
0
0
0
0
0
0
0
0
0
0
0
0
0
0
0
0
0
0
0
0
0
0
0
0
0
0
0
0
0
0
0
0
0
0
0
0
0
0
0
0
0
0
0
0
0
0
1.61449e-29
-3.48499e-14
0
0
0
0
0
0
0
0
0
0
0
0
-1.73119e-16
0
0
0
0
0
0
0
0
0
0
0
0
0
0
0
0
0
0
0
0
0
0
0
0
0
0
0
0
0
0
0
0
0
0
0
0
0
0
0
0
0
0
0
0
0
0
0
0
0
0
0
0
0
0
0
0
0
0
-7.61792e-17
0
0
1.95703e-14
-4.21109e-16
0
0
0
0
0
0
0
0
0
0
0
0
0
0
0
0
0
0
0
0
0
0
0
0
0
0
0
0
0
0
0
0
0
0
0
0
0
0
0
0
0
0
0
0
0
0
0
0
0
0
0
0
0
0
0
8.07244e-30
0
0
0
0
0
3.32612e-16
0
-4.31481e-16
0
0
0
0
0
0
0
0
0
0
0
0
0
0
0
0
0
0
0
0
0
0
0
0
0
0
0
0
1.88658e-15
0
0
-1.79569e-16
3.15189e-16
0
0
0
0
0
0
0
0
0
0
0
0
0
0
0
0
0
0
0
0
0
0
0
0
0
0
0
0
0
0
0
0
0
0
0
0
0
0
0
0
0
0
0
0
0
0
0
0
0
0
0
0
0
0
0
0
0
0
0
0
0
0
0
0
0
0
0
0
0
0
0
0
0
0
0
0
0
0
0
0
0
0
0
0
0
0
0
0
0
5.74645e-16
-4.34579e-15
0
0
0
0
0
0
0
0
0
0
0
0
0
0
0
0
0
0
0
0
0
0
0
0
0
0
-5.64608e-08
-8.0036e-08
0
0
0
0
0
0
0
0
0
0
0
0
0
0
0
0
0
0
0
0
0
0
-1.02095e-16
0
0
0
0
0
0
0
0
0
0
-1.84772e-17
-5.19308e-16
0
0
0
0
0
0
0
0
0
0
0
0
0
-6.83286e-16
0
0
0
0
0
0
0
0
0
0
0
0
0
0
0
0
0
0
0
0
0
0
0
0
0
0
1.28407e-13
0
-2.61548e-14
0
0
0
0
1.65239e-16
-5.40676e-16
0
0
0
0
0
0
0
0
0
0
0
0
0
0
0
0
0
0
0
0
0
0
0
0
0
0
0
0
0
0
1.79339e-16
2.57226e-16
0
0
0
0
0
0
0
0
0
0
0
0
0
0
0
0
0
0
0
0
0
0
0
0
0
0
0
0
0
0
0
0
0
0
0
0
0
0
0
0
0
0
0
0
0
0
0
0
0
0
0
0
0
0
0
0
0
0
0
0
0
0
0
-4.68883e-14
0
4.10897e-14
0
0
0
0
0
0
0
0
-6.63885e-16
0
0
0
0
0
0
3.55293e-16
0
0
0
0
0
0
0
0
0
0
0
0
0
0
0
0
-1.05741e-15
-3.01649e-16
0
0
0
0
0
0
0
0
0
0
0
0
0
0
0
0
0
0
0
0
0
0
0
0
2.02324e-18
-1.26454e-16
0
0
0
0
0
0
0
0
0
0
0
0
0
0
0
0
0
0
0
0
0
0
0
0
0
0
0
0
0
0
0
0
0
0
0
0
0
0
0
0
0
0
0
-1.16622e-15
-6.07174e-14
0
0
0
0
0
4.60701e-14
0
0
0
5.20293e-16
2.72524e-16
0
0
0
0
0
0
0
0
0
0
0
0
0
0
0
0
0
0
0
0
0
0
0
0
0
0
0
0
0
0
0
0
0
0
0
0
0
0
0
0
0
0
0
0
0
0
0
0
0
0
0
0
0
4.49024e-16
-3.14219e-16
0
1.57209e-16
0
0
0
0
0
0
0
0
0
0
3.70041e-15
-1.97267e-15
0
0
0
0
0
5.43598e-14
1.80167e-14
0
0
0
5.00222e-16
0
-3.10436e-17
0
0
0
0
0
0
0
0
0
0
0
0
0
0
0
0
0
0
0
0
0
0
0
0
0
0
0
0
0
0
0
0
0
0
0
0
0
0
0
0
0
0
0
0
0
0
0
0
0
0
0
0
0
0
0
0
0
0
0
0
0
0
0
0
0
0
0
0
0
0
0
0
0
0
0
0
0
0
0
0
0
0
0
4.19347e-16
0
0
0
0
0
0
0
0
0
0
0
0
0
0
0
0
0
0
0
-3.76543e-15
-4.67421e-14
0
0
0
0
0
0
-1.4886e-17
0
-2.92374e-14
0
0
0
0
0
0
0
0
0
0
0
0
0
0
0
0
0
0
0
0
-1.41495e-15
0
1.74149e-16
0
0
0
0
0
0
0
0
0
0
0
0
0
0
0
0
0
0
0
0
0
0
0
0
0
0
0
0
0
0
0
0
0
0
0
0
0
0
0
0
0
0
0
-5.15369e-16
0
0
0
0
-5.96983e-14
3.76246e-14
0
0
0
0
0
0
0
0
0
0
0
0
0
0
0
0
0
0
0
0
0
0
0
0
0
0
0
0
0
0
0
-1.70514e-14
0
0
0
0
0
0
0
3.57466e-15
0
0
0
0
0
0
0
0
0
0
0
6.63896e-08
0
0
-3.1675e-15
-4.69223e-15
0
0
0
0
0
0
1.08375e-16
0
3.42365e-16
0
0
0
0
0
0
0
0
0
-2.6796e-15
0
0
0
0
0
0
0
0
0
0
0
0
0
0
0
0
0
0
0
0
0
0
0
0
0
0
0
0
0
0
2.64265e-16
0
0
0
0
0
0
0
0
-1.62202e-16
0
0
0
0
0
0
0
0
0
0
0
0
0
0
0
0
0
0
0
0
0
0
0
0
0
0
0
0
0
0
0
0
0
0
0
0
0
0
0
0
0
0
0
0
0
0
0
0
0
0
0
0
0
0
0
0
0
0
0
0
0
0
0
0
0
0
0
0
0
0
0
-1.3359e-15
0
0
0
0
0
8.42565e-16
3.37723e-16
0
0
0
0
0
0
0
0
0
0
0
0
0
0
0
0
0
0
0
0
0
0
0
0
0
0
0
0
0
0
0
0
0
0
1.21284e-15
4.72888e-16
0
0
0
0
0
0
0
0
0
0
0
0
0
0
0
0
0
0
0
-3.15046e-14
0
-4.70792e-15
-6.02333e-16
0
0
0
0
0
0
0
0
0
0
0
0
0
0
0
0
1.5016e-16
-4.79248e-16
0
0
0
0
0
0
0
0
0
0
0
0
0
0
0
0
0
0
0
0
0
0
0
0
0
0
0
0
0
0
0
0
0
0
0
0
0
-5.09606e-15
1.88533e-15
-3.94514e-16
0
0
0
0
0
0
0
0
0
0
0
0
0
0
0
0
0
0
0
0
1.53619e-16
-5.34593e-15
0
-2.46482e-16
-4.19802e-16
0
0
0
0
0
0
0
0
0
0
0
0
0
0
0
0
0
0
0
0
0
0
0
-7.83966e-08
-5.81003e-08
0
0
0
0
0
0
0
0
0
0
0
0
0
0
0
0
0
0
0
0
0
0
0
0
0
0
0
0
0
-1.47111e-15
9.21555e-16
0
0
0
0
0
0
0
0
0
0
0
0
0
5.98683e-16
0
0
0
0
0
0
0
0
0
0
0
0
0
0
0
0
0
-2.58231e-15
0
-5.55399e-16
0
0
0
0
0
0
0
0
0
0
0
0
0
0
1.80461e-16
0
0
0
0
0
0
0
0
0
0
0
0
0
0
0
0
0
0
0
0
0
0
0
0
0
0
9.32745e-16
0
-5.37983e-16
0
0
0
0
0
0
0
3.32267e-16
5.37128e-16
0
0
0
0
0
0
0
0
0
0
0
0
0
0
0
0
0
0
0
0
0
0
0
1.23175e-16
0
0
0
0
0
0
0
0
0
0
0
0
0
0
0
0
2.06616e-15
0
0
0
0
0
0
0
-3.38344e-16
0
0
9.32354e-17
0
-4.62769e-16
0
0
0
0
-1.31532e-16
0
0
0
0
0
4.57279e-14
-1.23205e-16
0
0
0
0
0
0
0
-2.36394e-15
-5.53053e-14
0
0
0
0
0
0
0
0
0
0
0
0
0
0
0
0
0
0
0
0
0
0
0
0
0
0
0
0
0
0
0
0
0
0
0
0
0
0
0
0
0
0
0
0
0
0
0
0
0
0
0
0
0
8.20008e-30
-6.21967e-15
0
0
0
0
0
0
0
0
0
0
0
0
0
0
0
0
0
0
0
0
0
0
0
0
0
0
0
0
0
0
0
0
0
0
0
0
0
0
0
0
0
0
0
0
0
0
0
0
0
0
0
0
0
0
0
0
0
0
0
0
5.72212e-16
0
3.21078e-16
0
0
0
0
0
0
0
0
0
0
0
0
0
0
0
0
0
0
0
0
0
0
0
0
0
0
0
0
0
0
0
0
0
0
0
0
0
0
0
0
0
0
0
0
0
0
0
0
0
0
0
0
0
0
0
0
0
0
4.20039e-16
0
0
0
0
0
0
0
0
0
0
0
0
0
0
0
0
0
0
0
0
0
0
0
0
0
0
0
0
0
0
1.90399e-16
0
-1.35353e-15
0
0
0
0
0
0
0
0
0
0
0
0
0
0
0
0
0
0
0
0
0
0
0
0
0
0
0
0
0
0
0
0
0
0
0
0
0
0
0
0
0
0
0
0
0
6.34689e-16
0
0
0
0
0
0
0
0
0
0
0
0
0
0
0
0
0
0
0
0
0
0
0
0
0
0
0
0
0
0
0
0
0
0
0
0
0
0
0
0
0
0
0
0
0
0
4.98214e-14
-4.10165e-14
1.00982e-14
0
-2.97747e-15
0
0
0
0
0
0
0
0
0
0
0
0
0
0
0
0
0
0
0
0
0
0
0
0
0
0
0
-4.97064e-16
0
0
0
0
0
0
0
0
0
0
0
0
0
0
4.33935e-14
0
0
0
0
0
0
0
0
0
0
0
0
0
0
0
0
0
0
0
0
0
0
0
0
0
0
0
0
0
0
0
0
0
0
0
0
0
0
0
0
0
0
0
0
0
0
0
0
0
0
-3.04173e-16
0
0
0
0
0
0
0
0
0
0
0
0
0
0
0
0
0
0
0
-3.47898e-14
0
0
0
0
0
0
0
0
0
0
1.53304e-17
0
0
0
0
0
0
0
0
0
0
-7.62093e-17
0
0
0
0
0
0
0
8.3515e-15
0
1.63871e-14
0
0
0
0
0
0
0
0
0
0
0
0
0
0
0
0
0
0
0
0
0
0
0
0
0
0
0
0
0
0
0
0
0
0
0
0
0
0
0
0
0
0
0
0
0
0
0
0
0
0
0
0
0
0
0
0
0
0
0
0
0
0
0
0
0
0
0
0
0
0
0
0
0
0
0
0
0
0
0
0
-8.83522e-17
-1.45686e-16
0
0
0
0
0
0
0
0
0
0
0
0
0
0
0
0
0
0
0
0
0
0
0
0
0
0
0
0
0
0
0
0
0
0
0
0
0
0
0
0
0
0
0
0
0
0
0
3.00213e-15
0
-8.73449e-17
0
0
0
0
0
0
0
0
0
0
0
0
0
0
0
0
0
0
0
-5.62412e-16
-2.08868e-17
0
0
0
0
0
0
0
0
0
0
0
0
0
0
0
0
0
0
0
0
0
0
0
0
0
0
0
0
0
0
0
0
0
0
0
0
0
0
0
0
0
0
0
0
0
0
0
0
0
0
0
0
0
0
0
0
0
0
0
0
2.51155e-14
0
0
0
0
0
0
0
0
0
0
0
0
0
0
0
0
0
0
0
0
0
0
0
0
0
0
1.30452e-16
0
0
0
0
0
0
0
0
0
0
0
0
0
0
0
0
0
0
0
0
0
0
0
0
0
0
0
0
0
0
0
0
0
0
0
0
0
0
0
0
0
0
0
0
0
0
0
0
0
0
0
0
0
0
0
0
0
0
0
0
0
0
0
0
0
0
0
0
0
0
0
0
0
0
0
0
0
0
0
0
0
0
0
0
0
0
0
0
0
0
0
0
0
0
0
0
0
0
0
2.47139e-16
0
0
0
0
0
0
0
0
0
0
0
0
0
0
0
0
0
0
0
0
0
0
0
0
0
0
0
0
0
0
0
0
0
0
0
0
0
0
0
0
0
0
0
0
1.5785e-15
1.64184e-16
0
0
0
0
0
0
0
0
0
0
0
0
0
0
0
0
0
0
0
0
0
0
0
0
0
0
0
0
0
0
0
0
0
0
0
0
0
0
0
0
0
0
0
0
0
0
0
0
0
0
0
0
0
0
0
0
0
0
0
0
0
0
0
0
0
0
0
0
0
0
0
0
0
0
-5.2369e-14
0
0
0
0
0
0
0
0
0
0
0
0
0
0
0
0
0
0
0
0
0
0
0
0
0
0
0
0
0
0
0
0
0
0
0
0
0
0
0
0
0
0
0
0
0
0
0
0
0
0
-1.74553e-16
0
0
0
0
0
0
0
0
0
0
0
0
0
0
0
2.50445e-15
-1.89687e-15
0
0
0
0
0
0
0
0
0
0
0
1.23911e-15
0
0
0
0
0
0
0
0
-1.93428e-16
-1.14405e-15
0
0
0
0
0
0
0
0
0
0
0
0
0
0
0
0
0
0
0
0
0
0
0
0
0
0
0
0
0
0
0
0
0
0
0
0
0
0
0
0
0
0
5.93329e-15
0
0
0
0
0
0
0
0
0
0
0
0
2.0362e-15
0
0
0
0
0
0
0
0
0
0
0
0
0
0
0
0
0
0
0
0
0
0
0
0
0
0
0
0
0
0
0
0
0
0
0
0
0
0
0
0
0
0
0
0
0
0
0
0
0
0
8.14851e-15
4.28115e-16
0
0
0
0
0
0
0
0
0
0
0
0
0
0
0
0
0
0
0
0
0
0
0
0
0
0
0
0
0
5.80457e-16
0
0
0
0
0
0
0
0
0
0
0
0
0
0
0
0
0
0
0
0
0
0
0
0
0
0
0
0
0
0
0
0
0
0
0
0
0
0
0
0
9.34335e-17
-4.61345e-16
0
0
0
0
0
0
0
0
0
-1.94048e-15
0
0
0
-1.05451e-14
-1.42358e-15
0
0
0
0
0
0
0
0
0
0
0
0
0
0
0
0
0
0
0
0
0
0
0
0
0
0
0
0
0
0
0
0
3.37445e-15
0
0
0
0
0
0
0
0
0
0
0
0
0
0
0
0
0
0
0
0
0
0
0
0
0
0
0
0
0
0
0
0
0
0
0
0
0
0
0
0
0
0
0
0
0
0
0
0
1.7414e-14
-6.12269e-15
0
0
0
0
0
0
0
0
0
0
0
0
0
0
0
0
0
0
0
0
0
0
0
0
0
0
0
0
0
0
0
0
0
0
0
0
0
0
1.63054e-15
0
0
0
0
0
0
0
0
0
0
0
0
0
0
0
0
0
0
0
0
0
0
0
0
0
0
0
0
0
0
0
0
0
0
0
-2.06616e-30
-5.44783e-17
0
0
0
0
0
0
0
0
0
0
0
0
0
0
0
0
0
0
0
0
0
0
0
0
0
0
0
-7.20727e-16
-1.63505e-14
0
0
0
0
0
0
0
0
0
0
0
0
0
0
0
0
0
0
0
0
0
0
0
0
0
0
0
0
0
0
0
1.10059e-15
-1.09809e-15
0
0
0
0
0
0
0
0
0
0
0
0
0
0
0
0
0
0
0
0
0
0
0
0
0
0
0
0
0
0
0
0
0
0
0
0
0
0
1.98672e-15
0
0
0
0
0
0
0
0
0
0
0
0
0
0
0
0
0
0
0
0
0
0
0
0
0
0
0
0
0
0
0
0
0
0
0
0
0
0
0
0
0
0
0
0
0
0
0
0
0
0
0
2.90295e-15
7.24146e-15
0
0
0
0
0
0
0
0
0
0
0
0
0
0
0
0
0
0
0
0
0
0
9.6046e-16
0
0
0
0
0
0
0
0
0
0
0
0
0
0
0
0
0
0
0
0
0
0
0
0
3.07004e-16
-4.31732e-15
0
0
0
0
0
0
0
0
0
0
0
0
0
0
0
0
0
0
0
0
0
0
0
-8.56377e-16
0
0
0
0
0
0
0
0
0
0
0
0
0
0
0
0
0
0
0
0
0
0
0
0
0
0
0
0
0
0
0
0
0
0
0
0
0
0
0
0
0
0
0
0
0
0
0
0
0
0
0
0
0
0
0
0
0
0
-2.08477e-15
2.24037e-15
0
0
0
0
0
0
0
0
0
0
0
0
0
0
0
0
0
0
0
0
0
0
0
0
0
0
-1.36882e-15
0
0
0
0
0
0
0
0
0
0
0
0
0
0
0
0
0
0
0
0
0
0
0
0
0
0
0
0
0
0
0
0
0
0
0
0
0
0
0
0
0
0
0
0
0
0
0
0
0
0
0
0
0
0
0
0
0
0
0
0
0
0
0
0
0
0
0
0
-2.77787e-15
0
0
0
0
0
0
0
0
0
0
0
0
0
0
6.7498e-14
0
0
0
0
0
0
0
0
0
0
0
0
0
0
0
0
0
0
0
0
0
0
0
0
0
0
0
0
0
0
0
0
0
0
0
0
0
0
0
0
0
0
0
0
0
0
0
0
0
0
0
0
0
0
0
0
0
0
0
0
0
0
0
0
0
0
0
0
0
0
0
0
0
0
0
0
0
0
0
0
0
0
0
0
0
0
0
0
0
0
0
0
0
0
0
0
0
0
0
0
0
0
0
0
0
0
0
0
0
0
0
0
0
0
0
0
0
0
0
0
0
-1.14685e-16
2.15532e-14
0
0
0
0
0
0
0
0
0
-5.62401e-17
0
0
0
0
0
0
0
0
0
0
0
0
0
0
0
0
0
0
0
0
0
0
0
0
0
0
0
0
0
0
0
0
0
0
0
0
0
0
0
0
0
0
0
0
0
0
0
0
0
0
0
0
0
0
0
0
0
0
0
0
0
0
0
0
0
0
0
0
0
0
0
0
0
0
0
0
0
0
0
0
0
0
0
0
0
0
0
0
-7.81835e-17
2.15014e-15
0
0
0
0
0
0
0
0
0
0
0
0
0
0
0
0
0
0
0
0
0
0
0
0
0
0
0
0
0
0
0
0
0
0
0
0
0
0
0
0
8.18809e-15
1.26007e-14
0
0
0
0
0
0
0
0
0
0
0
0
0
0
0
0
0
0
0
0
0
0
0
0
0
0
0
0
0
0
0
0
0
0
0
0
0
0
0
0
2.71757e-14
0
0
0
0
0
0
0
0
0
0
0
0
0
0
0
0
0
0
0
0
0
0
0
0
0
0
6.98382e-08
0
0
0
0
0
0
0
0
0
0
0
0
0
0
0
0
0
0
0
0
0
0
0
0
0
0
0
0
0
0
0
0
0
0
0
0
-1.35663e-14
-1.09658e-14
0
0
0
0
0
0
0
0
0
0
0
0
0
0
0
0
0
0
0
0
0
0
0
0
0
0
0
0
0
0
0
0
0
0
0
0
0
0
0
0
0
0
0
0
0
0
0
0
0
0
0
0
0
0
0
0
0
0
0
0
0
0
0
0
0
0
0
0
0
0
0
0
0
0
0
0
0
0
0
0
0
0
0
0
0
0
0
0
0
0
0
0
0
-1.63851e-29
-1.53192e-14
1.80625e-14
0
0
0
0
0
0
0
0
0
0
0
0
0
0
0
0
0
0
0
0
0
0
0
0
0
0
0
0
0
0
0
0
0
0
0
0
0
0
0
0
0
0
0
0
0
0
0
0
0
0
0
0
0
0
0
0
0
0
0
0
0
0
0
0
0
0
0
0
2.78913e-14
0
0
0
0
0
0
0
0
0
0
0
0
0
0
0
0
0
0
0
0
0
0
0
0
0
0
0
0
0
0
0
0
0
0
0
0
0
0
0
0
0
0
0
0
-1.58142e-16
2.79217e-16
0
0
0
0
0
0
0
0
0
0
0
0
0
0
0
0
0
0
0
0
0
0
0
0
0
0
0
0
0
0
0
0
0
0
2.40849e-15
0
0
0
0
0
0
0
0
0
0
7.59376e-15
-8.46914e-15
0
0
0
0
0
0
0
0
0
0
0
0
-3.96638e-14
0
0
0
0
0
0
0
0
0
0
0
0
0
0
0
0
0
0
0
0
0
0
0
0
0
0
0
0
0
0
-1.01673e-14
0
0
0
0
0
0
0
0
0
0
0
0
3.65906e-16
0
0
0
0
0
0
0
0
0
-1.1329e-15
1.61078e-14
0
0
0
0
0
0
0
0
0
0
0
0
0
3.49538e-14
-9.4945e-15
0
0
0
0
0
0
0
0
0
0
0
0
0
0
0
0
0
0
0
0
0
0
0
0
0
0
0
0
0
0
0
0
0
0
0
0
0
0
0
2.70892e-15
0
0
0
0
0
0
0
0
0
0
0
0
0
0
0
0
0
0
0
0
0
0
1.10018e-15
0
0
0
0
0
0
0
0
0
0
0
0
0
0
0
0
0
0
0
0
0
0
0
0
0
0
0
0
0
0
0
0
0
0
0
0
-2.09833e-15
0
0
0
0
0
8.80321e-16
0
0
0
0
0
0
0
0
0
0
0
0
0
0
2.3959e-15
0
0
0
0
0
0
0
-4.77375e-15
3.27362e-14
6.58352e-17
0
-1.25935e-14
0
0
-1.15078e-14
0
0
0
0
0
0
0
0
0
0
0
0
0
0
0
0
0
0
0
0
0
0
0
0
0
0
0
0
0
0
0
0
0
0
0
0
0
0
1.52905e-14
0
0
0
0
0
0
0
0
0
0
0
0
0
0
0
0
0
0
0
0
0
0
0
0
0
0
0
0
0
0
3.71391e-15
-4.41811e-14
0
0
0
0
0
0
0
0
0
0
0
0
0
0
0
0
0
0
0
0
0
0
0
0
0
0
0
0
0
0
0
0
0
0
0
0
0
0
0
0
0
0
0
0
0
0
0
0
0
0
0
0
0
0
0
0
0
0
-6.08054e-16
0
-1.06715e-16
0
0
0
0
0
0
0
0
0
0
0
0
0
0
0
0
0
0
0
-1.02107e-30
-7.03108e-15
2.31796e-16
0
0
0
0
0
0
0
0
0
0
0
0
0
0
0
0
0
0
1.1396e-14
9.88708e-15
0
0
-7.02043e-15
-2.46883e-14
0
0
0
0
0
0
0
0
0
0
0
0
0
0
0
0
0
0
0
0
0
0
0
0
0
0
0
0
0
0
0
0
0
0
0
0
0
0
0
0
0
0
0
0
0
0
0
0
0
0
0
3.36166e-16
5.01042e-16
0
0
0
0
0
0
0
0
0
0
3.05499e-14
0
0
0
0
0
0
0
0
0
0
0
-1.54956e-14
0
8.73915e-14
0
0
0
0
0
0
0
-5.62198e-16
0
0
0
0
0
0
0
0
0
0
0
0
0
0
0
0
0
0
0
0
0
0
0
0
0
0
-7.77344e-17
0
0
0
0
0
7.22204e-16
7.97629e-15
0
0
0
0
0
0
0
0
0
0
0
0
0
0
0
0
0
0
0
0
0
0
0
0
0
0
0
0
0
0
0
0
0
0
0
0
0
0
0
0
0
0
0
0
0
0
0
0
0
0
0
0
0
3.99403e-14
0
0
-2.16153e-14
0
0
0
0
0
0
0
0
0
0
0
0
0
0
0
0
0
0
0
0
-2.34874e-16
0
0
0
0
0
0
0
0
0
0
0
0
0
0
0
0
0
0
0
-8.71312e-30
3.55636e-14
0
0
0
-9.27394e-17
0
0
0
0
0
0
0
0
0
0
0
0
0
0
0
0
0
0
0
0
0
0
0
0
0
0
0
0
0
0
0
0
0
0
0
0
0
0
0
-4.31838e-14
0
0
0
0
0
0
0
0
0
0
0
0
0
0
0
0
0
0
0
0
0
0
0
0
0
0
0
0
0
0
0
0
0
0
0
0
4.0357e-14
-4.19242e-14
0
0
0
0
0
0
0
0
0
0
0
0
0
0
0
0
0
0
0
0
0
0
0
0
0
2.93661e-14
0
0
0
0
0
0
0
0
0
0
0
0
0
0
0
0
0
0
0
0
0
0
0
0
0
0
0
0
0
0
0
0
0
0
0
3.89521e-14
0
0
0
4.79597e-14
-9.67695e-14
0
0
0
0
0
0
0
0
0
0
0
0
0
0
0
0
0
0
0
0
0
0
0
0
0
0
0
0
0
0
0
0
0
0
0
0
0
0
0
0
0
0
-1.7012e-14
0
0
0
0
0
0
0
0
0
0
0
0
0
-2.45093e-16
0
0
0
0
0
0
0
0
0
0
0
0
0
0
0
0
0
0
0
0
0
0
0
0
0
0
0
0
0
0
0
0
0
0
0
0
0
0
0
0
0
0
0
0
0
0
0
0
0
0
0
0
0
0
0
0
0
0
0
0
0
0
0
0
0
0
0
0
0
0
0
0
0
0
0
0
0
0
0
0
0
0
0
0
0
0
0
0
0
0
0
0
0
0
0
0
0
0
0
0
0
0
0
0
0
0
0
0
0
0
0
0
0
0
0
0
0
0
0
0
0
0
0
0
0
0
0
0
0
0
0
-3.52417e-16
-5.87292e-16
0
0
0
0
0
0
0
0
0
0
0
0
0
0
0
0
0
0
0
0
0
0
0
0
0
0
0
0
0
4.07607e-16
5.28714e-16
0
0
0
0
0
0
0
0
0
0
0
0
0
0
0
0
4.73117e-14
0
0
0
0
0
0
0
0
0
0
0
0
0
0
0
0
0
0
0
0
0
0
0
0
0
0
0
0
0
0
0
0
0
0
0
-2.56769e-31
0
0
0
0
1.92107e-15
-8.74259e-15
0
0
5.99285e-15
0
0
0
0
0
0
0
0
0
0
0
0
0
0
7.77776e-15
0
0
0
0
0
0
0
0
0
0
0
0
0
0
0
0
0
0
0
0
0
0
0
0
0
0
0
0
0
0
0
0
0
0
0
0
-4.44226e-16
0
0
0
0
0
0
0
0
0
0
0
0
0
0
0
0
0
0
0
0
0
0
0
0
0
0
0
0
0
0
0
0
0
0
0
0
0
0
0
0
0
0
0
0
0
0
-9.82133e-16
3.33015e-16
0
0
0
0
0
0
0
0
0
0
1.35258e-14
0
0
0
0
0
0
0
0
0
0
0
0
0
0
0
0
0
0
0
0
0
0
0
0
0
0
0
0
0
0
0
0
0
0
0
0
0
0
0
0
0
0
0
0
0
0
0
0
0
0
0
0
0
0
0
0
0
0
0
0
0
0
0
0
0
0
0
0
0
0
0
0
0
0
0
0
0
0
0
0
0
3.7913e-14
0
0
0
0
0
0
0
0
0
0
0
0
0
0
0
0
0
0
0
0
0
0
0
-9.46144e-17
0
0
0
0
0
0
0
0
0
0
0
0
0
6.47532e-17
0
0
0
0
0
0
0
0
0
0
0
0
0
0
1.74441e-16
2.51128e-16
9.6711e-17
-2.12858e-17
0
0
0
0
0
0
0
0
-5.56196e-17
0
0
0
0
0
0
0
0
0
0
0
0
0
0
0
0
0
0
0
0
0
0
0
0
0
0
0
0
0
0
0
0
0
0
0
0
0
0
0
8.0708e-17
3.39852e-16
0
0
0
0
0
0
0
0
0
0
0
0
6.3066e-32
-8.79952e-17
0
0
0
0
0
0
0
0
0
0
0
0
0
0
0
0
0
0
0
0
0
0
0
0
0
0
0
0
0
0
0
0
0
0
0
0
0
0
0
0
0
0
0
0
0
0
0
-4.42328e-16
0
0
0
0
0
0
0
0
0
0
3.45251e-14
0
0
0
0
0
0
0
0
0
0
0
0
0
0
0
0
0
0
0
0
0
0
0
0
0
0
0
0
0
0
0
0
0
0
0
0
0
0
0
0
0
0
0
0
0
0
0
0
0
0
0
0
0
0
0
0
0
0
0
0
0
0
0
0
0
0
8.91878e-17
0
0
0
0
0
0
0
0
0
0
0
0
0
0
0
5.98792e-17
0
-3.45375e-16
-7.95368e-17
0
0
0
0
0
0
0
0
0
0
0
0
0
0
0
0
0
0
0
0
0
-1.64545e-14
2.98516e-14
0
0
0
0
0
0
0
0
0
0
0
0
0
0
0
0
0
0
0
0
0
0
0
0
0
0
0
0
0
0
0
0
0
0
0
0
0
0
0
0
0
0
0
0
0
0
0
0
0
0
0
0
0
0
0
0
0
0
0
0
0
0
-4.12188e-16
0
-5.60949e-16
0
0
0
0
0
0
0
0
0
0
0
0
0
0
0
0
0
0
0
0
0
0
0
0
0
0
0
0
0
0
0
0
0
0
0
0
0
0
0
0
0
0
0
0
0
0
0
0
0
0
0
0
0
0
0
0
0
0
0
0
0
0
0
0
0
0
0
0
0
0
0
0
0
0
0
0
0
0
0
0
0
0
-4.80288e-16
7.71463e-16
0
0
0
0
0
0
0
0
0
0
0
0
0
0
0
0
0
0
0
0
0
0
0
0
0
0
0
0
0
0
0
0
0
0
0
0
0
0
0
0
0
0
0
0
0
0
0
0
0
0
0
0
0
0
0
0
0
0
0
0
0
0
0
0
0
0
0
0
0
0
4.48471e-16
0
0
0
0
0
0
0
0
0
0
0
0
0
0
0
0
0
0
1.62679e-16
0
0
0
0
0
2.99089e-15
0
0
0
0
0
0
0
0
0
0
0
0
0
0
0
0
0
0
0
0
0
0
0
0
0
0
0
0
0
0
0
0
0
0
0
0
0
0
0
0
0
0
0
0
0
0
0
0
0
0
0
0
0
0
3.74073e-16
1.21753e-16
0
0
0
0
0
0
0
0
0
0
0
0
0
0
0
0
0
0
0
0
0
0
0
0
0
0
0
0
0
0
0
0
0
0
0
0
0
0
0
0
0
0
0
0
0
0
0
0
0
0
0
0
0
0
0
0
0
0
0
0
0
0
0
0
0
0
0
0
0
0
0
0
0
0
0
0
0
0
0
0
0
0
0
0
0
0
0
0
0
0
0
0
0
0
0
0
0
0
0
0
0
0
0
0
0
0
0
0
0
0
0
0
0
0
0
0
0
0
0
0
0
0
0
0
0
0
0
0
0
0
0
0
0
0
0
0
0
0
0
0
0
0
0
-3.01429e-14
0
0
0
0
0
0
0
0
0
0
-1.93762e-16
-1.60629e-16
0
-4.15998e-16
0
0
0
0
0
0
0
0
0
0
0
0
0
0
0
0
0
0
0
0
0
0
0
0
0
0
0
0
1.43843e-14
0
0
0
0
0
0
0
0
4.07688e-14
0
0
0
0
0
-1.80319e-16
0
0
0
0
0
0
0
0
0
0
0
0
0
0
0
0
0
0
0
0
0
0
0
0
0
0
0
0
0
0
0
0
0
0
0
0
-1.00938e-15
5.9974e-16
0
0
0
0
0
0
0
0
0
0
0
9.0601e-14
0
-2.80794e-14
0
0
0
0
0
0
0
0
0
0
0
0
0
0
0
0
0
1.63878e-14
2.22223e-15
0
0
0
0
0
0
0
0
0
0
3.8986e-14
7.11428e-18
0
0
0
0
0
0
0
0
0
0
0
0
0
0
0
0
0
0
0
0
0
0
0
0
0
0
0
0
0
0
0
0
0
0
0
0
0
-2.16058e-15
0
0
0
0
0
0
0
0
0
0
0
0
0
0
0
0
0
0
0
0
0
0
0
0
0
0
0
0
0
0
0
0
0
0
0
0
0
0
0
0
0
0
0
0
0
0
0
0
0
0
0
0
0
0
0
0
0
0
0
0
0
0
0
0
0
1.66674e-14
0
0
0
0
0
0
0
0
0
0
0
0
0
0
0
0
0
0
0
0
0
0
0
0
0
0
0
0
0
0
0
0
0
0
0
0
0
0
0
0
0
0
0
0
0
0
-5.93541e-17
0
0
0
0
0
0
0
0
0
0
0
0
0
0
0
0
0
0
0
0
0
0
0
0
0
0
0
0
0
0
0
0
0
0
0
0
0
0
0
0
0
0
0
0
0
0
0
0
0
0
0
0
0
0
0
0
0
0
0
0
0
0
0
0
0
0
0
0
0
0
0
0
0
0
0
0
0
0
0
0
0
0
0
0
0
0
0
0
0
0
0
0
0
0
0
0
0
0
0
0
9.33694e-16
-1.10455e-15
0
1.74752e-15
0
0
0
0
0
0
0
0
0
0
0
0
0
-3.51674e-16
2.31506e-15
0
0
0
0
0
0
-2.06387e-15
0
0
0
0
0
0
0
0
0
0
0
0
0
0
0
0
0
0
0
0
0
0
0
0
0
0
0
0
0
0
0
0
0
0
0
0
0
0
0
0
0
0
0
0
0
0
0
0
0
0
0
0
0
0
0
0
0
0
0
0
0
0
0
0
0
0
0
0
0
0
0
0
0
0
0
7.02062e-16
-4.59495e-16
0
0
0
0
0
0
0
0
0
0
0
0
0
0
0
0
0
0
0
0
0
0
0
0
0
0
0
0
0
0
0
0
0
0
0
0
0
0
0
0
0
0
0
0
0
0
0
0
0
0
0
0
0
0
0
0
0
0
0
0
0
0
0
0
0
0
0
0
0
0
0
0
0
0
0
0
0
0
0
0
0
0
0
0
0
0
0
0
0
0
0
0
0
0
0
0
0
0
0
0
0
0
0
0
0
0
0
0
0
0
0
0
0
0
0
0
0
0
0
0
0
0
0
0
0
0
0
0
0
0
0
0
0
0
0
0
0
0
-6.81385e-17
0
0
0
0
0
0
0
0
0
0
0
0
0
0
0
0
0
0
0
0
0
0
0
0
0
0
0
0
0
0
0
0
0
0
1.16685e-14
0
0
0
0
0
-2.65983e-14
-8.89019e-15
0
0
0
0
0
0
0
0
0
0
0
0
0
0
0
0
0
0
0
0
0
0
0
0
0
0
0
0
0
0
0
0
0
0
0
0
0
0
0
0
0
0
0
0
0
0
0
0
0
0
0
0
0
0
-1.06684e-14
-5.78313e-15
0
0
0
0
0
0
0
0
0
0
0
0
0
0
0
0
0
0
0
0
0
0
0
0
0
0
0
0
0
0
0
0
0
0
0
0
0
0
0
0
0
0
0
0
0
0
0
0
0
4.30719e-16
-9.81133e-16
0
0
0
0
0
0
-2.8474e-14
0
0
0
0
0
0
0
0
0
0
0
0
0
0
0
0
0
0
0
0
0
0
0
0
0
0
0
0
0
0
0
0
6.16144e-14
0
0
0
0
0
4.5525e-15
0
0
0
0
0
0
0
0
0
0
0
0
0
0
0
0
1.13993e-14
1.37696e-14
0
0
0
0
0
0
0
0
0
0
-3.07865e-16
0
0
0
0
0
0
0
0
0
0
0
0
0
0
0
0
0
0
0
0
0
0
0
0
0
0
0
0
0
0
0
0
0
0
0
0
0
0
0
0
0
0
0
0
0
0
-3.14209e-16
4.62805e-16
0
0
0
0
0
0
0
0
0
0
0
0
-4.05192e-16
0
0
0
0
0
0
0
0
0
0
0
0
0
0
0
0
0
0
0
0
1.19907e-15
-2.54625e-15
0
0
0
0
0
0
0
0
0
0
0
0
0
0
0
0
0
0
0
0
0
0
0
0
0
0
1.40637e-15
0
0
0
0
0
0
0
0
0
0
0
0
0
0
0
0
0
0
0
0
0
0
0
0
0
0
0
0
0
0
0
0
0
0
0
7.03267e-14
0
0
0
0
0
0
0
0
0
0
0
0
0
0
0
0
0
0
0
0
0
0
0
0
0
0
0
0
0
0
0
0
0
0
0
0
0
0
0
0
0
0
0
0
0
0
0
0
0
0
0
0
0
0
0
0
0
0
0
0
0
0
0
0
0
0
0
0
0
0
0
0
-6.01882e-15
-4.57502e-15
0
0
0
0
0
0
0
0
0
0
0
0
0
0
0
0
0
0
0
0
0
-7.27602e-17
0
0
0
0
0
0
0
0
0
0
0
0
0
0
0
0
0
0
0
0
0
-6.57339e-15
0
0
0
0
0
0
0
0
0
0
0
0
0
0
0
0
0
0
0
0
0
0
0
0
0
0
0
0
0
0
0
0
0
0
0
0
0
0
0
0
0
0
0
0
0
0
0
0
0
0
0
0
0
0
0
0
0
0
0
0
0
-6.86008e-15
0
0
0
0
0
0
0
0
0
0
0
0
0
-2.69342e-14
0
0
0
0
0
0
0
0
0
0
0
0
0
4.1083e-30
0
0
0
0
0
0
0
0
0
0
0
0
0
0
0
0
0
0
0
0
0
0
0
0
0
0
0
0
0
1.03433e-13
0
0
0
0
0
0
0
0
0
0
0
0
-3.75067e-15
0
0
0
0
0
0
0
0
0
0
0
0
5.5902e-14
0
0
0
0
0
0
0
0
0
0
0
0
0
0
0
0
0
0
0
0
0
0
0
0
0
0
0
0
0
0
0
0
0
8.14367e-15
-1.54714e-14
0
0
0
0
0
0
0
0
0
0
0
0
0
0
0
0
0
0
0
0
0
0
0
0
0
0
0
0
0
0
0
0
0
0
0
0
0
0
0
0
0
0
0
0
0
0
0
0
0
0
0
0
0
0
0
0
0
0
0
0
-1.70801e-16
0
0
0
0
0
0
0
0
0
0
0
0
0
0
0
0
0
0
0
0
0
0
0
0
0
0
0
0
0
0
0
0
0
0
0
0
0
8.23804e-14
0
0
0
0
0
0
0
0
0
0
0
0
0
0
0
0
0
0
0
0
0
0
0
0
0
0
0
0
0
0
0
0
0
0
0
0
0
0
0
0
0
0
0
0
0
0
2.00576e-16
0
0
0
0
0
0
0
0
0
0
0
0
0
0
3.81227e-15
0
0
0
0
0
0
0
0
0
0
0
0
0
0
0
0
0
0
0
0
0
0
0
0
0
0
0
0
0
0
0
0
0
0
0
0
0
0
0
0
0
0
0
0
0
0
0
0
0
0
0
0
0
0
0
0
0
0
0
0
0
0
0
0
0
0
-2.75695e-17
1.59144e-16
0
0
0
0
0
0
0
0
0
0
0
0
0
0
0
0
0
0
0
0
0
0
0
0
0
0
-2.98849e-14
0
0
0
0
0
0
0
0
0
0
0
0
0
3.37299e-14
0
0
0
0
0
0
0
0
0
0
0
0
0
0
0
0
0
0
0
0
0
0
0
0
0
0
0
0
0
0
0
0
0
0
0
0
0
0
0
0
0
0
0
0
0
0
0
0
0
0
0
0
0
0
0
0
0
0
0
0
0
0
0
0
0
0
0
0
0
0
0
0
0
0
0
0
0
0
0
0
0
0
0
0
0
0
0
0
0
8.91733e-16
0
0
0
0
0
0
0
0
0
0
0
0
0
2.07712e-16
0
0
0
0
0
0
0
0
0
0
0
0
0
0
0
0
0
0
0
0
0
0
0
0
0
0
0
0
0
0
0
0
0
0
0
0
0
0
0
0
0
0
0
0
0
0
0
0
0
0
0
0
0
0
0
0
0
0
0
0
2.40664e-17
0
0
0
0
-3.49114e-16
0
0
0
0
0
0
0
0
0
3.39327e-14
0
-3.32898e-14
0
-7.85398e-14
2.94494e-14
0
0
0
0
0
0
0
0
0
0
0
0
0
0
0
0
0
0
0
0
0
0
0
0
0
0
0
0
0
0
0
1.54505e-16
0
0
0
0
0
0
0
0
0
0
0
0
0
0
0
0
0
0
0
0
0
0
0
2.60352e-16
0
0
0
0
0
0
0
0
0
0
0
0
0
0
0
0
0
0
0
0
0
0
0
3.65356e-16
0
0
0
0
0
0
0
0
0
0
0
0
0
0
-7.00506e-16
0
0
0
0
0
0
0
0
0
0
0
0
0
0
0
0
0
0
0
0
0
0
0
0
0
0
0
0
0
0
0
0
0
0
0
0
0
0
0
0
0
0
0
0
0
0
0
0
-2.97968e-15
0
0
0
0
0
0
0
0
0
0
0
0
-1.45823e-16
0
0
0
0
0
-4.42849e-16
0
0
0
0
0
0
0
0
-2.56268e-31
0
0
0
0
0
0
0
0
0
0
0
0
0
0
0
0
0
0
0
0
0
0
0
0
0
0
0
0
0
-2.94008e-16
0
0
0
0
0
0
0
0
0
0
0
0
0
0
0
-3.12155e-17
0
0
0
0
0
0
0
-1.55301e-16
0
0
0
0
0
0
0
0
0
0
0
0
0
0
0
0
0
0
0
0
0
0
0
0
0
0
0
0
0
0
0
0
0
0
0
0
0
0
0
0
0
0
0
0
0
0
0
0
0
0
0
5.70435e-16
0
0
0
0
0
0
0
0
0
0
0
0
0
0
-3.48854e-14
0
0
0
0
0
0
0
0
0
0
0
0
-7.46646e-19
0
0
0
0
0
0
0
0
0
0
0
0
0
0
0
0
0
0
0
0
0
0
0
0
0
0
0
0
0
0
0
0
0
0
0
0
0
0
0
0
0
0
0
0
0
0
0
0
0
0
0
0
0
0
0
0
0
0
0
0
0
0
0
0
0
0
0
0
0
0
0
0
0
0
0
0
0
0
0
0
0
0
0
0
0
0
0
0
0
0
0
0
0
0
0
0
0
0
0
0
0
0
0
0
0
0
0
0
0
0
0
0
0
0
0
2.06499e-16
0
0
0
2.37713e-17
0
0
0
0
0
0
0
0
0
0
0
0
0
0
0
0
0
0
0
0
0
0
0
0
0
0
5.55681e-17
0
0
0
0
0
0
0
0
0
0
0
0
0
0
0
0
0
0
0
0
0
0
0
0
0
0
0
0
0
0
0
0
0
0
0
0
0
0
0
0
0
0
0
0
0
0
0
0
0
0
0
8.29892e-17
0
0
0
0
0
0
0
0
0
0
0
0
0
0
0
0
0
0
0
0
0
0
0
0
0
0
0
0
0
0
0
0
0
0
0
0
0
0
0
0
0
0
0
0
0
0
0
0
0
0
0
0
0
0
0
0
0
0
0
0
0
0
0
0
0
0
0
0
6.80223e-15
0
0
0
0
0
-3.16517e-18
0
0
0
0
0
0
0
0
0
0
0
0
0
0
0
0
0
0
0
0
0
0
0
0
0
0
0
0
-1.14998e-16
5.20671e-16
0
0
0
0
0
0
0
0
0
0
0
-3.88182e-16
0
0
0
0
0
0
0
0
-8.76381e-16
0
0
0
0
0
0
0
0
0
0
0
0
0
0
0
0
0
0
0
0
0
0
0
0
0
0
0
0
0
0
0
0
0
0
0
0
0
0
0
0
0
0
0
0
0
0
0
0
0
0
0
0
0
0
0
0
0
0
0
0
0
0
0
-7.98528e-16
0
0
0
0
0
0
0
0
0
0
0
0
0
0
-2.91036e-16
2.52053e-17
0
0
-4.47758e-15
0
0
0
0
0
-1.63371e-29
0
0
0
0
0
0
0
0
0
0
0
0
0
0
0
0
0
0
0
0
0
0
0
0
0
0
0
0
0
0
0
0
0
0
0
0
0
0
0
0
0
0
0
0
0
0
0
0
0
0
-4.28053e-15
-2.79946e-15
0
0
0
0
0
0
0
0
0
0
0
0
0
0
0
0
0
0
0
0
0
0
0
0
0
0
0
0
0
0
0
0
0
0
0
0
0
0
0
0
0
0
0
0
0
2.63707e-14
0
0
0
0
0
0
0
0
0
0
0
0
0
0
0
0
0
0
0
1.39649e-16
0
0
0
0
0
0
2.8542e-14
0
0
6.94163e-15
0
0
0
0
0
0
0
0
3.52475e-15
0
0
0
0
0
0
0
0
0
0
0
0
0
0
0
0
-6.23825e-16
0
0
0
0
0
0
0
0
0
0
0
0
0
0
0
0
0
0
0
0
0
0
0
0
0
0
0
0
0
0
0
0
0
0
0
0
0
0
0
0
0
0
0
0
0
0
0
0
0
0
0
0
0
0
0
0
0
0
0
0
0
0
0
0
0
0
0
0
0
0
0
0
0
0
0
0
0
0
0
0
0
0
0
0
0
0
0
0
0
0
0
0
0
0
0
0
0
0
0
0
0
0
0
0
0
0
0
0
-2.72714e-16
0
0
0
0
0
0
0
0
0
0
0
0
0
0
0
0
0
0
0
0
0
0
0
0
0
0
0
0
0
0
2.95033e-14
0
0
0
0
0
0
0
0
0
0
0
0
0
0
0
0
0
0
0
0
0
0
0
0
0
-1.0244e-14
-2.32694e-14
0
0
0
0
0
0
0
0
0
0
0
0
0
0
0
0
0
0
0
0
0
0
0
0
0
0
0
0
0
0
0
0
0
0
0
1.2194e-16
-3.29356e-14
0
0
0
0
0
0
0
0
0
0
0
0
0
0
0
0
0
0
0
0
0
-7.35709e-15
0
0
0
0
0
0
0
0
0
0
0
0
0
0
0
0
0
0
0
0
0
0
0
0
0
0
0
0
0
0
0
0
0
0
0
0
0
0
0
0
0
0
0
0
0
0
0
0
0
0
0
0
8.16855e-30
-1.1253e-14
0
0
0
0
0
0
0
0
0
0
0
0
0
0
0
0
0
0
0
0
0
0
0
0
0
0
0
0
0
0
0
0
0
0
0
0
0
0
0
0
0
0
-2.33725e-15
4.00298e-14
0
0
0
0
0
0
0
0
0
0
0
0
0
0
0
0
0
0
0
0
0
0
0
0
0
0
0
0
0
0
0
0
0
0
0
0
0
0
0
0
0
0
0
0
0
0
0
0
0
0
0
0
0
0
0
0
0
0
0
0
0
0
0
0
0
0
0
0
0
0
0
0
0
0
0
0
0
0
0
0
0
0
0
0
0
0
0
0
0
0
0
0
0
0
0
0
0
0
0
0
0
0
0
0
0
0
0
0
0
3.16508e-15
0
0
0
0
0
0
0
0
0
0
0
0
0
0
0
0
0
0
0
0
0
0
0
0
0
0
0
0
0
0
0
0
0
1.23413e-14
0
0
0
0
0
0
0
0
0
0
0
0
0
0
0
3.54859e-16
0
0
0
0
0
0
0
0
0
0
0
0
0
0
0
0
0
0
0
0
0
0
0
0
0
0
0
0
0
0
0
0
0
0
0
0
0
0
0
0
0
0
0
0
-6.46147e-08
-7.18821e-08
-7.24068e-08
-6.40901e-08
-7.6468e-08
-6.00289e-08
-6.66587e-08
-6.84831e-08
-6.80138e-08
-6.66122e-08
-6.98847e-08
-6.82484e-08
-6.82484e-08
-6.36847e-08
-6.98491e-08
-6.66478e-08
-6.82484e-08
-5.80926e-08
-7.02547e-08
-6.62422e-08
-6.71466e-08
-6.93503e-08
-6.9916e-08
-6.65809e-08
-6.89149e-08
-6.7582e-08
-7.15548e-08
-6.83482e-08
-6.81487e-08
-7.67844e-08
-5.97125e-08
-6.82484e-08
-6.82484e-08
-6.29096e-08
-7.35873e-08
-6.82484e-08
-6.82484e-08
-7.19554e-08
-6.45414e-08
-6.82484e-08
-6.82484e-08
-6.82484e-08
-6.82484e-08
-6.82484e-08
-6.82484e-08
-8.76955e-08
-4.88013e-08
-6.85714e-08
-6.47801e-08
-7.17168e-08
-7.87209e-08
-5.7776e-08
0
0
0
0
0
0
0
0
0
0
0
0
0
0
0
0
0
0
0
0
0
0
0
0
0
0
0
0
0
0
0
0
0
0
0
0
0
0
0
1.38178e-14
0
0
0
0
0
0
0
0
0
0
0
0
0
0
0
0
0
0
0
0
0
0
0
0
0
0
0
0
0
0
0
0
0
0
-6.49474e-08
-7.15495e-08
0
0
-7.20189e-08
-6.4478e-08
-6.8264e-08
-6.82328e-08
-6.82484e-08
-6.82484e-08
-6.82484e-08
-6.82484e-08
0
0
0
0
0
0
-6.77941e-08
-6.87028e-08
-7.0665e-08
-6.58319e-08
-7.20982e-08
-6.43987e-08
-6.23551e-08
-7.41418e-08
-8.4594e-08
-5.19029e-08
0
0
-7.98789e-08
-5.6618e-08
-6.82484e-08
-6.82484e-08
-6.82484e-08
-6.82484e-08
0
0
-6.86962e-08
-6.78007e-08
0
0
-6.96433e-08
-6.68535e-08
-6.82484e-08
-6.82484e-08
-6.82484e-08
-6.82484e-08
0
0
0
0
0
0
0
0
0
-7.54239e-08
-6.1073e-08
0
2.27834e-14
-6.82484e-08
-6.82484e-08
0
0
0
-6.82484e-08
-6.82484e-08
0
0
0
0
0
0
0
0
0
0
0
0
-6.82484e-08
-6.82484e-08
7.67123e-15
-6.79141e-08
-6.85828e-08
-1.09685e-15
0
0
0
3.57603e-14
0
0
0
0
0
0
0
0
0
0
0
0
0
-6.76974e-08
-6.87995e-08
0
0
0
-8.02071e-08
-5.62898e-08
0
-7.59163e-08
-6.05806e-08
0
0
0
-6.83421e-08
-6.81548e-08
-6.82484e-08
-6.82484e-08
0
-8.48296e-08
-5.16673e-08
0
0
0
0
0
0
0
0
0
0
0
0
0
0
-6.81637e-08
-6.83332e-08
0
0
0
0
0
0
0
0
-6.82484e-08
0
-4.09474e-16
-6.82484e-08
-6.82484e-08
0
0
0
0
-9.13471e-08
-4.51498e-08
0
0
0
-6.52211e-08
-7.12758e-08
-6.82484e-08
-6.82484e-08
0
0
-7.82737e-08
-5.82232e-08
0
0
0
0
0
0
0
0
0
0
0
0
3.12931e-16
-8.79717e-08
-4.85252e-08
0
0
0
0
-8.28467e-08
-5.36502e-08
-6.82484e-08
-6.82484e-08
0
0
0
0
0
0
0
0
0
0
-7.47319e-08
-6.1765e-08
0
0
0
-6.82484e-08
-6.82484e-08
0
0
0
0
0
-6.5889e-08
-7.06079e-08
0
0
0
0
-8.775e-08
-4.87469e-08
0
6.59231e-17
0
0
0
0
0
0
0
-6.82484e-08
-6.82484e-08
0
0
-6.82484e-08
-6.82484e-08
0
0
0
0
0
0
0
0
0
0
-5.47219e-15
7.8453e-14
0
0
0
0
0
0
0
0
0
0
0
0
0
0
0
0
0
0
2.95953e-15
0
0
0
0
-6.9115e-08
-6.73819e-08
0
0
0
0
0
0
0
0
0
0
0
0
0
0
0
0
9.16776e-16
0
0
0
0
-6.82484e-08
-6.82484e-08
0
-6.82484e-08
0
0
0
0
0
0
0
0
0
0
0
0
0
0
0
-2.54463e-16
0
0
0
0
0
0
0
0
0
0
0
0
0
-4.78292e-14
0
0
0
0
0
0
-6.82484e-08
-6.82484e-08
0
0
0
0
0
0
0
0
0
0
-3.82823e-14
0
0
0
0
0
0
0
0
0
0
0
0
-6.63307e-08
-7.01662e-08
-6.77401e-08
-6.87568e-08
0
0
0
0
0
0
0
0
0
0
0
0
0
0
0
0
0
0
0
0
0
0
0
0
-2.9526e-14
9.32895e-15
-6.64055e-08
-7.00914e-08
0
0
0
0
0
0
0
0
0
1.55562e-15
-7.06055e-15
0
0
0
0
0
0
-7.60728e-15
0
0
0
0
0
0
0
-3.9178e-14
4.73184e-15
4.2645e-16
0
0
0
0
0
0
0
0
0
-6.73705e-08
-6.91264e-08
-6.82484e-08
-6.82484e-08
0
0
0
0
0
0
0
0
0
0
0
0
0
0
0
0
0
0
0
0
0
0
0
0
0
0
0
0
0
0
0
0
0
-2.22828e-16
-2.62616e-16
0
0
0
0
0
0
0
0
0
0
0
0
0
0
0
0
0
0
0
0
0
0
0
0
-7.01072e-08
0
0
0
0
0
0
0
-5.34415e-08
-8.30554e-08
0
0
0
0
0
0
0
0
0
0
0
0
0
0
0
0
0
0
0
0
0
0
0
0
0
0
7.45525e-15
0
0
0
0
0
0
0
0
0
0
0
0
0
0
0
0
0
0
0
6.19479e-15
0
0
0
0
0
0
0
0
-5.9161e-08
8.16855e-30
0
0
0
0
0
0
0
0
0
0
0
0
0
0
0
0
0
0
0
0
0
0
0
0
0
0
0
0
0
0
0
0
0
0
0
0
0
0
3.93946e-16
6.95153e-16
0
0
0
0
0
0
0
0
0
0
0
0
0
0
0
0
0
-7.05113e-08
-6.59856e-08
0
0
0
0
0
0
0
0
0
0
0
0
0
0
0
0
0
0
0
0
0
0
0
0
0
0
0
0
0
0
-6.24989e-08
0
0
0
0
0
0
0
0
0
0
0
0
0
0
0
0
0
0
0
0
0
0
0
0
0
0
0
0
0
0
0
0
0
0
0
0
0
0
0
0
0
0
0
0
0
0
3.08521e-15
0
0
0
0
0
0
-7.32952e-08
-6.32016e-08
0
0
0
0
0
0
0
0
0
0
0
0
0
0
0
0
0
0
0
0
0
0
0
0
0
0
0
0
0
0
0
0
0
0
0
0
0
0
0
0
0
0
0
0
0
0
0
0
0
0
0
0
0
0
5.12036e-31
6.27049e-17
0
0
0
0
0
0
1.94163e-16
0
0
0
0
-2.65689e-15
0
0
-6.82484e-08
-6.82484e-08
-6.51967e-08
-7.13002e-08
0
0
0
0
0
0
0
-1.22622e-16
0
0
0
0
0
0
0
0
0
0
0
0
0
-6.65596e-08
-6.99372e-08
0
0
0
0
0
0
0
0
0
0
0
0
0
0
0
0
0
0
0
0
0
0
0
0
0
0
0
0
0
0
0
0
0
0
0
0
0
0
0
0
0
0
0
0
0
0
0
0
0
0
0
0
0
6.39842e-14
0
0
0
0
0
0
0
0
-4.40851e-15
1.96463e-15
0
0
0
0
0
0
0
0
0
0
0
0
0
7.17072e-14
0
0
0
0
0
0
0
0
0
0
0
0
0
0
0
0
0
0
0
8.57408e-17
0
0
0
0
0
0
0
0
0
0
0
0
0
0
0
0
0
0
0
0
0
0
0
0
0
0
0
0
-4.00326e-17
7.68804e-31
0
0
0
9.61537e-16
0
0
0
0
0
0
0
0
0
0
0
0
0
0
0
0
0
0
0
0
0
0
0
0
0
0
0
0
0
0
0
0
0
0
0
0
0
0
0
0
0
0
0
0
0
0
0
0
0
0
0
0
0
0
-6.5892e-08
-7.06049e-08
0
0
0
0
0
0
0
0
0
0
0
0
0
0
0
0
0
0
0
0
0
0
0
0
0
0
0
0
0
0
0
0
0
0
0
0
0
0
0
0
0
0
0
-7.13574e-15
0
0
0
0
0
-3.20335e-32
0
0
0
0
0
0
0
0
-4.10029e-30
0
0
0
0
0
0
0
0
0
0
0
0
0
0
0
0
0
0
0
0
0
0
0
0
0
5.38889e-14
0
0
0
0
0
0
0
0
0
0
0
0
0
0
0
0
0
0
0
0
0
0
0
0
0
0
0
0
0
0
0
0
0
0
0
0
2.89144e-16
0
0
0
0
0
0
0
0
0
0
0
0
0
0
0
0
0
0
0
0
0
0
0
0
0
0
0
0
0
0
0
0
0
0
0
0
0
0
0
0
0
0
0
6.14637e-17
4.28325e-15
0
0
0
0
0
0
0
0
0
0
0
0
0
0
0
0
0
0
0
0
0
0
0
0
0
0
0
0
1.36319e-14
-2.8987e-15
0
0
-6.82484e-08
-6.82484e-08
0
0
0
0
0
-1.95332e-14
0
0
0
0
0
0
0
0
0
0
0
0
0
0
0
3.57717e-16
0
0
0
0
0
0
0
0
0
0
0
0
0
0
0
0
0
0
0
0
0
0
0
0
0
0
0
0
0
0
0
-6.60945e-08
-7.04023e-08
0
0
0
0
0
0
0
0
0
0
0
0
0
0
0
0
0
0
0
0
0
-1.31996e-16
0
0
0
0
0
0
0
0
0
0
0
0
0
0
0
0
0
0
0
0
0
-4.23285e-16
0
0
0
0
0
0
0
0
0
0
0
0
0
0
0
0
0
0
0
0
0
0
1.25402e-15
-4.32426e-16
0
0
0
0
-5.12146e-15
0
0
0
0
0
0
0
0
0
0
0
0
0
0
0
0
-1.03518e-15
-1.2206e-15
0
0
0
0
0
0
-1.56218e-17
0
0
0
0
0
0
0
0
0
0
0
0
-4.3764e-14
-6.53484e-29
0
0
0
0
0
0
0
0
0
0
0
0
0
0
0
0
0
0
0
0
0
0
0
0
1.84382e-15
-1.19535e-15
-9.72705e-16
0
0
0
0
0
0
0
0
0
0
0
0
0
0
0
0
0
0
0
0
0
0
0
0
0
0
0
0
0
-6.05048e-15
0
0
0
0
0
0
0
0
3.10398e-15
9.26919e-16
0
0
0
0
0
0
-1.96355e-15
-8.3493e-08
-5.30039e-08
0
0
0
0
0
0
0
0
0
0
0
0
0
0
0
0
0
0
0
0
0
0
0
0
0
0
0
0
0
0
0
5.4479e-14
0
0
0
0
0
0
0
0
0
0
0
0
0
0
-6.56199e-08
-7.0877e-08
0
0
0
0
0
0
0
0
0
5.41986e-15
0
0
0
0
0
0
0
0
0
0
0
0
0
0
0
0
0
0
0
0
0
0
0
0
0
0
0
0
0
0
0
0
0
0
0
0
0
0
0
0
0
0
0
0
0
0
0
0
0
0
0
0
0
0
0
0
0
0
0
0
0
0
0
0
0
0
0
0
0
0
0
0
0
0
0
0
-7.52077e-15
-4.12494e-15
0
0
0
0
0
0
0
0
0
0
0
0
0
0
0
0
0
0
0
0
0
0
0
0
-3.75862e-15
1.9623e-15
-3.72096e-16
-8.33393e-14
0
0
0
0
0
0
0
0
0
0
0
0
0
0
0
0
0
0
0
0
0
0
0
0
0
0
0
0
-6.82484e-08
-6.82484e-08
0
0
0
0
0
0
0
0
0
0
0
0
0
0
0
0
0
0
0
0
0
0
0
0
0
0
0
0
0
0
0
0
0
0
0
0
0
0
0
0
0
0
0
0
0
0
0
0
0
0
0
0
0
0
0
-7.30475e-17
0
-3.34085e-16
7.88128e-17
-2.64044e-16
0
0
0
0
0
0
0
0
-9.46451e-15
0
0
0
0
0
0
0
0
1.93705e-16
0
0
0
0
0
0
0
0
-8.1518e-17
-7.01306e-16
0
0
6.72154e-17
0
0
0
0
0
0
0
0
0
0
0
0
0
0
0
0
0
0
0
0
-4.84966e-17
-5.77844e-18
0
0
0
0
0
0
0
0
0
0
0
0
0
0
0
0
0
0
0
0
0
-1.95276e-16
0
0
0
0
0
0
0
0
0
0
0
0
0
0
0
0
0
0
0
0
0
0
0
0
0
0
0
0
0
0
0
0
0
0
0
0
0
0
0
0
0
0
0
0
0
3.4366e-15
0
0
0
0
-1.28378e-16
3.69974e-17
0
0
0
0
0
0
0
0
0
0
0
0
0
0
0
0
0
0
0
0
0
0
0
0
0
0
0
0
0
0
0
0
0
0
0
0
0
0
-1.63209e-17
-1.41216e-16
0
0
0
-8.92828e-17
0
0
0
0
0
0
0
0
0
0
0
0
0
0
0
0
0
0
0
0
0
0
0
0
0
0
0
0
0
0
0
0
0
0
0
0
0
0
0
0
0
0
0
0
0
0
0
0
0
0
0
0
0
0
0
0
0
0
0
0
0
0
0
0
0
0
0
0
0
0
0
0
0
0
0
-1.54176e-16
0
0
0
0
0
0
0
0
0
0
0
0
0
0
0
0
0
0
0
0
0
0
0
-8.17955e-15
0
0
0
0
0
1.67734e-14
-1.94013e-14
0
0
0
0
0
2.02021e-16
0
0
0
0
0
0
0
0
0
0
-3.22051e-15
0
0
0
0
0
0
0
0
0
0
2.35818e-15
0
0
0
0
0
0
0
0
0
0
0
0
0
0
0
0
0
0
0
0
0
0
0
0
0
0
0
0
0
0
0
0
0
0
0
0
0
0
0
0
0
0
0
0
0
0
0
0
0
0
0
0
0
0
0
0
0
0
0
0
0
0
0
0
0
0
0
0
0
0
0
0
0
0
0
0
0
0
0
0
0
0
1.77484e-14
0
0
0
0
0
0
0
0
0
0
0
0
0
0
0
0
0
0
0
0
0
0
0
0
0
0
0
0
0
0
0
0
0
0
0
0
1.23393e-16
-5.77064e-17
0
0
0
-5.87281e-17
1.78002e-16
0
0
0
0
0
0
0
0
0
0
0
0
0
0
0
0
0
0
0
0
0
0
0
0
0
0
0
0
0
0
0
0
0
1.79891e-16
0
0
0
0
0
0
0
0
0
0
0
0
0
0
0
0
0
0
0
-2.80143e-16
-5.55229e-17
0
0
0
0
0
0
0
3.89002e-14
5.78056e-17
0
0
0
0
0
0
0
0
0
0
0
0
0
0
0
0
0
0
0
0
0
0
0
0
0
0
0
0
0
0
0
5.84133e-17
0
0
0
0
0
0
0
0
0
0
0
0
0
0
0
0
0
-6.95798e-08
-6.69171e-08
0
0
0
0
0
0
0
0
0
0
5.76706e-17
0
0
0
0
0
0
0
0
0
0
0
0
0
0
0
0
0
0
0
0
0
0
0
0
0
0
0
0
0
0
0
0
1.03641e-16
5.67083e-17
5.77064e-17
0
0
0
0
0
-6.94373e-17
0
0
0
0
0
0
0
0
0
0
0
0
0
0
0
0
0
-1.0765e-15
0
0
0
0
0
0
0
0
0
0
0
0
0
0
0
0
0
0
0
0
0
0
6.41578e-17
0
0
0
0
2.30958e-16
0
5.77064e-17
0
0
0
0
0
0
0
0
0
0
0
0
0
0
0
-5.99046e-15
-4.22273e-14
0
0
0
0
0
0
0
0
0
0
0
0
0
0
0
0
0
0
0
0
0
0
0
0
0
8.45276e-17
-3.78926e-15
2.04127e-16
0
0
0
0
0
0
0
0
0
0
0
0
0
0
-2.40905e-14
2.89189e-14
0
0
6.0126e-15
4.1778e-14
0
0
0
0
0
0
0
0
0
0
0
0
0
0
0
0
0
0
0
0
0
0
0
5.77064e-17
1.73119e-16
0
0
0
1.72717e-16
0
0
0
0
0
0
0
0
0
0
0
0
0
0
0
0
0
0
0
0
0
0
0
0
-8.73153e-08
-4.91816e-08
0
0
0
0
0
0
0
0
0
0
0
0
0
0
0
0
0
0
0
0
0
0
0
0
0
0
3.90323e-17
5.70297e-17
0
1.85286e-14
0
0
0
0
0
0
0
0
0
0
-6.93547e-16
-3.81365e-16
0
0
0
0
0
0
0
-7.02129e-08
-6.6284e-08
0
0
0
0
0
0
5.78478e-17
0
0
0
0
0
0
0
0
0
0
0
0
0
0
0
0
0
0
0
0
0
0
0
0
0
0
0
0
5.29828e-17
0
0
0
0
0
0
0
0
0
0
0
0
0
0
0
0
1.7174e-14
0
0
0
-5.98722e-16
0
2.47507e-15
0
0
0
0
0
0
0
0
0
0
0
0
5.75273e-17
0
0
0
0
0
0
0
0
0
0
0
0
0
0
0
0
0
0
0
0
0
0
0
0
0
0
0
3.48447e-19
0
0
0
0
0
0
0
0
0
2.79927e-16
0
0
0
0
0
0
0
0
0
0
0
0
0
0
0
0
0
8.31307e-16
-2.71018e-15
0
0
0
0
0
6.36562e-17
0
0
0
0
3.01732e-14
0
0
-7.78555e-08
-5.86414e-08
0
0
0
0
0
0
0
0
0
0
0
-3.17597e-15
0
0
0
0
0
0
0
0
0
0
0
0
0
0
0
0
0
0
0
0
0
0
0
0
0
0
0
0
0
0
0
0
0
0
0
0
0
0
0
0
0
0
0
0
0
0
0
0
0
0
3.95687e-16
0
0
0
0
-4.58499e-15
0
0
0
0
0
0
0
0
0
0
0
0
0
0
0
0
0
0
0
0
0
0
0
0
0
0
-5.21476e-16
0
-1.3659e-15
0
1.89422e-15
0
0
0
0
0
0
0
0
0
0
0
0
0
0
0
0
3.48274e-15
0
0
0
0
0
-7.3738e-16
0
0
0
0
0
0
0
0
0
0
0
0
0
0
0
0
0
-6.65146e-08
-6.99823e-08
0
0
0
0
0
0
0
0
0
0
0
-1.23652e-15
0
0
0
0
0
2.62858e-14
0
0
0
0
0
0
0
0
0
0
0
0
0
0
0
0
0
0
3.1169e-15
0
0
0
0
0
1.1634e-16
0
0
-4.01769e-16
0
0
0
0
0
0
2.15995e-16
6.60475e-16
0
0
0
0
0
0
0
0
0
0
0
0
0
0
0
0
0
0
4.92764e-16
8.11668e-15
2.33461e-14
0
0
0
0
0
0
-8.07893e-17
0
0
0
0
0
0
0
0
0
0
-3.14552e-15
0
0
0
0
0
-1.49659e-15
-5.43763e-15
0
0
0
0
0
0
0
-1.63371e-29
1.98126e-15
0
0
0
0
0
0
0
0
0
0
0
0
0
0
0
0
0
0
0
0
0
0
0
0
0
1.77015e-14
2.83806e-16
0
0
0
0
0
0
0
0
0
0
0
0
0
0
0
0
0
0
0
0
0
0
0
0
0
0
0
0
0
0
0
0
0
0
0
0
0
0
0
0
0
0
0
0
0
0
0
0
0
0
0
0
0
0
0
0
0
0
0
0
0
0
0
0
0
1.53761e-30
0
0
0
0
0
0
0
0
0
0
0
0
0
0
0
0
3.42366e-16
0
0
0
0
0
0
-2.37585e-16
0
0
0
0
0
-2.35253e-17
0
0
0
0
0
0
0
0
0
0
3.48914e-16
0
9.12917e-17
0
0
-1.43589e-16
-5.30205e-16
2.42422e-15
0
0
0
0
0
0
0
0
0
0
-1.54636e-15
0
0
0
0
0
0
0
0
0
0
0
0
0
0
0
0
0
0
0
0
0
0
0
0
0
0
0
0
0
0
0
0
0
0
0
0
0
0
0
0
0
0
0
0
0
0
0
0
0
0
0
0
0
0
0
0
0
5.33805e-16
0
-1.17618e-16
0
0
0
0
0
0
0
0
0
0
0
0
0
0
0
0
0
2.41399e-14
0
0
0
0
0
0
0
0
0
0
0
0
0
0
0
0
0
0
0
0
0
0
0
0
0
0
0
0
0
0
0
0
0
0
0
0
0
0
0
-3.21284e-15
0
0
0
0
0
0
0
0
0
0
0
0
0
0
0
0
0
0
0
0
0
0
0
0
6.82484e-08
0
0
0
0
0
0
0
0
0
0
0
0
0
0
0
0
0
0
0
0
0
0
0
0
0
0
0
0
0
0
0
0
0
0
0
0
0
0
0
0
0
0
0
0
0
0
0
0
0
0
0
0
0
0
0
0
0
0
0
0
0
0
1.19392e-13
0
0
0
0
0
0
0
0
0
0
0
0
0
0
0
0
0
0
0
0
0
0
0
0
0
0
0
0
0
0
0
0
0
6.82484e-08
0
0
0
0
0
0
0
0
0
0
0
0
0
0
0
-1.63371e-29
0
0
3.15973e-16
0
0
0
0
0
0
2.30039e-16
0
0
0
0
0
0
0
0
0
0
0
0
0
0
0
0
0
0
0
0
0
0
3.8936e-16
0
0
0
0
0
1.96155e-15
2.17936e-14
0
0
0
0
0
0
-8.25919e-16
0
0
0
0
0
2.83324e-16
7.90544e-16
0
0
0
0
0
0
4.89129e-15
0
0
0
0
0
-6.82484e-08
0
0
0
-4.26199e-15
0
-3.06934e-17
0
1.33091e-16
0
0
0
0
0
0
0
0
0
0
0
0
1.32115e-14
0
0
0
0
0
0
0
0
0
0
0
0
0
0
0
0
0
0
0
0
0
0
0
0
0
0
6.82484e-08
0
0
0
0
0
0
0
0
0
2.62286e-15
0
0
0
0
0
0
0
0
0
0
0
0
0
0
0
0
0
0
0
0
0
0
0
0
0
0
0
0
0
0
0
0
0
0
0
0
0
0
0
0
0
0
0
0
0
0
0
0
0
0
0
0
0
0
0
0
0
0
0
0
0
0
0
0
0
0
0
0
0
0
0
0
0
0
0
0
0
0
0
0
0
0
-4.33703e-16
0
0
0
0
0
0
0
0
0
0
0
0
0
0
0
0
0
0
0
0
0
0
0
0
0
0
0
0
0
0
0
0
-5.99711e-15
0
0
-2.5483e-15
0
0
1.31194e-16
0
0
0
0
0
0
0
0
0
0
0
0
0
0
0
0
0
0
0
0
0
0
0
0
0
0
0
0
0
0
0
0
0
0
2.57269e-31
0
0
0
0
0
0
0
0
0
0
0
0
0
0
0
0
0
0
0
0
0
0
0
0
0
0
0
0
0
2.56769e-31
0
0
0
1.42887e-14
0
0
-3.27426e-14
0
0
0
2.63694e-17
0
0
0
0
0
0
0
0
0
-1.58881e-16
0
0
0
0
0
0
0
0
0
0
0
0
0
0
0
0
5.11407e-16
0
0
0
0
0
0
0
0
0
0
0
0
0
0
0
0
0
0
0
0
0
0
0
0
0
0
0
0
0
0
0
0
0
0
0
0
0
0
0
0
0
0
2.55267e-31
0
0
0
0
0
0
0
0
0
0
0
0
0
0
0
0
-3.08308e-16
0
0
0
0
0
6.04544e-08
0
0
0
0
0
0
0
0
0
0
0
0
0
0
0
0
0
0
0
0
0
0
0
0
-1.51606e-16
0
0
0
0
0
0
0
0
0
0
8.97673e-16
0
-1.3754e-15
0
0
0
0
0
0
0
0
0
0
0
0
0
0
0
0
0
0
0
0
0
0
0
0
0
0
0
0
0
-2.04148e-16
0
0
0
0
0
7.60425e-08
0
1.18259e-07
-2.00953e-14
0
0
0
0
0
0
0
0
0
0
0
0
0
0
5.96517e-08
3.24432e-16
0
0
0
0
0
0
0
0
0
0
0
0
0
0
0
0
0
0
0
0
0
0
0
0
0
0
0
0
0
3.09326e-17
0
0
0
0
0
0
0
0
0
0
0
0
0
0
0
0
0
0
0
0
0
0
0
0
0
0
0
0
0
0
0
0
0
0
0
0
0
0
0
0
0
0
0
0
0
0
0
0
0
0
0
0
0
-4.15198e-14
0
0
0
0
0
0
0
0
0
0
0
0
0
0
0
0
0
0
0
0
0
0
0
0
0
0
0
0
0
0
0
0
0
0
0
0
0
0
0
0
0
0
0
0
0
0
0
8.24765e-17
7.48563e-16
0
1.80679e-16
0
0
0
0
0
0
0
0
0
0
0
0
0
0
0
0
0
0
0
0
0
0
0
0
7.68452e-08
0
0
6.38932e-16
0
0
0
0
0
0
0
0
0
0
0
0
0
0
0
0
0
0
0
0
0
7.78625e-17
0
0
0
0
0
0
0
0
0
0
0
0
0
0
0
0
0
7.34991e-08
-7.10758e-16
0
0
0
0
0
0
0
0
-2.50091e-15
0
0
0
0
0
0
0
0
0
0
0
0
0
0
0
0
0
0
0
0
0
0
0
0
0
0
0
-1.05071e-17
0
0
0
0
0
0
0
0
0
0
0
0
0
0
0
0
0
0
0
0
0
0
0
0
0
0
0
0
0
0
0
0
0
0
0
0
0
0
0
0
0
0
0
0
0
0
0
0
0
0
0
0
0
0
0
-7.93642e-17
0
0
0
0
0
0
0
0
0
0
0
6.52836e-08
0
0
0
0
-8.11261e-17
0
0
0
0
-6.07638e-17
0
0
0
0
0
0
0
0
0
0
0
0
0
-1.1507e-14
0
0
0
7.12133e-08
1.97552e-16
0
5.04298e-16
0
0
0
0
0
0
0
0
0
0
0
0
0
0
0
0
0
0
0
0
0
0
0
0
0
0
0
0
0
0
0
0
0
0
0
0
0
0
0
0
0
0
0
0
0
0
0
0
0
0
0
0
0
0
0
0
0
0
0
0
0
0
0
0
0
0
0
0
0
0
0
0
0
0
0
0
0
0
0
0
5.06754e-08
6.85723e-08
0
0
0
0
0
0
0
0
0
0
0
0
0
0
0
0
4.95427e-08
0
0
0
0
0
0
0
0
0
0
0
0
0
0
0
0
0
0
0
0
0
0
0
0
0
0
0
0
8.69542e-08
0
0
0
2.91477e-16
0
0
0
0
0
0
0
0
0
0
0
0
0
0
0
0
0
0
0
0
0
0
0
0
0
0
0
0
6.82484e-08
0
0
0
0
0
0
0
-1.67489e-16
0
0
0
0
0
0
0
7.42716e-15
0
0
0
0
0
0
0
0
0
0
0
0
0
0
0
0
0
1.17884e-15
0
0
0
0
0
0
0
0
0
0
0
0
0
0
0
0
0
0
0
0
0
0
0
0
0
0
0
0
0
0
0
0
0
0
0
0
0
0
0
0
0
-7.59052e-16
0
0
0
0
0
0
0
0
0
0
0
0
0
0
0
0
0
0
0
0
0
0
0
0
0
0
0
0
0
0
6.85769e-08
1.04402e-16
0
0
0
0
0
0
0
0
0
0
0
0
0
0
0
0
0
0
0
0
0
0
0
0
0
0
0
-4.77137e-17
-1.15027e-16
0
0
0
0
0
0
0
0
0
0
0
0
-2.54622e-15
0
0
0
0
0
0
0
0
0
0
0
0
-1.26125e-16
2.56308e-16
0
0
0
2.42786e-16
6.17247e-08
0
0
-6.29978e-08
0
6.82484e-08
5.71436e-17
0
0
0
0
0
0
0
0
0
0
0
0
0
0
7.47722e-08
0
0
0
6.76384e-16
0
0
0
0
0
0
0
0
0
0
0
-4.61656e-16
0
0
7.64792e-08
0
0
0
0
0
0
0
0
0
0
-8.23602e-16
0
0
0
0
0
0
0
0
0
0
0
0
0
0
0
0
0
0
0
0
0
0
0
0
0
0
0
0
0
0
0
0
0
0
0
0
0
0
0
0
0
0
0
-1.18168e-15
0
0
0
0
0
1.21348e-15
-1.12038e-16
-2.48199e-16
0
0
0
0
0
0
0
6.00177e-08
0
0
0
0
0
0
0
0
0
0
0
0
0
0
0
0
0
7.78968e-08
0
0
0
0
0
-4.89886e-16
0
0
0
0
0
0
0
0
0
0
5.86e-08
0
0
0
0
0
0
0
0
0
0
0
0
0
0
0
0
0
0
0
0
0
0
-9.26863e-16
9.93819e-15
0
0
0
0
0
0
0
0
0
0
0
0
0
0
0
0
0
0
0
0
0
0
0
0
0
-9.34074e-16
0
0
0
0
0
0
0
0
0
0
0
0
0
0
0
0
0
0
0
0
0
0
0
0
0
0
0
0
0
0
0
6.46849e-08
0
0
0
0
0
0
0
0
0
0
0
0
0
0
0
0
0
0
0
0
0
0
-2.08104e-14
0
-3.77611e-15
0
0
0
0
0
0
0
0
0
0
0
0
0
0
0
0
0
0
0
0
0
0
0
0
0
0
0
0
0
0
0
0
0
0
0
-2.93785e-16
0
0
0
0
0
0
0
0
0
0
0
0
0
0
0
0
0
0
0
0
0
0
1.13112e-14
0
0
1.13126e-14
0
0
0
0
0
0
0
0
0
0
0
0
0
0
0
0
0
0
0
0
2.40486e-16
-7.25131e-16
0
0
0
0
0
0
0
0
0
0
0
0
0
0
0
0
0
0
0
0
0
0
0
6.49329e-08
0
0
0
0
0
0
0
0
0
0
0
0
0
0
0
0
0
0
0
0
0
0
0
0
0
-1.25211e-15
2.66678e-16
0
0
0
0
4.09554e-17
0
0
0
0
0
-2.59578e-16
0
0
0
0
0
0
0
0
0
0
0
0
0
0
0
0
0
0
0
0
6.13235e-08
2.6497e-16
6.26267e-08
0
0
0
0
0
0
2.92224e-14
0
0
0
0
0
0
0
0
0
7.1564e-08
0
0
0
0
0
0
0
0
0
0
-1.17352e-13
4.02336e-15
0
0
0
0
0
0
0
0
0
0
0
4.9523e-15
0
0
0
0
0
0
6.87032e-08
0
0
0
0
0
0
7.04509e-08
0
0
0
3.9935e-16
0
8.33651e-08
0
0
-5.40032e-16
0
6.75158e-08
0
0
0
0
-4.32444e-16
0
6.6046e-08
0
0
0
0
0
0
0
3.48397e-17
1.31696e-16
6.34444e-17
0
0
0
6.89811e-08
0
0
0
0
0
0
0
0
0
0
0
0
0
0
0
0
0
0
0
0
0
0
1.5468e-18
7.51733e-08
0
0
0
0
-6.79246e-08
0
0
0
0
0
0
0
0
0
0
-3.79913e-15
1.51122e-14
6.82484e-08
0
0
0
-1.12048e-17
1.25956e-16
0
0
0
0
0
0
0
0
0
0
0
0
0
0
0
0
0
0
0
0
0
0
0
0
0
0
0
0
0
0
2.24597e-16
0
0
0
0
0
0
0
0
0
0
0
0
0
0
0
0
0
0
0
0
0
0
0
0
0
0
0
0
0
0
0
-3.30586e-29
0
0
1.4659e-15
0
0
0
0
0
0
0
0
-1.22191e-14
0
0
0
0
0
0
0
0
0
0
0
0
0
0
0
0
0
5.02029e-17
0
0
0
0
0
0
0
0
0
0
0
0
0
0
0
0
0
0
0
0
0
0
0
0
0
0
0
0
0
0
0
0
0
0
0
0
0
0
0
0
0
0
0
-1.05751e-15
4.81937e-16
0
0
0
0
0
0
2.13051e-14
0
0
0
0
0
0
0
0
0
0
0
0
0
0
0
0
-6.95036e-16
0
0
0
0
0
0
0
0
0
0
0
6.82484e-08
0
0
0
0
0
0
0
0
0
0
0
0
0
0
0
0
0
0
0
0
0
0
0
0
0
-7.57613e-08
-1.12049e-16
0
0
0
0
0
0
0
0
0
0
0
-1.37708e-16
0
-8.30243e-16
0
0
0
0
0
0
0
0
0
0
0
0
0
0
0
0
0
0
0
0
0
0
0
0
0
0
0
0
0
0
0
0
0
0
0
0
0
0
0
0
0
0
0
0
0
-6.792e-08
0
0
0
0
0
0
0
0
0
0
0
0
0
0
0
0
0
0
0
0
0
0
0
0
-5.63647e-16
0
0
0
0
0
0
0
0
0
0
0
0
0
0
1.23988e-15
-7.11582e-14
0
0
0
0
0
0
-2.3047e-16
0
0
0
3.08771e-16
0
0
0
0
0
0
0
0
0
0
0
0
0
0
0
0
0
0
0
0
0
0
0
0
0
0
0
0
0
0
0
0
0
0
0
0
0
0
0
0
0
0
0
0
0
0
0
0
0
0
0
0
0
0
0
0
0
0
0
0
0
0
0
0
7.1812e-08
0
0
0
0
-4.78513e-16
0
0
0
0
0
0
0
0
0
0
0
-2.16177e-15
0
0
0
0
0
0
0
0
0
0
0
0
0
0
0
0
0
0
0
0
0
0
0
0
0
0
0
0
0
0
0
0
0
0
0
-3.4773e-16
-2.91011e-17
0
0
0
0
0
0
0
0
0
0
0
0
0
0
-1.48099e-16
0
0
0
0
0
0
0
0
0
0
0
4.40533e-16
0
1.81737e-15
0
0
0
0
0
2.22392e-15
0
0
0
-1.90556e-15
0
0
6.71701e-14
-5.96881e-14
2.08745e-15
0
0
0
0
0
0
0
0
9.5301e-16
0
0
0
0
0
0
0
0
0
0
0
0
0
0
0
-1.27634e-31
0
0
0
0
0
0
0
0
0
0
0
0
0
0
0
0
0
0
0
0
0
-2.40245e-16
0
1.00105e-33
0
0
0
0
0
0
0
0
0
0
0
0
0
0
1.1002e-16
0
0
0
0
0
0
0
0
0
0
2.94553e-14
3.7558e-15
0
0
0
0
-1.07972e-17
0
0
0
0
0
0
0
0
0
0
0
0
0
0
0
0
0
0
0
0
0
0
0
0
0
0
0
0
0
0
0
0
0
0
0
0
0
0
0
0
0
0
0
0
0
7.57613e-08
0
0
-2.29357e-16
0
0
0
0
0
0
0
0
0
0
0
0
0
0
0
0
0
0
0
0
-2.21453e-14
0
0
0
0
0
0
0
0
0
0
0
0
0
0
0
0
0
0
0
0
0
0
0
0
0
0
0
0
0
0
0
0
0
-3.17806e-14
0
0
0
0
0
0
0
0
0
0
0
0
0
0
0
0
0
0
0
0
0
0
0
0
0
0
-8.87426e-16
0
0
1.70599e-16
0
0
0
0
0
0
0
0
0
0
0
2.94368e-14
0
0
0
0
0
0
0
0
0
0
0
0
0
0
0
0
0
0
0
0
0
0
0
0
0
0
-1.56117e-16
0
0
0
0
-1.65429e-15
0
0
0
0
0
0
0
2.13542e-17
0
0
0
0
0
0
0
0
0
0
0
0
0
0
0
0
0
0
0
-1.79231e-15
0
0
6.64336e-17
0
0
0
0
0
0
0
0
3.3213e-16
0
2.90345e-16
0
0
0
0
0
0
0
0
0
0
0
0
0
0
0
0
0
0
0
0
0
0
0
0
0
0
0
1.50804e-15
0
0
0
0
0
0
1.12917e-16
0
0
0
0
0
0
0
0
0
0
0
0
0
0
0
0
0
0
0
0
0
0
0
0
0
0
0
-6.21932e-16
1.6514e-14
0
0
0
0
0
0
0
0
0
0
0
0
0
0
0
0
0
0
0
2.47869e-16
0
0
0
0
0
0
0
0
0
0
0
0
1.16678e-16
0
0
0
0
0
0
0
0
0
0
0
0
0
0
-6.63811e-14
0
0
0
0
0
0
0
0
0
-8.17557e-17
0
0
0
0
0
0
0
0
0
0
0
0
0
0
0
0
0
0
0
0
0
0
0
0
0
0
0
6.3066e-32
0
2.7144e-17
0
0
0
0
-8.99953e-15
0
2.55267e-31
0
0
0
0
0
0
0
0
0
0
0
0
0
0
0
0
0
0
-1.32449e-16
4.39612e-17
3.43736e-16
0
0
0
0
0
0
0
0
0
0
0
0
0
0
0
0
0
0
0
0
0
0
0
0
0
0
0
0
0
0
0
0
0
0
8.65597e-17
0
0
0
0
0
0
0
0
0
0
0
0
0
0
0
0
0
0
0
0
1.89355e-16
0
0
0
0
0
0
0
0
0
0
0
0
0
0
0
1.24821e-16
0
0
0
0
0
0
0
0
0
0
0
0
0
0
0
0
0
0
4.74065e-16
0
0
0
0
0
-1.19389e-14
0
0
3.8692e-14
0
0
3.75199e-15
0
0
0
0
0
0
0
0
0
-3.60351e-17
0
-5.31317e-08
0
0
0
0
0
0
0
0
-5.07303e-16
0
0
0
0
5.90413e-16
0
-5.97935e-15
0
0
0
0
4.39514e-17
0
0
0
0
0
0
0
-1.00268e-15
0
-4.60827e-16
0
0
0
0
0
0
0
0
2.30195e-14
-1.74791e-14
0
0
0
0
0
0
0
0
0
0
0
0
0
0
0
0
0
0
0
0
0
0
0
0
0
0
0
0
0
0
0
0
0
0
0
0
0
-3.3539e-14
-3.68324e-15
0
0
0
0
0
0
0
0
0
0
0
0
0
0
0
0
0
0
0
0
0
0
0
0
6.77937e-08
0
0
0
0
0
0
0
0
0
0
0
0
0
0
0
0
0
5.45765e-17
0
0
0
0
0
0
0
0
0
0
0
0
0
-7.15418e-16
0
0
0
0
0
0
0
1.164e-15
0
0
0
0
0
0
0
0
0
0
0
0
0
0
0
-2.23509e-15
0
0
0
0
0
0
0
0
0
0
0
0
0
0
0
0
0
0
0
0
0
0
0
6.67295e-14
0
0
0
0
0
0
0
0
0
0
0
0
0
0
0
1.47337e-16
0
0
0
0
0
0
0
0
0
0
0
0
0
0
-1.89007e-16
0
0
0
0
0
0
0
0
0
0
0
0
0
0
0
0
0
0
0
0
0
0
0
0
0
0
0
0
0
0
0
0
0
0
0
)
;

boundaryField
{
    frontback
    {
        type            empty;
        value           nonuniform List<scalar> 0();
    }
    topbottom
    {
        type            calculated;
        value           uniform 0;
    }
    outlet
    {
        type            calculated;
        value           nonuniform List<scalar> 0();
    }
    inlet
    {
        type            calculated;
        value           uniform 0;
    }
    walls
    {
        type            calculated;
        value           nonuniform List<scalar> 
135
(
2.72994e-07
2.72994e-07
2.72994e-07
2.72994e-07
2.72994e-07
2.72994e-07
2.72994e-07
2.72994e-07
2.72994e-07
2.72994e-07
2.72994e-07
2.72994e-07
2.72994e-07
2.72994e-07
2.72994e-07
2.72994e-07
2.72994e-07
2.72994e-07
2.72994e-07
2.72994e-07
2.72994e-07
2.72994e-07
2.72994e-07
2.72994e-07
2.72994e-07
2.72994e-07
2.72994e-07
2.72994e-07
2.72994e-07
2.72994e-07
2.72994e-07
2.72994e-07
2.72994e-07
2.72994e-07
2.72994e-07
2.72994e-07
2.72994e-07
2.72994e-07
2.72994e-07
2.72994e-07
2.72994e-07
2.72994e-07
2.72994e-07
2.72994e-07
2.72994e-07
2.72994e-07
2.72994e-07
2.72994e-07
2.72994e-07
2.72994e-07
2.72994e-07
2.72994e-07
2.72994e-07
2.72994e-07
2.72994e-07
2.72994e-07
2.72994e-07
2.72994e-07
2.72994e-07
2.72994e-07
2.72994e-07
2.72994e-07
2.72994e-07
2.72994e-07
2.72994e-07
2.72994e-07
2.72994e-07
2.72994e-07
2.72994e-07
2.72994e-07
2.72994e-07
2.72994e-07
2.72994e-07
2.72994e-07
2.72994e-07
2.72994e-07
2.72994e-07
2.72994e-07
2.72994e-07
2.72994e-07
2.72994e-07
2.72994e-07
2.72994e-07
2.72994e-07
2.72994e-07
2.72994e-07
2.72994e-07
2.72994e-07
2.72994e-07
2.72994e-07
2.72994e-07
2.72994e-07
2.72994e-07
2.72994e-07
2.72994e-07
2.72994e-07
2.72994e-07
2.72994e-07
2.72994e-07
2.72994e-07
2.72994e-07
2.72994e-07
2.72994e-07
2.72994e-07
2.72994e-07
2.72994e-07
2.72994e-07
2.72994e-07
2.72994e-07
2.72994e-07
2.72994e-07
2.72994e-07
0
2.72994e-07
2.72994e-07
2.72994e-07
2.72994e-07
2.72994e-07
2.72994e-07
2.72994e-07
2.72994e-07
2.72994e-07
2.72994e-07
2.72994e-07
2.72994e-07
2.72994e-07
2.72994e-07
2.72994e-07
2.72994e-07
2.72994e-07
2.72994e-07
2.72994e-07
2.72994e-07
2.72994e-07
0
)
;
    }
    procBoundary0to1
    {
        type            processor;
        value           nonuniform List<scalar> 
104
(
0
0
0
0
0
0
0
0
0
0
0
0
0
0
0
0
0
0
0
0
0
0
1.71674e-15
0
0
0
0
0
0
0
0
0
0
0
0
0
0
0
0
0
0
0
0
0
0
0
0
0
0
0
0
0
0
4.18132e-14
0
0
0
0
0
0
0
0
0
0
-5.04052e-14
0
0
0
0
0
0
0
0
0
0
-1.2833e-15
0
0
0
0
0
0
0
0
0
0
0
0
0
0
0
0
0
0
0
0
0
0
0
-8.58215e-08
0
0
0
0
)
;
    }
    procBoundary0to2
    {
        type            processor;
        value           nonuniform List<scalar> 
83
(
-1.34311e-14
-4.38461e-16
-1.5979e-16
-2.51827e-16
0
0
0
0
0
0
0
-2.74464e-15
0
0
-1.04342e-15
-3.77823e-14
6.77666e-15
0
-2.12258e-15
0
-3.46736e-15
-2.40176e-16
0
0
0
0
0
0
2.36465e-16
0
0
0
8.41634e-15
0
-1.93198e-15
0
0
0
0
0
0
-5.45749e-15
4.41045e-15
0
0
0
-2.45481e-16
9.28077e-15
3.96834e-14
-2.46966e-14
4.4334e-16
-1.41561e-16
3.64285e-15
0
0
-9.36837e-16
0
-2.63864e-15
0
0
1.4566e-15
5.68566e-17
1.02265e-07
0
0
0
2.09841e-15
1.84126e-14
0
0
0
0
1.25004e-14
0
0
0
0
0
0
2.31456e-15
0
-1.1882e-15
0
)
;
    }
}


// ************************************************************************* //
