/*--------------------------------*- C++ -*----------------------------------*\
| =========                 |                                                 |
| \\      /  F ield         | OpenFOAM: The Open Source CFD Toolbox           |
|  \\    /   O peration     | Version:  v2012                                 |
|   \\  /    A nd           | Website:  www.openfoam.com                      |
|    \\/     M anipulation  |                                                 |
\*---------------------------------------------------------------------------*/
FoamFile
{
    version     2.0;
    format      ascii;
    class       surfaceScalarField;
    location    "100";
    object      meshPhi;
}
// * * * * * * * * * * * * * * * * * * * * * * * * * * * * * * * * * * * * * //

dimensions      [0 3 -1 0 0 0 0];
oriented        oriented;


internalField   nonuniform List<scalar> 
20673
(
0
0
0
0
0
0
0
0
0
0
0
0
-2.27043e-15
0
0
-1.14983e-16
0
-2.66482e-18
0
0
0
0
0
0
0
0
0
0
0
0
0
0
0
0
0
0
0
-6.93498e-08
0
-4.04412e-08
0
0
0
0
0
0
0
0
0
0
0
0
0
0
0
0
0
-2.71299e-14
-4.20764e-14
-1.51272e-14
0
0
0
0
0
0
0
0
0
0
0
0
0
0
0
0
0
0
0
0
0
0
0
0
0
0
0
0
0
0
0
0
0
0
0
-1.37788e-16
-7.56853e-15
0
0
0
0
0
0
0
0
0
0
0
0
0
0
0
0
0
4.38248e-14
-1.31723e-13
-4.82179e-14
0
-5.10246e-14
-4.84302e-14
0
1.18158e-13
0
0
0
0
0
0
8.78798e-16
0
-1.36325e-17
0
0
-9.60715e-18
2.10933e-15
0
-3.25884e-17
0
7.88687e-18
3.23248e-14
3.4432e-14
0
0
0
0
1.22348e-14
-1.33502e-15
0
-2.13217e-16
8.84331e-18
1.03888e-16
-1.15802e-16
0
0
0
0
0
0
0
0
0
0
0
0
0
0
0
0
0
0
0
0
2.6802e-08
0
0
-4.31679e-17
-1.63552e-15
0
0
0
2.47372e-17
2.63586e-16
0
0
0
0
0
0
0
0
-2.49785e-17
0
0
0
0
0
0
0
0
-4.90982e-16
0
-1.1558e-16
0
0
0
0
0
0
0
0
0
0
0
0
0
0
0
0
0
0
9.39359e-15
5.94518e-16
0
1.41834e-15
0
0
0
0
0
0
0
0
0
0
0
0
0
0
-1.75462e-15
0
0
0
0
0
0
0
0
0
0
0
0
0
0
0
8.0422e-18
-7.06702e-18
0
0
0
0
0
0
0
0
0
0
0
0
0
0
0
0
1.28827e-17
2.75273e-16
-1.10623e-16
0
0
0
0
0
0
0
0
0
0
0
0
0
0
0
-3.16623e-16
0
0
0
0
0
0
0
0
0
0
0
0
0
0
0
0
0
0
-6.09551e-17
6.92294e-16
8.90798e-16
0
0
0
0
0
0
1.10196e-17
2.2279e-16
0
0
0
0
-1.68105e-14
0
0
0
0
0
0
0
0
0
4.6073e-14
4.94268e-14
0
0
0
0
0
0
0
0
-2.13578e-14
-9.21271e-30
1.19863e-15
0
0
0
0
0
0
0
1.096e-14
-4.29083e-14
0
0
0
0
0
0
0
0
0
-2.66269e-16
-1.20762e-17
0
0
0
0
0
0
0
0
0
0
0
0
0
0
8.47623e-17
-1.23987e-14
0
0
0
0
0
0
0
-7.74478e-16
0
2.85545e-14
-2.15895e-14
0
0
0
0
0
0
7.87231e-16
5.66163e-16
0
0
0
0
0
0
0
0
0
0
0
0
0
0
0
0
0
0
0
0
0
0
0
0
0
0
0
-6.55089e-14
1.50944e-14
-2.64278e-15
0
0
0
0
0
0
0
0
0
0
0
0
0
0
-4.87608e-16
0
0
0
0
0
0
0
0
0
0
0
0
0
0
0
0
0
0
0
0
0
-9.37925e-17
6.47121e-16
0
0
0
0
0
0
0
0
0
0
0
0
0
0
0
0
0
0
0
0
0
0
0
0
0
0
0
0
0
0
0
0
0
0
0
0
0
0
0
0
0
5.15838e-17
-1.528e-15
0
0
-1.90163e-14
-2.28798e-14
0
0
-1.86855e-16
7.1047e-17
0
0
0
0
0
0
0
0
7.22571e-14
0
0
0
0
0
0
0
0
0
0
0
0
0
0
0
0
0
0
0
0
0
0
0
0
0
0
0
0
0
0
0
0
0
0
0
0
0
0
0
0
0
0
0
0
0
0
0
0
0
0
0
0
0
0
0
0
0
0
0
0
0
0
0
0
0
0
0
0
0
0
0
0
0
0
0
0
-1.17129e-16
1.20846e-16
-4.0029e-15
-4.65265e-14
3.79482e-14
0
0
0
0
1.59308e-16
0
5.11692e-31
0
-3.1942e-16
1.16124e-14
3.09904e-14
0
0
0
0
0
0
0
0
0
0
0
0
0
7.20174e-16
-3.22901e-15
0
0
0
0
0
6.23357e-16
0
0
0
0
0
0
0
0
0
0
0
0
0
0
0
0
0
0
0
0
0
0
0
0
0
0
0
0
0
0
0
0
0
0
0
0
0
0
0
0
0
0
0
0
0
0
0
0
0
0
0
0
0
0
0
0
0
-9.85429e-15
0
0
0
0
0
0
0
0
0
0
0
0
0
0
0
0
0
0
0
-5.56212e-14
-1.97982e-14
0
0
0
0
0
0
0
0
0
0
0
0
0
0
0
0
0
2.55961e-15
2.43769e-17
0
0
0
0
0
0
0
0
0
0
0
0
0
0
0
0
0
0
0
0
-6.40313e-14
-9.71765e-15
-3.54402e-14
0
0
0
0
0
0
0
0
0
0
0
0
0
0
0
0
0
0
0
0
8.88303e-19
0
-6.28543e-16
0
0
0
0
0
0
0
0
0
0
0
0
0
0
0
0
0
0
0
0
0
0
0
0
0
0
0
0
0
0
0
0
0
0
0
0
0
0
0
0
0
0
0
0
0
0
0
0
0
0
0
0
0
0
0
0
0
0
0
0
0
0
0
0
0
0
0
0
0
0
0
0
0
0
0
0
0
0
0
8.27876e-16
-2.45741e-16
0
0
0
0
0
0
0
0
0
0
0
0
0
0
0
0
0
0
0
0
0
0
-3.7442e-16
0
0
0
0
0
0
0
0
0
0
0
2.53e-17
-3.80113e-16
0
0
0
0
0
0
0
0
-8.1211e-16
-3.05636e-16
-4.29169e-15
-1.60072e-14
0
0
0
0
0
-3.41121e-17
0
-1.16411e-15
0
0
0
0
0
0
0
4.78463e-16
0
-3.41463e-16
0
0
0
0
0
0
0
0
0
0
0
0
0
0
0
0
0
0
0
0
0
0
0
0
0
0
0
0
0
0
0
0
0
0
0
0
1.20977e-16
-8.87585e-08
6.35263e-08
6.52654e-16
4.86737e-17
0
0
0
0
0
0
-1.54767e-14
0
0
1.47559e-16
0
0
0
0
0
0
0
0
1.92687e-14
0
0
0
0
0
0
0
8.48688e-15
0
0
0
0
0
0
0
0
0
0
0
0
0
0
0
0
0
0
0
0
0
0
0
0
0
0
0
0
3.73653e-17
0
0
0
0
0
0
0
0
0
0
0
0
0
0
0
0
-3.25278e-14
2.97187e-14
0
0
0
0
0
0
0
0
0
0
0
0
0
0
0
0
0
0
0
0
0
0
0
0
0
0
0
0
0
0
0
0
0
0
0
0
0
0
0
0
0
0
0
0
0
0
0
0
0
0
0
0
0
0
0
0
0
0
0
0
0
0
0
0
0
0
0
0
0
0
0
0
0
0
0
0
0
0
0
0
0
0
0
0
0
0
0
0
0
0
0
-7.36401e-14
-2.23035e-14
9.15986e-14
0
0
0
0
0
0
0
0
0
0
0
0
0
0
0
0
0
0
0
0
0
0
0
0
0
0
5.34743e-14
-1.64138e-13
0
0
0
0
0
0
0
0
-7.80379e-17
0
0
0
0
0
0
0
0
0
0
0
0
0
1.04087e-15
-7.99475e-16
0
0
0
0
0
0
0
0
0
0
0
0
0
0
0
0
1.1833e-15
0
0
0
0
0
0
0
-2.05021e-14
8.55037e-14
0
0
0
0
0
0
0
0
0
0
0
0
0
0
0
0
0
0
0
0
0
0
0
0
0
0
0
0
0
0
0
0
0
0
0
0
0
0
0
0
0
0
0
0
0
0
0
0
0
0
0
0
0
0
0
0
0
0
0
0
0
0
0
0
0
0
0
0
0
0
0
0
0
0
0
0
0
0
0
0
0
0
2.31653e-15
0
0
3.90306e-14
3.4872e-16
0
0
-3.54521e-14
0
-9.79308e-14
6.4489e-29
0
0
0
0
0
0
0
0
0
0
0
0
0
0
0
3.70061e-16
0
1.3181e-16
0
0
0
0
0
0
0
1.08259e-14
-1.07162e-16
0
0
0
0
0
0
0
0
8.17414e-16
5.02416e-18
0
0
0
0
0
0
0
0
0
0
0
0
0
0
0
0
0
0
0
0
0
0
0
0
0
0
0
0
0
0
0
0
3.49159e-18
0
0
0
0
0
0
0
0
0
0
0
0
0
0
0
0
0
0
0
-3.62765e-16
6.5643e-17
0
0
0
0
0
0
0
0
0
0
0
0
0
0
0
0
0
0
0
0
0
0
0
0
6.06689e-08
3.54829e-08
0
0
0
0
0
0
0
0
0
0
0
0
0
0
0
1.68892e-16
0
0
0
0
0
0
0
0
0
0
0
0
0
0
0
0
0
0
0
0
0
0
0
0
0
0
0
0
0
0
0
0
0
0
-8.30853e-17
0
-4.15712e-15
0
0
0
0
0
0
0
0
0
0
0
0
0
0
0
0
0
0
0
0
0
0
0
0
0
0
0
0
4.19218e-14
0
0
0
0
0
0
0
0
0
0
0
0
0
3.33288e-14
-6.65865e-15
0
0
3.72133e-18
0
0
0
0
6.54859e-16
0
0
0
0
0
0
0
0
0
0
0
0
0
0
0
0
0
0
0
0
0
0
0
0
0
0
0
0
0
0
0
0
0
0
0
0
0
0
3.67434e-16
0
0
0
0
3.22503e-16
0
0
0
0
0
0
0
0
0
0
0
0
0
0
0
-6.12971e-15
-1.52063e-15
0
0
0
0
0
0
0
0
0
0
0
0
0
0
0
0
0
0
0
0
0
0
0
0
0
0
0
0
0
0
0
-4.80759e-08
0
0
0
0
0
0
0
0
0
0
0
0
0
0
0
0
0
0
0
0
0
0
0
0
0
0
0
0
0
0
0
0
0
0
0
0
0
0
0
0
0
0
0
2.05565e-14
-4.46345e-14
0
0
0
0
0
0
0
0
0
0
0
0
0
0
0
0
0
0
0
0
0
0
3.15965e-14
0
-2.96995e-14
0
0
0
0
0
0
0
0
0
0
2.8177e-16
0
0
-4.70314e-14
0
0
0
0
0
0
0
0
0
0
0
0
0
0
0
0
0
0
0
0
0
0
0
0
0
0
0
0
0
0
0
0
0
0
0
0
1.87367e-15
-8.01346e-17
0
8.86063e-16
0
0
0
0
0
0
0
0
0
0
0
0
0
0
0
0
0
0
0
0
0
0
0
0
0
0
0
0
0
0
0
0
0
0
0
0
0
0
0
0
0
0
-9.4645e-15
1.06337e-16
0
0
0
0
0
0
0
0
0
0
0
0
0
0
0
0
0
0
0
0
0
0
-3.6007e-14
1.83428e-14
0
0
0
-2.66614e-16
0
0
0
0
0
0
0
0
0
0
0
0
0
0
0
0
0
0
0
0
3.26283e-29
5.00442e-15
0
-7.98262e-14
-4.15778e-14
0
0
0
0
0
4.404e-14
0
0
0
0
0
0
-5.16307e-16
3.33557e-16
0
0
0
0
0
0
0
0
0
0
0
0
0
0
0
0
0
0
0
0
0
0
0
0
3.5644e-15
4.15717e-14
-3.92889e-14
0
0
0
0
0
0
0
0
0
0
9.02742e-17
0
0
0
0
0
0
0
-2.75131e-14
0
0
0
0
0
0
0
0
0
0
0
0
0
0
0
0
0
0
0
0
0
-1.15549e-13
0
1.81815e-14
3.59673e-14
0
0
0
0
0
0
0
0
0
0
0
0
0
0
0
0
0
0
0
0
-2.88814e-16
0
0
0
0
0
0
0
0
0
0
0
7.07631e-17
0
0
0
0
0
0
0
0
0
0
0
0
0
0
0
0
0
0
0
0
0
0
0
0
0
0
0
0
0
0
0
0
0
0
0
0
0
0
0
0
2.85474e-14
1.28485e-16
-4.29606e-15
0
0
0
0
0
0
0
0
0
0
0
0
0
0
0
0
0
0
0
0
0
0
0
0
0
0
0
0
0
0
0
0
0
0
0
0
0
0
0
0
0
0
9.88982e-15
-1.74674e-14
7.55693e-15
0
0
0
0
0
0
0
0
0
0
4.83961e-16
0
0
0
0
0
0
0
0
0
0
0
0
0
0
0
0
2.04727e-30
-1.08232e-17
2.88926e-14
0
0
0
0
0
0
0
0
0
0
0
0
0
0
0
0
0
-7.62986e-17
0
0
0
0
1.97652e-15
-2.72608e-15
0
0
0
0
0
0
0
0
0
-2.17285e-15
4.04847e-15
4.91344e-29
0
1.33305e-16
0
0
0
0
0
0
0
0
0
0
0
0
0
0
0
0
-5.54147e-18
0
0
0
0
0
5.03621e-16
0
-5.93591e-17
0
0
0
0
0
0
0
0
0
0
0
0
0
0
0
0
0
0
0
0
0
0
0
0
0
0
0
0
0
0
0
-1.5763e-14
-1.51514e-14
0
2.95743e-16
-6.46489e-17
0
0
0
0
0
0
1.61547e-16
0
0
0
0
0
0
0
0
0
1.94598e-16
0
0
0
0
0
0
0
0
0
1.60809e-17
1.18433e-15
0
0
0
0
0
0
-2.10302e-16
9.80695e-17
0
0
0
0
0
0
0
0
0
0
-2.4617e-14
-7.99549e-14
0
-1.91481e-14
-2.83284e-14
0
0
0
0
0
0
0
0
0
0
0
0
0
0
0
0
0
0
0
0
0
0
0
0
0
0
0
0
0
0
0
0
3.53758e-14
0
0
0
0
0
0
0
0
0
0
0
0
0
0
0
0
0
0
0
0
0
0
0
0
0
0
0
0
0
0
0
0
0
0
0
0
0
0
0
0
0
0
0
0
0
0
0
0
0
0
0
0
0
0
0
0
-1.44694e-16
3.6537e-16
0
0
0
0
0
0
0
0
0
0
0
0
0
0
0
0
0
5.86563e-16
0
0
-4.46315e-14
-3.50862e-14
0
0
0
0
0
0
0
0
0
0
0
0
0
0
0
0
0
0
0
0
0
0
0
0
0
0
0
0
0
0
0
0
-2.80976e-14
9.66871e-16
0
0
0
0
0
0
-4.9986e-16
1.57833e-16
0
0
0
0
0
0
0
0
0
0
0
0
0
0
0
0
0
0
0
0
0
0
0
0
0
0
0
0
0
0
0
0
0
0
0
0
0
0
0
0
0
0
0
0
0
0
0
0
0
0
0
0
0
0
0
0
0
0
0
0
0
0
0
0
0
0
0
0
0
0
0
0
0
0
1.77038e-15
3.21614e-15
0
0
0
0
0
0
0
0
0
0
0
0
0
0
0
0
0
0
0
0
0
0
0
0
0
0
0
0
0
0
0
0
0
0
-8.11e-16
0
0
0
0
0
0
0
0
0
0
0
0
0
0
0
0
0
0
0
0
0
0
0
0
0
0
0
4.06433e-17
0
0
0
0
0
0
0
0
0
0
0
0
0
0
-3.1977e-15
-5.0383e-14
0
0
0
0
0
0
0
0
0
0
0
-8.56075e-15
0
0
0
0
0
0
0
0
0
0
0
0
0
0
0
0
0
0
0
0
0
0
0
0
0
0
0
0
0
0
0
0
0
0
0
0
0
0
0
0
0
0
0
0
0
0
0
0
0
0
0
0
0
0
0
0
0
0
0
0
0
0
0
0
0
0
0
0
0
0
0
0
0
0
0
0
0
0
0
0
0
0
0
0
0
0
0
0
0
0
0
0
0
0
0
0
0
0
0
0
0
0
0
0
0
0
0
0
0
0
0
0
0
0
0
0
0
0
0
0
0
0
0
0
0
0
0
0
0
-1.58811e-15
-2.87918e-15
0
0
0
0
0
0
0
0
0
9.01288e-17
0
0
0
0
0
0
0
0
0
0
0
0
0
0
0
0
0
0
0
-2.97967e-14
-4.3749e-14
-2.3923e-14
0
0
0
0
0
0
0
0
0
0
0
0
0
0
0
0
0
0
0
0
0
0
0
0
0
0
0
0
0
0
0
0
0
0
0
0
0
0
0
0
0
0
0
0
0
0
0
0
0
0
0
2.93715e-15
0
0
0
0
0
0
0
0
0
0
0
0
0
0
0
0
0
0
0
2.93381e-16
-5.13747e-14
0
0
0
0
0
-1.48114e-15
0
0
0
0
0
0
0
0
0
0
0
0
-7.48634e-15
3.63548e-17
2.35252e-16
2.22764e-14
0
0
0
0
0
0
0
0
0
0
0
0
0
0
0
0
0
0
0
0
0
0
0
0
0
0
0
0
0
0
0
0
0
0
0
0
0
0
0
0
0
0
0
0
0
0
0
0
0
0
0
0
0
0
0
0
0
0
0
0
0
0
0
0
0
0
0
0
0
0
0
0
0
0
0
0
0
0
0
0
0
0
0
0
0
0
0
0
0
0
0
0
0
1.70207e-17
0
0
0
0
0
0
0
0
0
1.95556e-17
0
0
0
0
0
0
0
0
0
0
0
0
0
0
0
0
0
0
0
0
0
0
0
0
0
0
1.81787e-15
-1.61387e-15
-2.42056e-17
0
0
0
0
0
0
0
0
0
0
0
0
0
0
0
0
0
0
0
0
-3.66695e-17
-3.60015e-15
0
0
0
0
0
0
0
0
0
0
0
0
0
0
0
0
0
0
0
-7.37861e-17
0
-2.60127e-16
0
0
0
0
0
0
0
0
0
0
0
0
0
0
0
0
0
0
0
0
0
0
0
0
0
0
0
0
0
0
0
0
0
0
0
0
0
0
0
-3.27112e-15
0
0
0
0
0
0
0
0
0
0
0
0
0
0
0
0
0
0
0
0
0
0
0
-2.45522e-15
2.5627e-17
0
0
0
0
0
0
0
0
0
0
0
0
0
0
0
0
0
0
4.56267e-16
0
0
0
0
0
0
0
0
0
0
0
0
2.37747e-15
0
0
0
0
0
0
0
0
-1.2368e-16
-7.22299e-17
0
0
-1.86106e-14
1.0861e-16
1.15633e-14
-1.68283e-14
0
0
0
0
0
0
0
0
0
0
2.61106e-14
4.23875e-14
0
0
0
0
0
0
0
0
0
0
0
0
0
0
0
0
0
0
0
0
0
0
0
0
0
0
0
0
0
0
0
0
1.78128e-15
-3.33149e-17
0
0
0
0
0
0
0
0
0
0
0
0
0
0
0
0
9.17596e-15
-1.76437e-14
0
0
0
0
0
0
0
0
0
0
0
0
0
0
0
0
0
0
0
0
0
0
0
0
0
0
0
0
0
0
0
0
0
0
0
0
0
0
0
0
0
0
0
0
0
0
0
0
0
0
0
0
0
0
0
0
0
0
0
0
0
0
0
0
0
0
0
0
0
0
0
0
0
0
0
0
0
-1.47728e-17
-1.00191e-17
5.97734e-17
0
0
0
0
0
0
0
0
0
0
0
0
0
0
0
0
0
0
0
0
0
0
0
3.40073e-15
0
0
0
0
0
0
0
0
-9.60813e-16
0
0
0
0
0
0
0
0
0
0
0
0
0
0
0
0
0
0
2.90167e-15
0
0
0
0
0
0
0
0
0
0
0
0
0
0
0
0
0
0
0
0
0
0
0
0
0
0
0
0
0
0
-4.52495e-17
4.85895e-17
-1.1702e-15
0
0
0
0
0
0
0
0
0
0
0
0
0
0
0
0
0
-6.91889e-19
1.92945e-17
-1.40935e-17
0
0
0
0
0
0
0
0
0
0
0
0
0
0
0
0
0
0
0
1.3757e-16
-1.11977e-16
5.51317e-16
0
0
0
0
0
0
0
0
0
0
0
0
0
0
0
0
0
0
0
0
0
0
0
0
0
0
0
5.18778e-14
-1.67749e-16
0
0
0
0
0
0
0
0
-4.72152e-16
-3.84717e-16
0
0
0
0
0
-3.3889e-15
-4.24317e-16
0
0
0
0
0
0
0
0
0
0
0
0
0
0
0
0
0
0
0
0
0
0
0
0
0
0
0
0
0
0
0
-4.10571e-16
-4.92489e-16
0
0
0
0
0
0
0
0
0
-1.1354e-13
2.24234e-14
0
0
0
0
0
0
0
0
0
0
0
0
0
0
0
0
0
0
0
0
0
0
0
0
0
0
1.13634e-15
2.74753e-17
-2.6329e-17
0
0
0
0
0
0
0
0
0
0
0
0
0
0
0
0
0
0
0
0
0
0
0
0
0
0
0
0
0
0
0
0
0
0
0
8.18818e-16
0
-2.00477e-16
0
0
0
0
0
0
0
0
3.61668e-14
6.44522e-15
-5.72281e-15
0
0
0
-1.65185e-17
3.18437e-17
-6.60865e-16
0
0
0
0
0
0
0
1.51815e-14
-3.09563e-14
0
0
0
0
0
0
0
0
0
0
0
0
2.93434e-15
5.64177e-17
0
0
0
0
0
0
0
0
4.13844e-17
-6.27831e-15
0
0
0
0
0
0
0
0
0
0
0
0
0
0
0
0
0
0
0
0
0
0
0
0
0
0
0
0
0
0
0
0
0
0
5.21573e-15
-8.07464e-16
0
0
0
0
0
0
0
0
2.99916e-17
1.51229e-14
3.47137e-14
0
0
0
0
0
0
0
0
0
0
0
0
0
0
0
0
0
0
0
3.51777e-14
2.4203e-14
0
0
0
0
0
0
0
0
0
0
0
0
0
0
0
0
0
0
0
0
0
0
0
0
4.39778e-15
-3.60014e-14
0
0
0
0
0
0
0
0
0
0
0
0
0
0
0
0
0
0
0
0
0
0
0
0
0
0
0
0
0
0
0
0
0
0
0
0
0
0
1.20328e-14
9.67457e-15
0
0
0
0
0
0
2.30276e-16
6.06223e-17
-2.80557e-16
0
0
0
0
0
0
8.68165e-14
0
0
0
0
0
0
0
0
0
0
0
0
0
0
0
0
0
0
0
0
-4.97002e-17
0
-1.83086e-16
0
0
0
1.6394e-14
-1.79061e-14
0
0
0
4.14081e-17
0
0
0
0
0
0
0
0
0
0
0
-1.74825e-15
0
0
-1.73546e-15
-1.01064e-16
1.66033e-17
0
0
0
0
0
0
0
0
0
0
0
0
0
0
0
0
0
5.87903e-14
0
0
0
0
0
0
0
0
-4.11415e-17
-7.67726e-31
0
0
0
0
0
0
0
0
0
0
0
0
0
0
0
0
0
0
0
0
0
0
0
0
0
0
0
0
0
0
0
0
0
0
0
0
0
0
0
0
0
-1.93873e-16
0
0
0
0
0
0
0
0
0
0
0
0
0
0
0
0
0
3.50826e-17
5.18407e-17
0
0
0
0
0
0
0
0
0
0
0
0
0
0
0
0
0
0
0
0
0
0
0
-1.21059e-15
0
0
0
0
0
0
0
0
0
0
0
-4.22268e-14
6.67764e-15
-2.22696e-15
0
0
0
0
0
0
0
0
0
0
0
1.27829e-31
0
0
0
0
0
0
0
0
0
0
0
-7.431e-16
0
0
0
0
0
0
0
0
0
-1.65061e-29
1.46877e-16
0
0
0
0
0
0
0
0
0
0
0
0
0
0
0
0
0
0
0
0
0
0
0
0
0
0
0
0
8.20399e-14
-3.8729e-14
0
-1.30131e-18
0
0
0
0
0
2.41741e-17
-7.73565e-18
0
0
0
0
0
0
0
0
0
0
0
0
0
0
0
0
0
0
0
0
0
0
0
0
0
0
0
0
0
0
0
0
0
0
0
0
0
0
0
0
0
0
0
0
0
0
0
0
0
0
0
6.71663e-17
-2.16345e-15
-1.00197e-14
-9.27393e-17
5.52171e-16
0
0
0
0
0
0
0
0
0
0
0
0
0
0
0
1.37572e-13
0
-4.42935e-14
0
0
0
0
0
0
0
-6.94623e-16
-2.33763e-15
0
0
0
0
0
0
0
0
0
0
0
0
0
0
0
0
0
0
0
0
0
0
0
0
0
0
0
0
0
0
0
0
0
0
0
0
0
0
0
0
0
0
0
0
0
0
0
0
0
0
0
0
0
0
0
0
0
0
0
0
0
0
0
1.65061e-29
0
0
0
0
0
0
0
0
0
0
0
0
0
0
0
0
0
0
0
0
0
0
0
0
0
0
0
0
0
0
0
0
0
0
0
0
0
0
0
0
0
0
0
0
0
0
0
0
0
0
0
0
0
0
0
0
0
0
0
0
0
-5.39042e-15
0
0
0
0
8.0551e-16
-2.49465e-18
0
6.81743e-14
0
0
0
0
0
0
0
0
0
0
0
0
0
0
0
0
0
0
2.71847e-15
6.40533e-17
0
0
0
0
0
0
0
0
0
0
0
0
0
0
0
0
0
0
0
0
0
0
0
0
0
0
0
0
0
0
0
0
0
0
0
0
0
0
0
0
0
0
0
0
0
0
0
0
0
0
0
0
0
0
0
0
0
0
0
0
0
0
0
0
0
0
0
0
0
0
0
0
0
0
0
0
0
0
0
0
0
0
0
0
0
0
0
0
0
0
0
0
0
0
0
0
0
0
0
0
0
0
0
0
0
0
0
0
0
0
0
0
0
0
0
-2.51906e-14
0
0
0
0
0
0
0
0
0
0
0
0
0
0
0
0
0
0
0
0
0
0
0
0
0
-1.7333e-15
-1.85746e-15
6.66378e-17
0
0
0
0
0
0
0
0
0
0
0
0
0
0
0
0
0
0
0
0
-4.34921e-16
0
0
0
0
9.8464e-17
0
0
0
0
0
0
-7.40187e-14
-1.689e-29
0
0
0
0
0
0
0
0
0
0
0
0
0
0
0
0
0
0
0
0
0
0
0
0
0
0
0
0
0
0
0
0
0
0
0
0
0
0
0
0
0
0
0
0
0
0
0
0
0
0
0
0
0
0
0
0
0
0
0
0
0
0
-1.0408e-14
-4.10072e-14
0
0
0
0
0
0
0
0
0
0
0
0
0
0
0
0
0
0
0
0
0
0
6.27552e-14
0
0
0
0
0
0
0
0
0
0
0
0
0
0
0
0
0
0
0
0
0
0
5.44608e-16
0
1.94767e-16
0
0
0
0
0
0
0
0
0
0
0
0
0
0
0
0
0
3.25211e-15
-2.29639e-16
0
0
0
0
1.90652e-15
8.0239e-16
0
0
0
0
0
0
0
0
0
0
0
0
0
0
0
0
0
0
0
0
-1.70152e-15
3.07075e-17
0
0
0
0
0
0
0
0
0
0
0
0
0
0
0
0
0
0
0
0
0
0
0
0
0
0
0
0
0
0
0
0
0
0
0
0
0
0
0
0
0
0
0
8.82138e-18
-7.85005e-16
-2.27416e-15
0
0
0
0
0
0
0
1.9363e-14
0
9.15728e-15
0
0
0
0
0
0
0
0
0
0
0
0
0
0
5.47385e-15
0
0
-5.12817e-31
0
-5.48075e-17
0
0
0
0
0
0
0
0
0
0
0
0
0
0
0
0
0
0
0
0
0
0
-6.39136e-15
0
0
0
0
0
0
0
0
0
0
0
0
0
0
0
0
0
0
0
0
0
0
0
0
-2.03112e-16
4.62094e-17
0
0
0
0
0
0
0
2.56135e-17
-1.76891e-17
0
0
0
0
0
0
0
0
0
0
0
0
0
0
0
0
0
0
0
0
-4.48194e-15
1.56944e-14
0
0
0
0
0
0
0
0
0
0
0
0
0
0
0
0
0
0
0
0
0
0
0
0
0
0
-1.54207e-15
-3.56866e-17
0
0
8.1174e-15
0
0
0
0
0
0
0
0
0
0
0
0
-4.01461e-15
0
0
0
0
0
0
0
0
0
0
0
0
0
0
0
0
0
0
0
0
1.29857e-16
0
0
0
0
0
0
0
0
0
0
0
0
0
0
0
0
0
0
0
0
0
0
0
0
0
0
0
0
0
0
0
0
0
0
0
0
0
0
0
0
0
0
0
0
0
0
0
0
0
0
0
0
0
0
0
0
0
0
0
0
0
0
0
0
0
0
0
0
0
0
0
0
0
0
0
0
0
0
0
0
0
0
0
0
0
0
0
0
0
0
0
0
0
0
0
0
0
0
0
0
0
0
0
0
0
0
0
0
0
0
0
0
0
0
0
0
0
0
0
2.62362e-17
-6.99284e-16
0
4.87074e-16
-1.07351e-16
0
0
0
0
0
0
5.52408e-16
0
0
0
2.08903e-18
3.66497e-17
-4.2621e-17
0
0
5.08866e-16
0
0
4.45491e-19
1.54033e-17
0
0
5.09818e-31
0
0
0
0
1.28017e-31
0
0
0
0
0
0
0
0
0
0
0
0
0
0
0
0
0
0
0
0
0
0
0
0
0
0
0
0
0
0
0
0
0
-2.50479e-14
0
0
0
0
0
0
0
0
0
0
0
0
0
0
0
0
0
-9.50621e-18
-6.31644e-19
0
0
0
0
0
0
0
0
0
0
0
0
0
0
0
0
0
0
0
0
0
0
0
0
0
0
0
0
0
0
0
0
0
0
0
0
0
0
0
-7.49364e-14
-1.53545e-30
0
0
0
0
0
0
0
0
0
0
-5.22954e-16
-4.81485e-16
0
0
0
0
0
-1.16766e-15
0
0
0
0
1.54005e-14
1.53871e-19
0
0
0
0
0
0
0
0
0
0
0
0
0
0
0
0
0
0
0
0
0
0
-1.78854e-17
0
-3.34991e-18
4.09801e-14
7.49401e-14
-2.6885e-13
0
0
0
0
0
0
0
0
0
0
0
0
0
0
0
0
0
0
0
0
0
0
0
4.42223e-14
0
0
0
0
0
0
9.38648e-09
0
-7.13554e-08
0
0
0
0
0
0
0
0
0
-2.47999e-16
2.29314e-15
0
0
0
0
0
0
0
0
0
0
0
0
0
0
0
0
0
0
0
0
0
0
0
0
0
0
0
0
0
0
0
0
0
0
0
0
0
0
0
0
0
0
0
0
0
0
0
0
0
0
0
0
0
0
0
0
0
0
0
-4.36681e-16
0
1.31953e-31
0
0
0
0
0
0
0
0
0
0
0
-3.67085e-14
0
0
0
0
0
0
0
0
0
0
0
0
0
0
7.56933e-15
0
0
0
0
0
0
0
0
0
0
0
0
0
0
0
0
0
0
0
0
0
0
0
0
0
0
0
0
0
0
0
0
0
0
-1.15112e-14
0
0
0
0
0
0
0
0
0
0
0
0
0
0
0
1.07142e-15
0
0
0
0
0
0
0
0
0
0
0
0
0
0
0
0
0
0
0
0
0
0
0
7.62655e-17
3.00862e-16
0
0
-4.67253e-16
0
0
0
0
0
0
0
0
0
0
0
0
0
0
0
0
0
0
0
0
0
0
0
0
0
0
0
0
0
0
0
0
0
0
0
0
0
0
0
0
0
0
0
0
0
0
0
0
0
0
0
0
1.23633e-14
0
0
0
0
0
0
0
0
0
0
-1.27559e-16
0
0
0
0
0
0
1.84103e-15
-3.01191e-17
-9.86269e-18
-7.32959e-16
0
0
0
0
0
0
0
0
0
0
0
0
0
0
0
-2.76321e-17
0
0
0
0
0
0
0
0
0
0
0
0
2.12666e-14
-2.90504e-14
0
0
0
0
0
0
0
0
0
0
0
0
0
0
7.375e-16
1.80867e-19
0
0
0
0
0
0
0
3.14252e-16
0
0
0
0
2.00799e-19
0
-4.60246e-14
0
0
0
3.55576e-14
1.3993e-14
0
0
0
0
0
0
0
0
0
0
0
5.2684e-15
0
-2.81314e-15
0
0
0
0
0
0
0
0
0
0
0
1.73751e-15
0
0
0
0
5.51796e-15
3.78971e-15
0
0
0
-6.10608e-08
8.44406e-17
0
0
0
0
0
0
0
0
0
0
0
0
0
0
0
0
0
0
0
0
0
0
0
0
0
0
0
0
0
0
0
0
0
0
0
0
0
0
0
0
-7.87858e-17
-3.70623e-16
0
0
0
0
0
0
0
0
0
0
0
0
0
0
0
0
0
0
-3.7354e-17
0
0
0
0
0
0
0
0
0
0
0
0
0
0
0
0
0
0
0
0
0
0
0
0
0
0
0
1.61362e-16
0
0
0
0
0
0
0
0
0
0
0
0
0
0
0
0
0
0
0
0
0
0
0
0
0
0
-5.47489e-16
0
1.57817e-15
3.03163e-16
0
0
2.46789e-14
-2.00919e-14
0
0
0
0
0
0
0
0
0
0
0
0
0
0
0
2.05127e-30
0
0
0
0
0
0
0
0
0
0
0
0
0
0
0
0
0
0
0
0
0
-4.96257e-16
0
0
0
0
0
0
0
0
0
0
0
0
0
0
0
0
0
1.80953e-15
0
0
0
0
0
0
0
0
0
0
0
0
0
0
0
1.95074e-17
0
-1.72509e-15
0
0
0
-3.27443e-29
0
0
0
0
0
0
0
0
0
0
0
0
-1.41056e-14
1.60111e-16
0
0
0
0
0
0
0
0
0
0
0
0
0
0
0
0
0
0
0
0
0
0
0
0
0
0
0
0
0
0
2.54376e-16
2.98388e-16
0
0
0
0
0
0
0
0
0
0
0
0
0
0
0
1.56862e-18
0
0
0
0
0
0
0
0
-1.78588e-14
-3.89376e-16
0
0
0
0
0
0
0
0
0
0
0
0
0
0
0
0
0
0
0
0
0
0
8.6802e-14
5.45889e-14
1.24691e-14
5.74853e-16
0
0
0
0
0
0
0
0
0
0
0
0
0
0
0
0
0
0
0
5.80963e-14
0
0
0
0
-6.50674e-15
0
0
0
0
0
0
0
0
0
0
0
-5.12817e-31
3.51562e-17
0
0
0
2.12768e-14
-4.62519e-15
0
0
0
0
0
0
0
0
0
0
0
0
0
0
0
3.86213e-16
-8.8805e-17
-3.391e-16
2.86144e-18
-9.95922e-16
-1.80102e-17
0
0
0
0
0
0
0
0
0
0
0
0
0
0
0
0
0
0
0
0
0
0
0
2.42948e-14
0
0
0
0
0
0
0
0
0
0
0
0
0
0
0
0
0
0
0
8.1752e-16
0
1.77912e-16
0
0
0
0
0
0
0
0
0
0
0
0
0
0
0
0
0
0
0
0
0
0
0
0
0
0
0
0
0
0
0
0
0
0
0
0
0
0
0
0
0
0
0
0
0
0
0
0
0
0
0
0
0
0
0
2.27506e-14
0
0
0
0
0
0
0
0
0
0
0
0
0
0
0
0
0
0
0
0
0
1.21438e-15
0
0
0
0
0
0
0
0
0
0
0
0
0
0
0
0
0
0
0
0
0
0
0
0
0
0
0
0
0
0
0
0
0
0
0
0
0
0
0
0
0
0
0
0
0
0
0
0
0
0
0
0
0
0
0
-5.97194e-08
0
0
0
0
0
0
0
0
0
1.31942e-16
0
0
0
0
0
0
0
0
0
0
0
0
0
0
0
0
0
0
0
0
0
0
0
0
0
9.27092e-16
0
0
0
0
0
0
0
0
0
0
0
2.69269e-17
0
0
0
0
0
0
0
3.5277e-14
1.36638e-14
0
0
0
0
0
0
0
0
0
0
0
0
0
0
0
2.09295e-17
0
0
0
0
0
0
0
0
0
0
0
0
0
0
0
0
0
0
0
0
0
0
0
0
0
0
0
0
0
0
0
0
0
0
0
0
0
0
0
2.33656e-15
0
0
0
0
0
2.40257e-15
0
0
0
0
0
0
0
0
0
0
0
0
0
0
0
0
0
0
0
0
0
0
0
0
0
0
0
0
0
0
0
0
0
0
0
0
0
0
0
0
0
0
0
0
0
0
0
0
0
0
0
0
0
0
0
0
0
0
0
0
0
0
0
0
0
0
0
0
0
0
0
0
0
0
0
-1.47932e-15
0
0
0
0
8.53491e-16
2.91749e-14
0
-7.99946e-14
0
0
0
0
0
0
0
0
-3.69318e-16
0
0
0
0
1.98302e-18
0
0
0
0
0
0
0
0
0
0
0
0
0
0
0
0
0
0
0
0
0
0
0
0
0
0
0
0
0
0
0
0
0
0
0
0
0
0
0
0
0
0
0
0
0
0
0
0
0
0
0
0
0
0
0
0
0
0
0
0
0
0
0
0
0
0
0
0
0
0
0
0
0
0
0
5.20851e-16
-2.57158e-31
0
0
0
0
8.18361e-18
-4.70588e-17
-9.85776e-18
0
0
0
0
0
0
0
0
0
0
0
0
0
0
0
0
0
0
0
0
0
0
0
0
0
0
0
0
0
0
0
0
0
0
-2.85959e-15
0
0
0
0
0
0
0
0
0
0
0
0
0
0
0
0
0
0
0
0
0
0
0
0
0
0
0
0
0
0
0
0
-4.12164e-17
0
0
0
0
0
0
0
0
0
0
0
0
0
0
0
0
0
0
0
0
0
0
0
0
0
0
0
0
0
0
0
0
0
0
0
0
0
0
0
0
0
0
0
0
0
0
0
-2.05185e-15
0
0
0
0
0
0
2.16433e-17
-1.01679e-16
-3.11574e-17
0
0
0
0
0
0
0
0
0
0
0
0
0
0
0
0
0
0
0
3.24284e-14
0
0
0
0
0
0
0
0
0
0
0
0
0
0
0
0
0
0
0
0
0
0
0
0
0
0
0
0
0
0
0
0
0
0
0
0
0
0
0
0
0
0
0
0
0
0
0
0
0
0
0
0
0
0
0
0
0
0
0
0
0
0
0
0
0
0
0
0
0
0
0
-4.67505e-16
-1.19957e-32
0
0
0
6.50926e-14
0
0
0
0
0
0
0
0
-1.35785e-15
0
0
0
0
0
0
0
0
0
0
0
0
0
0
0
0
0
0
0
0
0
0
0
0
0
0
0
0
0
0
0
0
0
0
0
0
0
0
0
0
0
0
0
0
0
0
0
0
0
0
0
0
0
0
0
0
0
0
0
0
0
0
0
0
0
0
0
0
0
0
0
0
0
0
0
0
0
0
0
0
0
0
0
0
0
0
0
0
0
0
0
0
0
0
0
0
0
0
0
0
0
0
0
-2.88799e-17
3.01598e-17
0
0
0
0
0
0
0
0
0
0
0
0
0
0
0
0
0
0
0
0
0
0
0
0
0
0
0
0
0
0
0
-3.69115e-16
-3.17518e-16
0
0
0
0
0
0
3.6856e-17
2.64015e-15
0
0
3.42279e-15
0
0
0
4.7597e-14
0
-1.654e-14
0
0
0
0
0
0
0
0
0
0
0
0
0
0
0
0
0
0
0
0
0
0
0
0
0
0
0
0
0
0
4.86297e-16
0
0
0
0
0
0
0
0
0
0
0
0
0
0
0
0
0
0
0
0
0
0
0
0
0
0
3.60066e-16
-1.27022e-14
1.56426e-14
0
0
0
0
0
0
0
0
0
0
0
0
0
0
0
0
0
0
0
0
0
0
0
0
0
0
0
0
0
0
0
0
0
0
0
0
0
0
0
-2.04192e-17
0
-8.12435e-17
0
0
0
0
0
0
1.01661e-17
0
8.16323e-17
0
0
0
0
0
0
0
0
0
0
0
0
0
0
0
0
0
0
0
0
0
-3.13988e-16
0
0
0
0
0
0
0
0
0
0
0
0
0
0
0
0
0
0
0
0
1.86747e-16
-6.0493e-16
0
0
0
0
0
0
0
0
0
0
0
0
0
0
0
0
0
0
0
0
0
0
0
0
0
0
0
0
0
0
0
0
0
0
0
0
0
0
0
0
0
0
0
0
0
0
0
0
0
0
0
0
0
0
0
0
0
0
0
0
0
0
0
0
0
0
0
0
0
0
0
0
0
0
0
0
0
0
0
0
0
0
0
0
0
0
0
0
0
0
0
0
0
0
0
0
0
0
0
0
0
0
0
0
0
0
0
0
0
0
0
0
0
0
0
0
0
0
0
0
0
0
0
0
0
0
0
3.34104e-17
0
0
0
0
0
2.16177e-17
0
0
0
0
0
0
0
0
0
0
0
0
0
0
0
0
0
0
0
0
0
0
0
0
0
0
0
0
0
0
0
0
0
0
0
0
0
0
0
0
0
0
0
0
0
0
0
0
0
0
0
0
0
0
0
0
0
0
0
0
0
0
0
0
0
0
0
0
0
0
0
0
0
0
0
0
0
0
0
0
0
0
0
0
0
0
0
0
0
0
0
0
0
0
0
0
0
0
0
0
0
0
0
0
0
8.65834e-16
1.49058e-16
0
0
0
0
0
0
0
0
0
0
0
0
0
0
0
0
0
0
0
0
0
0
0
0
0
0
0
0
0
0
0
0
0
0
0
0
0
0
0
0
0
0
0
0
0
0
0
0
0
0
-1.02419e-14
-2.49746e-16
0
0
0
0
0
0
0
0
0
0
0
0
0
0
0
0
0
0
0
0
0
0
0
0
0
0
0
0
0
0
0
0
0
0
0
0
0
0
0
0
4.01488e-14
4.68813e-14
6.65408e-14
-1.29699e-13
7.54924e-14
0
0
0
0
0
0
0
0
0
0
0
0
0
0
0
0
0
0
0
0
0
0
0
0
0
0
0
0
0
0
0
0
0
0
0
0
0
0
0
-2.45665e-16
0
0
0
0
0
0
-1.689e-29
0
0
0
0
0
0
0
0
0
0
0
0
0
0
0
0
0
0
0
0
0
0
0
0
0
0
0
0
0
0
0
0
0
0
9.43585e-17
-6.57942e-17
0
0
0
0
0
0
0
0
0
0
0
0
0
0
0
0
0
0
0
0
0
0
0
0
0
0
0
0
0
0
0
0
0
0
0
0
0
0
0
0
0
0
0
0
0
0
0
0
0
0
0
0
0
1.59939e-14
0
0
0
0
0
0
0
0
-4.80759e-08
0
0
0
0
0
0
0
0
0
0
0
0
0
0
7.25173e-15
1.62719e-14
0
0
5.11168e-17
-9.34513e-18
0
0
0
0
0
0
0
0
0
0
0
0
0
0
0
0
0
0
0
0
0
-4.46808e-14
0
0
0
0
0
0
0
0
0
0
0
0
0
0
0
0
0
0
0
0
0
0
0
0
0
0
0
0
0
0
0
0
0
0
0
0
0
0
0
0
0
0
0
0
0
0
0
0
0
0
0
0
0
-6.5674e-15
-1.04876e-16
0
0
0
0
0
0
-9.44097e-18
0
0
0
0
0
0
0
0
0
0
0
0
0
0
0
0
0
0
0
0
0
0
0
-9.99643e-34
0
0
0
0
0
0
0
0
0
0
0
0
0
0
0
0
0
0
0
0
0
0
0
0
0
0
0
0
0
0
0
0
0
0
0
0
0
0
0
0
0
0
0
0
0
0
0
0
0
0
0
0
0
0
0
0
0
0
0
0
0
0
0
0
-1.96431e-16
-5.50107e-16
0
0
0
0
0
0
0
0
0
0
0
0
0
0
0
0
0
0
0
0
0
0
0
0
0
0
0
0
0
0
0
0
0
0
0
0
-1.16375e-14
0
0
0
0
2.7192e-15
0
0
0
0
0
0
0
0
0
0
0
0
-8.66071e-16
1.84391e-15
0
0
0
1.02559e-16
-1.56963e-16
0
0
0
0
0
0
0
0
0
0
0
0
0
1.20785e-15
0
0
0
0
0
0
0
0
0
0
0
0
0
0
0
0
0
0
0
0
0
0
0
0
0
0
0
0
0
0
0
0
0
0
0
0
0
0
0
0
0
0
0
0
0
0
0
0
0
0
0
0
0
0
0
0
0
0
0
0
0
0
0
0
0
0
0
0
0
0
0
0
0
0
0
0
0
0
0
0
0
0
0
0
0
0
0
0
0
0
0
0
0
0
0
0
0
0
0
0
0
0
0
0
0
0
0
0
0
0
0
0
0
0
0
0
0
0
0
0
0
0
0
0
0
0
0
0
0
0
0
0
0
0
0
0
0
0
0
0
0
0
0
0
0
0
0
0
0
0
0
0
0
0
0
0
0
0
0
0
0
0
0
0
0
0
0
0
0
0
0
0
0
0
0
0
0
0
0
0
0
0
0
0
0
0
0
0
0
0
0
0
0
0
0
0
0
0
0
0
0
0
0
0
0
0
0
-1.05152e-15
0
0
0
0
0
0
0
0
0
0
0
0
0
0
0
0
0
0
0
0
0
0
0
0
0
0
0
0
0
0
0
0
0
0
0
0
0
0
0
0
0
0
0
0
0
0
0
0
0
0
0
0
0
0
0
0
-6.73759e-18
0
0
0
0
0
0
0
0
0
0
0
0
0
0
0
0
0
0
0
0
0
0
0
0
0
0
0
0
0
0
0
0
0
0
1.383e-15
0
0
0
0
7.42755e-16
0
0
0
0
0
0
0
0
0
0
0
0
0
0
0
0
-1.58043e-16
0
0
0
0
0
0
0
0
6.11199e-17
0
0
0
0
0
0
0
0
0
0
0
0
0
0
0
0
0
0
0
0
0
0
0
0
0
0
0
0
0
0
0
0
0
0
0
0
0
0
0
0
0
-5.51956e-17
0
0
0
0
0
0
0
0
0
0
0
0
0
0
0
0
0
0
0
0
0
0
0
0
0
0
0
0
0
0
0
0
-1.76006e-16
0
0
0
0
0
0
0
0
0
0
0
0
0
0
0
0
0
0
0
0
0
0
0
0
0
0
0
0
0
0
0
0
0
0
0
0
0
0
0
0
0
0
0
0
0
0
0
0
0
0
0
0
0
0
0
0
0
0
0
0
0
0
0
0
0
0
0
0
0
0
0
0
0
0
6.21903e-16
0
0
0
0
0
0
0
0
0
8.17399e-15
0
0
0
0
0
0
0
0
0
-5.21672e-16
0
0
0
0
0
0
-2.22682e-15
0
0
0
0
0
0
0
0
0
0
0
0
0
0
0
0
0
0
0
0
0
0
0
0
0
0
0
0
0
0
0
0
0
0
0
0
0
-1.15234e-14
0
0
0
0
0
0
0
0
0
0
0
0
0
0
0
0
0
0
0
0
0
0
0
0
0
0
0
0
0
0
0
0
0
0
0
0
0
0
0
0
0
0
0
0
0
0
0
0
0
0
0
0
0
0
0
0
0
0
0
0
0
0
0
0
0
0
0
0
0
0
0
0
9.92607e-16
0
0
0
0
0
0
0
0
0
0
0
0
0
0
0
0
0
0
0
0
0
0
0
0
0
0
0
-1.24265e-17
3.15739e-17
0
0
0
0
0
0
0
0
0
0
0
0
0
0
0
0
0
0
0
0
0
0
0
0
0
0
0
0
0
0
0
0
0
0
0
0
0
0
0
0
0
0
0
0
0
0
0
0
0
0
0
0
0
0
0
0
0
0
0
0
0
0
0
0
0
0
0
0
0
-5.17355e-16
5.38033e-17
-1.15881e-14
0
0
0
0
0
0
0
0
0
0
-7.36114e-14
0
0
0
0
0
0
3.5859e-16
0
0
0
0
0
0
0
0
0
0
0
0
0
0
0
0
0
0
0
0
0
0
0
0
0
0
0
0
8.9319e-15
0
0
0
0
0
0
0
0
0
0
0
0
0
0
0
0
1.73048e-16
0
0
0
0
0
0
0
0
0
0
0
0
0
0
0
0
0
0
0
0
0
0
0
0
0
0
0
0
0
0
0
0
0
0
0
0
0
0
0
0
0
-3.72813e-17
0
0
0
0
0
0
0
0
0
0
0
0
0
0
0
0
0
0
0
0
0
0
0
0
0
0
0
0
0
0
0
0
0
3.29015e-17
2.034e-16
0
0
0
8.39086e-17
0
0
0
0
0
0
0
0
0
0
0
0
0
0
0
0
0
0
0
0
0
0
0
0
0
0
0
0
0
0
0
0
0
0
0
0
0
0
0
0
4.9707e-14
0
-6.6513e-15
6.45831e-15
1.46393e-15
-7.10758e-17
0
0
0
0
0
0
5.17621e-18
-2.35042e-16
1.371e-17
0
0
0
0
0
0
0
0
0
0
0
0
0
0
0
0
0
-4.0167e-14
-2.51733e-14
-5.87608e-16
0
0
0
0
0
0
0
0
0
0
0
0
0
0
0
0
0
0
0
0
0
0
0
0
0
0
0
0
0
0
0
0
0
0
0
0
0
0
0
0
0
0
0
0
0
0
0
0
0
0
0
0
0
0
0
0
0
0
0
0
0
0
0
0
0
0
0
0
0
0
0
0
0
0
0
0
0
0
0
0
0
0
0
0
0
0
0
0
0
-8.57794e-15
7.95134e-15
-4.22228e-17
0
0
0
0
0
0
0
0
0
0
0
0
0
0
0
0
0
0
0
0
0
0
0
0
0
0
0
0
0
0
0
0
0
0
0
0
0
0
0
0
0
0
0
0
0
0
0
0
0
0
0
-2.81295e-14
0
3.57238e-14
0
0
0
-7.23136e-15
-9.92673e-14
0
0
0
0
0
0
0
0
0
0
0
1.79923e-14
0
0
0
0
0
0
0
0
0
0
0
0
0
0
0
-1.68888e-17
0
0
0
0
0
0
0
0
0
0
0
0
0
0
0
0
0
0
0
0
0
0
0
0
0
0
0
0
0
0
0
0
0
0
0
0
0
0
0
0
0
-7.5348e-17
0
0
0
0
0
0
0
0
0
0
0
-1.15378e-16
0
0
0
0
0
0
0
0
0
0
0
0
0
0
0
0
0
0
0
4.06124e-15
0
0
0
0
0
0
0
0
0
0
0
0
-2.21713e-14
-1.07458e-14
0
0
0
0
0
0
0
0
0
0
0
0
0
0
0
0
0
0
0
0
0
0
0
0
0
0
0
0
0
0
0
0
0
0
0
0
0
0
0
0
0
0
0
0
0
0
0
0
0
0
0
0
0
0
0
0
4.84969e-17
-5.65371e-16
1.16473e-18
0
0
0
0
0
0
0
0
0
0
0
3.58109e-16
0
0
0
0
0
0
0
0
0
0
0
0
0
0
0
0
0
0
0
0
0
0
0
0
0
0
0
0
0
0
0
0
0
0
-2.65441e-15
0
0
0
0
0
0
-4.44706e-14
2.15539e-14
0
-4.58284e-15
0
7.94824e-18
0
0
0
0
0
0
0
0
0
0
0
0
0
0
0
0
0
0
3.69906e-17
0
0
0
0
0
0
0
0
0
0
0
0
0
0
0
0
0
0
0
0
0
0
0
0
0
0
0
0
0
0
0
0
0
0
0
0
-5.3633e-17
0
0
0
0
0
0
0
0
-2.38925e-14
-1.33493e-14
0
0
0
0
0
0
0
0
0
0
0
0
0
0
0
0
0
0
-1.09615e-14
4.41041e-15
0
0
0
0
0
0
0
0
0
0
0
0
0
0
-3.91443e-14
7.32544e-14
0
0
0
1.99951e-14
0
0
4.25544e-16
1.3146e-17
0
0
0
0
0
0
0
0
0
0
0
0
0
0
0
0
0
0
0
0
0
0
5.9853e-17
0
0
-1.27323e-14
0
0
0
0
0
0
0
0
0
0
0
0
0
0
0
0
0
-7.34739e-14
0
0
0
0
0
0
0
0
0
0
0
3.96525e-14
0
-7.00795e-14
0
0
0
0
0
0
0
0
0
0
0
0
-2.54909e-31
0
0
0
0
0
0
0
0
0
0
0
0
0
0
0
0
0
0
0
0
1.58173e-17
0
0
2.59615e-14
0
0
0
0
0
0
0
0
0
0
0
3.76692e-15
0
0
0
0
0
0
0
0
0
0
0
0
0
0
0
0
0
0
0
0
0
0
0
2.56249e-15
-8.76473e-17
0
0
0
0
0
0
0
0
0
0
0
0
0
0
0
0
0
0
0
0
0
0
0
2.91815e-16
0
0
2.32845e-15
0
0
0
0
0
0
0
0
0
0
-7.2117e-17
-5.97882e-17
0
0
0
0
0
0
0
0
0
0
0
0
0
0
0
0
0
0
0
0
7.40876e-15
0
0
0
0
0
0
0
0
0
0
0
0
0
0
0
-1.49749e-14
0
0
0
0
0
0
0
0
0
0
0
-2.57254e-14
2.35879e-15
0
0
0
0
0
0
0
0
0
0
0
0
0
0
0
0
0
0
0
0
0
0
0
0
0
0
1.04658e-14
0
0
3.74062e-14
-5.86031e-16
2.68842e-16
0
0
0
0
0
0
0
0
0
0
0
0
0
0
0
0
0
0
0
0
0
0
0
0
0
0
0
0
0
1.03545e-14
1.3767e-16
0
0
0
0
0
0
0
0
0
0
0
0
0
0
0
0
0
0
0
0
0
0
0
0
0
0
0
0
0
0
0
0
0
0
0
0
0
0
0
0
0
0
0
0
0
0
0
0
0
0
0
0
1.23487e-15
0
0
0
0
0
2.59117e-14
0
-1.03837e-15
-2.96467e-14
0
0
0
0
0
0
0
0
0
0
0
0
0
9.76004e-14
2.16169e-14
-2.6247e-13
0
0
0
2.49407e-14
-4.21324e-14
0
0
0
0
0
0
0
0
0
0
0
0
0
0
0
0
0
0
0
0
0
0
0
0
0
0
0
0
0
0
0
0
0
-7.1083e-15
0
0
0
0
0
0
0
0
0
-1.96009e-15
-2.99092e-14
0
0
0
0
0
0
0
0
-6.9884e-15
1.80111e-14
0
0
0
0
0
-8.29959e-17
9.61979e-18
0
0
0
0
0
0
0
0
0
0
0
0
0
0
0
0
0
0
0
0
0
0
0
0
0
0
0
0
0
0
0
0
0
0
0
0
0
0
0
0
0
0
0
0
0
0
0
0
0
0
0
0
0
0
0
-3.79507e-14
0
0
0
0
0
0
0
0
0
0
0
0
0
0
0
5.67496e-15
-5.62753e-15
0
0
0
0
0
0
0
0
4.34784e-16
0
-4.99331e-14
0
0
0
0
0
0
0
0
0
0
0
0
-3.25118e-14
0
0
0
0
0
0
0
0
0
0
0
0
0
0
0
0
0
0
0
0
0
0
-5.01022e-15
4.75672e-14
0
0
0
0
0
0
0
0
0
0
0
0
0
0
0
0
0
0
0
0
0
0
0
0
0
0
0
0
-4.06039e-14
0
0
0
0
0
0
0
0
0
3.22445e-29
0
-2.04633e-14
0
0
0
0
0
0
0
0
0
6.49575e-14
0
1.22129e-14
0
0
0
0
0
0
0
0
0
3.4382e-16
2.67388e-16
0
0
0
-2.49631e-16
1.11023e-15
0
0
0
0
0
0
0
0
0
0
0
0
0
0
-4.30635e-16
1.62464e-15
0
0
0
0
0
0
0
0
0
0
0
0
0
0
-4.25083e-16
0
0
0
0
0
0
0
0
0
0
0
0
0
0
0
0
0
0
0
0
0
0
0
0
-2.74448e-16
1.88448e-17
0
0
0
0
0
0
0
0
0
0
-2.7372e-17
-2.52364e-16
0
0
0
0
0
0
0
0
0
0
0
0
0
0
0
0
0
0
0
0
0
0
0
0
0
0
0
0
0
0
0
-6.39542e-14
0
0
0
0
0
0
0
0
0
0
1.56464e-16
0
0
0
0
0
0
0
0
0
0
0
0
-1.28954e-31
-4.23713e-16
0
0
0
0
-9.60754e-17
-4.64172e-17
0
0
0
0
0
0
0
-3.60145e-14
0
0
0
0
0
0
0
0
0
0
0
0
0
0
0
0
0
0
0
0
0
0
0
0
0
0
0
0
0
0
0
0
0
0
0
0
0
0
0
0
0
0
0
0
0
0
0
0
0
1.16384e-14
-9.91378e-14
0
0
0
0
0
0
0
0
0
0
0
0
0
0
0
0
0
0
0
0
0
0
0
0
0
-1.60684e-14
-3.87302e-14
0
0
0
0
0
0
0
0
0
0
0
0
0
0
0
0
0
0
0
0
0
0
0
0
0
0
0
0
0
0
0
0
0
0
0
0
0
0
0
0
0
0
0
0
0
0
0
0
0
0
0
0
0
0
0
0
0
0
0
0
0
0
0
0
0
0
0
0
0
0
0
0
0
0
0
1.4841e-16
2.80379e-16
0
0
0
0
0
0
0
0
0
0
0
-2.76225e-16
-7.96679e-17
0
0
0
-2.43151e-15
0
0
0
0
0
0
0
0
0
0
0
0
0
0
0
0
0
0
0
8.29617e-17
0
0
0
0
0
0
0
0
0
0
0
0
0
0
0
0
0
0
0
0
0
0
0
0
0
0
0
0
0
0
0
0
0
0
0
0
0
0
0
0
0
0
0
0
0
0
0
0
-1.99388e-15
-4.14277e-15
0
2.56408e-31
2.00613e-16
0
0
0
0
0
0
0
0
0
0
3.66474e-14
0
0
0
6.48739e-16
0
0
0
-9.79599e-17
0
0
0
0
0
0
0
0
0
0
0
0
0
0
0
0
0
0
0
0
0
0
0
0
0
0
0
0
0
0
0
0
0
0
0
0
-1.08387e-14
0
-4.13604e-14
0
0
0
0
0
1.16266e-15
0
0
0
0
0
-8.40047e-16
5.97546e-17
0
0
0
0
0
0
5.88586e-14
0
0
0
0
0
0
0
0
0
0
0
0
0
0
-2.93435e-14
0
0
0
0
0
0
0
0
0
0
0
0
0
0
0
0
0
0
0
0
0
0
0
0
0
0
0
0
0
0
3.18847e-15
0
0
0
0
0
0
0
0
0
0
0
0
0
0
0
0
0
0
0
0
0
0
0
0
0
0
0
0
-9.77402e-16
0
0
0
0
0
0
0
0
0
0
0
0
0
0
0
0
0
0
0
0
0
0
0
0
0
0
0
0
0
0
-1.00542e-17
0
0
0
0
0
0
0
0
0
0
0
0
3.34526e-17
0
0
0
-1.65818e-15
0
0
0
-3.4902e-14
0
0
-3.01062e-17
-8.25358e-16
0
0
0
0
0
0
0
0
0
0
0
0
0
0
0
0
-4.20142e-15
0
0
0
0
0
1.88012e-14
-3.59113e-14
0
0
0
0
0
0
-2.47136e-14
0
-1.88659e-15
0
0
0
0
0
0
0
0
0
0
-2.47265e-14
1.64421e-29
0
0
0
0
0
0
0
0
0
0
0
0
0
0
0
0
0
0
0
0
-1.56917e-14
0
0
0
0
0
0
0
0
0
0
0
0
0
0
0
0
0
0
0
0
0
0
0
0
0
0
0
0
0
0
0
0
0
0
0
0
0
0
0
0
1.75234e-17
0
-4.75844e-14
0
0
0
0
0
0
0
1.902e-15
-1.9879e-14
0
0
0
0
0
0
-7.14374e-15
0
-5.04874e-14
0
0
0
0
0
0
0
0
0
0
0
0
0
0
0
0
0
0
0
0
0
0
0
0
0
0
0
0
0
0
0
0
0
0
0
0
0
0
0
0
0
0
0
0
0
0
0
0
0
0
0
0
0
0
0
0
0
0
0
0
0
0
0
0
0
-6.53885e-16
0
0
0
-7.41393e-17
0
0
0
0
0
0
0
0
0
-6.12175e-17
0
0
0
0
0
0
0
-5.34443e-16
0
7.72902e-16
0
0
0
0
0
0
0
0
0
0
0
0
0
0
0
0
0
0
0
0
0
0
0
-5.96908e-16
0
0
0
0
0
0
0
0
0
0
0
0
0
0
0
0
0
0
0
0
0
0
0
0
0
0
0
0
0
0
0
0
0
0
0
0
0
0
0
0
0
0
0
0
0
0
0
0
0
0
0
0
0
0
0
0
0
0
0
0
0
0
0
0
0
0
0
0
0
0
0
0
0
0
0
0
0
0
0
0
0
0
0
0
0
0
0
0
0
0
0
0
0
0
0
0
0
0
0
0
0
0
0
0
0
0
0
0
0
0
0
0
0
0
0
0
0
0
0
0
0
0
0
0
0
0
0
0
0
0
1.48294e-17
0
0
0
0
0
0
0
0
0
0
0
0
0
0
0
0
0
0
0
0
0
0
0
0
0
0
0
0
0
0
0
0
0
0
0
4.72587e-16
1.01579e-15
0
0
0
0
0
0
0
0
0
0
0
0
0
0
0
0
0
0
0
0
0
-8.63954e-14
1.98008e-14
-1.04373e-15
0
0
0
0
0
0
0
0
0
0
0
0
0
0
0
0
0
0
0
0
0
0
0
0
0
0
0
0
0
0
0
0
0
0
0
0
0
0
0
4.57914e-15
0
0
0
0
0
0
0
0
0
0
1.67123e-15
4.6738e-17
0
0
0
0
0
0
0
6.23241e-15
0
0
0
0
0
0
0
-6.25592e-15
-1.03415e-15
3.97686e-14
0
0
0
0
0
0
0
0
0
0
0
0
0
0
0
0
0
6.69716e-14
-6.4489e-29
-1.72153e-15
3.31742e-16
0
0
0
0
0
0
0
0
0
0
0
0
0
0
0
5.20374e-15
1.59384e-14
0
0
0
0
0
0
0
0
0
0
0
0
0
0
0
0
0
0
0
0
0
-7.50178e-16
0
0
-1.19745e-17
0
0
0
0
0
0
0
0
0
0
0
0
0
0
0
0
0
0
0
0
0
0
0
0
0
0
0
0
0
0
0
0
0
0
0
0
0
0
0
0
0
0
0
0
0
0
0
0
0
0
0
0
0
0
0
0
0
0
0
0
0
0
0
0
1.59544e-15
0
0
0
0
0
0
0
0
1.18779e-14
-3.83737e-14
0
0
0
0
0
0
0
0
0
0
0
0
0
0
0
0
0
0
0
0
0
0
0
0
0
0
0
0
0
0
-1.99396e-14
-3.93637e-14
0
0
0
0
0
0
0
0
0
0
0
0
0
0
0
0
0
0
0
0
0
0
0
0
0
0
0
0
0
0
0
0
0
0
0
0
0
0
0
0
0
0
0
0
0
0
0
0
-3.31931e-16
0
0
0
0
0
0
0
8.11638e-15
-1.75348e-14
0
0
0
0
0
0
0
0
0
0
0
0
1.07216e-14
-4.26445e-14
0
0
0
0
0
0
0
0
0
0
-5.65107e-17
1.72225e-16
0
0
0
0
0
0
0
0
0
0
0
0
-3.22356e-15
0
-1.27231e-15
0
0
0
0
0
0
0
0
0
0
0
0
0
0
0
0
0
0
0
0
0
0
0
0
0
0
0
0
0
0
0
-1.35337e-15
-8.23697e-16
0
0
0
0
0
-5.79107e-16
0
0
0
0
0
0
0
0
0
0
0
0
0
0
0
-1.5374e-14
-3.40357e-15
0
-7.91731e-16
0
0
-1.89119e-16
0
0
0
0
0
0
0
0
0
0
0
0
0
0
0
0
0
0
0
0
0
-2.85834e-16
0
0
0
0
0
0
0
0
0
0
0
0
0
0
0
0
0
0
0
0
-8.55387e-17
0
0
0
0
0
5.55695e-16
-1.17043e-14
0
0
0
0
0
0
0
0
0
0
0
0
0
0
0
-3.7429e-18
0
0
0
0
0
0
0
0
0
0
5.97685e-14
0
0
0
0
0
0
0
0
0
0
0
0
0
0
0
0
0
0
0
0
0
0
0
0
0
0
0
0
0
0
0
0
0
4.2514e-16
0
0
0
0
0
0
0
0
0
0
0
0
0
0
0
0
0
0
0
0
0
0
0
0
0
0
0
0
0
0
0
0
0
0
0
0
0
0
0
0
0
0
0
0
0
0
0
0
0
0
0
0
0
0
0
0
0
0
0
0
0
0
0
0
0
0
0
0
0
0
0
0
0
0
0
0
0
0
0
0
0
0
0
0
0
0
0
0
0
0
0
0
0
0
0
0
0
0
0
0
0
0
0
0
0
0
0
0
0
0
0
0
0
0
0
0
0
0
0
0
0
0
0
0
0
0
0
0
0
0
0
0
0
0
0
0
0
6.67977e-16
0
0
0
0
0
0
0
0
0
0
0
0
0
0
0
0
0
0
0
0
0
0
0
0
0
0
0
0
0
0
0
0
0
0
0
0
0
0
0
0
0
0
0
0
0
2.95779e-18
0
0
0
0
0
0
0
0
0
0
0
0
0
0
0
0
0
0
0
0
0
0
0
0
0
0
0
0
0
0
0
0
0
0
0
0
0
0
0
0
0
0
0
0
0
0
0
0
0
0
0
0
0
0
2.33286e-16
4.07854e-30
0
0
0
0
0
0
0
0
0
-6.36746e-15
0
0
0
0
0
0
0
0
0
0
0
0
0
0
5.19705e-16
0
0
0
0
0
0
0
0
0
0
0
0
0
0
0
0
0
0
0
0
0
0
0
0
0
0
0
0
0
0
0
0
0
0
0
0
0
0
0
0
0
0
0
0
0
0
2.24847e-14
-2.18697e-16
0
0
0
0
0
0
0
0
0
0
0
0
0
0
0
0
0
2.40173e-15
-1.90458e-14
0
0
-1.79285e-16
0
0
0
0
0
0
0
-3.85951e-16
-4.10318e-16
0
0
0
0
0
-1.5344e-14
0
0
0
0
0
0
0
0
0
0
0
0
0
0
0
0
0
0
0
0
0
0
0
0
0
0
0
0
0
0
0
0
0
0
0
0
0
0
0
0
0
0
0
0
0
-3.25883e-16
2.20524e-16
0
5.12808e-16
1.69824e-15
0
0
0
0
0
0
0
0
0
0
0
0
0
0
0
0
0
-5.73834e-16
-8.69075e-16
0
0
0
0
0
0
0
0
0
0
0
0
0
0
0
0
0
0
0
0
0
0
0
0
0
0
0
0
0
0
0
0
0
1.27469e-15
0
0
0
0
0
0
0
0
0
0
0
0
0
0
0
0
0
0
0
0
0
0
0
0
0
0
0
0
0
0
0
0
0
0
0
0
0
0
0
0
0
0
0
0
0
0
0
0
0
0
0
0
0
0
0
0
0
0
0
0
0
7.12313e-16
0
0
0
0
0
0
0
0
0
0
0
0
0
0
0
0
0
0
0
0
0
-3.3005e-14
0
0
0
0
0
4.54452e-14
0
0
0
0
0
0
0
0
0
0
0
0
0
0
0
0
0
0
0
0
0
0
0
0
0
0
0
0
0
0
0
0
0
0
0
0
0
0
0
-2.93732e-17
6.80039e-18
0
0
0
0
0
0
0
0
0
0
0
0
0
0
0
0
0
0
0
0
0
0
0
0
0
-1.39976e-16
0
0
0
0
0
0
0
0
0
0
2.46114e-14
0
0
0
0
0
0
0
0
0
2.41364e-15
1.05757e-14
0
0
0
0
0
0
0
0
0
0
0
0
0
0
0
0
-5.1736e-16
0
0
0
0
0
0
0
0
0
0
0
0
0
0
0
0
0
0
0
0
0
0
0
0
0
0
0
0
-1.67202e-15
0
-4.7365e-14
0
0
0
0
0
0
2.28534e-14
-2.71278e-14
-1.24598e-13
0
0
0
0
0
0
0
0
0
0
0
0
0
0
0
0
0
0
0
0
0
0
0
0
0
0
0
0
0
-4.3816e-16
0
0
0
0
0
0
0
0
-2.53432e-14
1.49345e-14
0
0
0
0
0
0
0
0
0
0
0
0
0
0
0
0
0
0
0
0
0
0
0
0
0
0
0
0
0
9.86685e-14
0
-6.66334e-14
0
3.45641e-15
0
0
0
0
0
0
0
0
0
0
3.59713e-14
0
0
0
0
0
0
0
0
0
0
0
0
0
0
0
8.54925e-15
4.76945e-14
0
0
0
0
0
0
0
0
0
0
0
0
0
0
0
0
0
0
-1.66623e-14
0
0
0
0
-5.10245e-14
5.81905e-15
0
0
0
0
0
0
-2.91917e-15
2.51535e-14
0
0
0
0
0
0
0
0
0
0
0
0
0
0
0
0
0
0
0
0
0
0
0
0
0
0
0
0
0
0
0
0
0
0
0
0
0
0
0
0
0
-3.54277e-14
0
0
0
0
0
0
0
0
0
0
0
0
0
0
0
0
0
0
0
-1.41576e-14
9.29724e-14
0
0
0
0
0
0
0
0
0
0
0
-2.47227e-14
0
0
0
1.63308e-14
0
0
0
1.11515e-16
0
0
0
0
0
0
0
0
0
0
0
0
0
0
0
0
0
0
0
0
0
0
0
0
0
8.06743e-14
-6.02739e-14
0
0
0
0
0
0
0
0
0
0
0
0
0
0
0
0
0
0
0
0
0
0
0
0
0
0
0
0
0
0
0
0
0
0
0
0
0
0
0
0
0
0
0
0
0
0
0
0
0
0
0
0
0
0
0
0
0
0
0
0
0
0
0
-3.55067e-16
1.45831e-15
0
0
0
0
0
0
0
0
0
0
1.18623e-14
5.61996e-14
0
0
0
0
0
0
0
0
0
0
0
0
0
0
0
0
0
0
0
0
0
0
0
0
-1.82611e-16
8.73575e-17
0
0
0
0
0
0
0
0
0
0
0
0
0
0
0
0
0
0
0
0
0
0
0
0
0
0
0
0
0
0
0
0
0
4.03294e-16
0
0
0
0
0
0
0
0
0
0
0
0
0
0
0
0
0
0
0
0
0
0
0
0
0
0
0
0
0
3.65053e-17
1.01863e-16
0
0
0
0
0
0
0
0
0
0
0
0
0
0
0
0
0
0
0
0
0
0
0
0
0
0
0
0
0
0
0
0
0
0
0
0
0
0
0
0
0
0
0
0
0
0
0
0
-4.22897e-14
5.96014e-15
2.97909e-17
0
0
0
0
0
0
0
0
-2.21998e-14
0
3.04947e-16
0
0
0
0
0
0
0
0
0
-1.61902e-14
0
0
0
-2.71812e-16
0
0
0
0
0
0
0
0
0
-5.47376e-16
0
0
0
0
0
0
0
0
0
0
0
0
0
0
0
-3.98652e-16
0
0
0
-2.69852e-16
0
0
0
0
0
0
0
0
0
0
0
0
0
0
0
0
0
0
0
0
0
0
0
0
0
0
3.318e-16
0
0
0
0
0
0
0
0
3.27995e-16
0
0
0
0
0
0
7.41585e-19
0
-4.17152e-16
0
0
0
0
0
0
0
0
0
0
0
0
0
0
0
0
0
0
0
0
0
0
0
0
0
0
0
0
0
0
0
0
0
0
0
0
0
0
0
0
0
0
0
0
0
0
0
0
0
0
0
0
-3.59088e-14
0
0
0
0
0
0
0
0
0
0
0
0
0
0
0
0
0
0
0
0
0
0
0
0
0
0
0
0
0
0
0
0
0
0
0
0
0
0
0
0
0
0
0
0
0
0
0
0
0
0
0
0
0
6.07712e-14
0
-4.54962e-14
0
0
0
0
0
0
0
0
0
0
0
0
0
0
0
0
0
0
0
0
0
0
0
0
0
0
0
0
0
0
0
0
0
0
0
0
0
0
0
0
0
2.7828e-15
0
0
0
0
0
0
0
0
0
0
0
0
0
0
-6.18213e-16
0
0
0
0
0
-9.19706e-16
0
0
0
0
0
0
0
0
0
0
0
0
0
0
0
0
0
0
3.57444e-14
0
0
0
0
0
0
0
0
0
0
0
0
0
0
0
0
0
0
0
0
0
0
0
0
0
0
0
0
0
0
0
0
0
0
0
0
0
0
0
0
0
0
0
0
0
0
0
3.30372e-14
0
0
0
0
0
0
0
0
0
0
0
0
0
0
0
0
-3.99235e-16
0
0
0
0
0
0
0
0
0
0
0
0
0
0
0
0
0
0
-4.04165e-17
3.47874e-15
0
0
0
0
0
0
0
0
0
0
0
0
0
0
0
0
0
0
0
0
0
0
0
0
0
0
0
0
0
0
0
0
0
1.20179e-15
0
0
0
0
0
0
0
0
0
0
0
0
0
0
5.31128e-19
0
0
0
0
0
0
0
0
0
0
0
0
0
0
0
0
0
0
0
0
0
0
0
0
0
0
0
0
0
0
0
0
0
0
0
0
0
0
3.00235e-16
0
5.32885e-16
0
0
0
0
0
0
0
0
0
0
0
0
0
0
0
0
0
0
0
0
0
0
0
-3.12796e-16
0
0
0
0
0
0
0
4.98599e-18
0
0
0
0
0
0
0
0
0
0
0
0
0
0
0
0
0
0
0
0
0
0
0
0
0
0
0
0
0
0
0
0
0
0
0
0
0
0
0
0
0
0
0
0
0
0
0
0
0
-3.93784e-14
0
0
0
0
0
0
0
0
0
0
0
0
0
0
0
0
0
0
0
0
0
0
0
0
0
0
0
0
0
0
0
0
0
0
0
0
-1.07882e-17
0
0
0
0
0
-5.93296e-15
0
0
0
0
0
0
0
0
1.16694e-14
0
-1.0631e-14
0
0
0
0
0
0
0
0
0
0
0
0
0
0
0
0
0
0
0
0
0
0
0
0
0
0
0
0
0
0
0
0
0
0
0
0
0
0
0
0
0
0
0
0
0
0
0
0
0
0
0
-1.98173e-14
0
0
0
0
0
2.07487e-15
0
0
0
0
0
0
0
1.03545e-15
0
0
0
0
0
0
0
1.93958e-16
0
0
0
0
0
0
0
0
0
1.33677e-14
0
0
0
0
0
0
0
0
-1.33342e-14
0
0
0
0
0
0
0
0
0
0
0
0
0
0
0
0
0
0
0
0
0
0
0
0
0
0
0
0
0
0
0
0
0
0
0
0
2.08375e-14
0
0
0
-8.76471e-17
0
0
0
0
0
0
0
0
0
0
0
0
0
0
0
0
0
0
0
0
0
0
0
0
0
0
0
-3.02511e-17
8.91038e-17
0
0
0
0
0
0
2.31259e-15
0
0
0
-8.94836e-14
0
0
0
0
0
0
0
0
0
0
0
0
0
0
0
0
0
0
0
0
0
9.16305e-17
-4.76153e-15
0
0
0
-3.66789e-16
8.97496e-15
0
0
-4.46432e-15
0
0
0
0
0
0
0
0
0
0
0
0
0
0
0
0
0
0
0
0
0
0
0
0
0
0
0
0
0
0
0
0
1.1232e-13
0
0
0
0
0
0
0
0
0
0
0
0
0
0
0
0
0
0
0
0
0
0
-1.47723e-18
0
0
0
0
0
0
0
0
0
0
0
0
0
0
0
0
0
0
0
0
0
0
0
0
0
0
0
0
3.0216e-17
0
-8.91431e-16
0
0
0
0
0
0
0
0
0
-1.79688e-14
0
0
0
8.14016e-15
1.37378e-14
0
0
0
0
0
0
0
4.1745e-14
-3.2748e-14
0
0
0
0
0
0
0
0
0
0
0
0
0
0
0
0
0
0
0
0
-2.50596e-16
-9.56458e-15
0
0
0
0
0
0
0
-2.63384e-14
1.81174e-14
0
0
1.08258e-17
0
7.70303e-15
0
0
0
0
0
0
0
0
0
0
0
0
0
0
0
0
0
0
0
0
0
0
0
0
0
0
0
0
0
0
0
0
0
0
0
0
0
0
0
0
0
0
0
0
0
0
0
0
0
0
0
0
0
0
0
0
0
0
0
-3.12486e-14
-6.69125e-14
-6.21575e-15
0
0
0
0
0
-1.15437e-14
0
0
0
0
0
0
0
0
0
0
0
0
0
0
0
0
0
0
0
0
0
0
0
0
0
0
0
0
0
0
0
0
0
0
0
0
0
0
0
3.30122e-29
0
0
0
0
0
0
0
0
0
0
0
0
1.59458e-16
0
0
0
0
0
0
0
0
0
1.65484e-15
0
0
0
0
-1.23318e-13
0
0
0
0
0
0
0
0
0
0
0
0
0
0
0
0
0
-7.10421e-15
-8.40141e-15
-9.32773e-17
0
0
0
0
0
0
0
0
0
0
0
1.54268e-15
-2.02094e-15
0
0
0
0
0
0
0
0
0
0
0
0
0
-1.53357e-14
0
0
0
0
0
0
-1.56127e-14
-8.58296e-14
0
0
0
0
0
0
0
0
0
0
0
0
0
0
-1.67342e-16
-7.64029e-17
0
0
0
0
0
0
0
0
0
0
0
0
0
0
0
0
1.18014e-14
0
0
0
0
0
0
0
0
0
0
0
-1.7612e-14
1.57304e-17
0
0
0
0
0
0
0
1.16495e-14
0
0
0
0
0
0
8.38349e-16
0
0
0
0
0
0
0
1.16204e-15
-1.12237e-15
1.43142e-14
0
0
0
0
0
0
0
0
0
0
0
0
0
0
0
-3.07112e-14
0
0
0
0
0
0
0
0
0
0
0
0
0
0
0
0
0
0
0
0
0
0
0
0
0
0
0
0
0
0
0
0
0
0
0
0
0
0
0
0
0
0
0
0
0
2.00794e-14
3.70322e-15
0
0
0
0
0
0
0
0
0
0
0
0
0
0
0
0
0
0
0
0
0
0
0
0
0
0
0
0
-6.07305e-15
0
-2.20067e-14
-1.05379e-14
0
0
0
0
0
0
0
0
0
0
0
0
0
0
0
0
0
0
0
0
0
0
0
0
0
0
0
0
0
0
0
0
0
0
0
0
0
0
0
0
0
0
0
0
0
0
0
0
0
0
0
0
0
0
0
0
0
0
0
0
0
0
0
0
0
0
0
0
0
0
0
0
0
0
0
-2.1343e-14
0
0
0
0
0
0
0
0
0
0
0
3.10373e-15
3.15134e-15
0
0
0
0
0
0
0
0
0
0
0
0
0
0
0
0
0
0
0
0
0
0
0
0
0
0
0
0
0
0
1.43866e-14
-8.43273e-17
0
4.80759e-08
4.80759e-08
4.38412e-08
5.23106e-08
5.19672e-08
4.41846e-08
6.13672e-08
3.47845e-08
5.73206e-08
3.88312e-08
4.61527e-08
4.99991e-08
4.50488e-08
5.1103e-08
5.77593e-08
3.83925e-08
4.66706e-08
4.94812e-08
5.92456e-08
3.69062e-08
4.80759e-08
4.80759e-08
4.80759e-08
4.80759e-08
4.78358e-08
4.83159e-08
6.1671e-08
3.44807e-08
4.92229e-08
4.69289e-08
5.57105e-08
6.14388e-08
3.4713e-08
5.47767e-08
4.13751e-08
5.27979e-08
4.33539e-08
3.93382e-08
5.68136e-08
4.80759e-08
5.70304e-08
3.91213e-08
4.90754e-08
4.70763e-08
4.80759e-08
4.80759e-08
4.60247e-08
5.0127e-08
4.86365e-08
4.75152e-08
5.84432e-08
3.77086e-08
4.13987e-08
5.47531e-08
4.28818e-08
5.32699e-08
0
0
0
0
0
0
0
0
0
0
0
0
0
0
0
0
0
0
0
2.05059e-14
0
0
0
0
0
0
0
0
0
0
0
0
0
0
0
0
0
0
0
0
0
0
1.70021e-14
-6.39771e-32
0
0
0
-2.20684e-14
0
0
0
0
-7.46869e-15
0
0
0
0
0
0
0
0
0
0
0
0
0
0
0
0
0
0
0
0
0
0
0
0
0
0
0
0
0
0
0
0
0
0
0
0
0
0
0
0
0
0
0
0
2.44514e-14
0
0
0
0
0
0
0
0
0
0
0
0
0
0
0
0
0
0
0
0
0
0
0
0
0
0
0
0
0
0
0
0
0
0
0
0
0
0
0
0
0
0
0
0
0
0
0
3.86976e-08
5.74541e-08
3.8783e-08
5.73688e-08
4.81297e-08
4.80221e-08
0
0
0
0
0
4.39923e-08
5.21595e-08
0
6.2354e-08
3.37978e-08
0
0
-3.9291e-14
0
0
0
0
0
0
4.87448e-08
4.74069e-08
4.80759e-08
4.80759e-08
0
0
0
0
2.46344e-16
9.20101e-17
0
-2.48805e-14
0
0
0
0
0
0
0
0
4.9663e-08
4.64887e-08
0
0
0
0
0
0
0
5.12743e-08
4.48775e-08
4.57906e-08
5.03612e-08
0
-5.62921e-15
3.58818e-16
0
4.2733e-08
5.34187e-08
0
0
0
0
0
0
0
0
0
0
0
0
0
0
0
0
0
0
0
0
0
0
0
0
0
0
5.70109e-08
3.91408e-08
0
0
0
0
0
0
0
0
4.80759e-08
4.80759e-08
0
0
0
0
0
3.23725e-15
-1.63142e-29
4.75968e-08
4.85549e-08
5.14292e-08
4.47226e-08
0
0
0
4.3998e-08
5.21538e-08
0
0
0
0
5.46068e-08
4.1545e-08
0
0
5.76708e-08
3.84809e-08
0
0
0
0
-2.52154e-17
0
0
0
0
0
0
0
0
0
4.88926e-08
4.72592e-08
0
0
0
0
0
0
0
0
0
0
0
0
0
0
0
0
0
4.6834e-08
4.93178e-08
0
0
0
0
5.03865e-08
4.57653e-08
0
4.75698e-08
4.8582e-08
-2.02505e-18
0
0
0
0
0
0
0
6.13977e-08
3.4754e-08
4.36338e-08
4.62915e-08
4.98603e-08
4.80759e-08
4.80759e-08
4.41319e-08
5.20198e-08
4.80759e-08
4.80759e-08
4.78506e-08
4.83012e-08
0
0
0
0
0
0
0
0
0
0
0
0
0
0
0
0
0
0
0
4.80759e-08
4.80759e-08
0
4.70746e-08
4.90772e-08
4.91945e-08
4.69573e-08
0
0
0
0
0
0
5.32366e-08
4.29152e-08
0
0
4.06108e-08
5.5541e-08
4.80759e-08
4.80759e-08
0
0
0
0
0
0
4.7214e-08
4.89377e-08
0
0
0
0
0
0
0
5.45717e-08
4.15801e-08
0
0
0
0
0
0
0
0
4.19551e-16
0
0
4.80759e-08
4.80759e-08
0
0
5.22885e-08
4.38633e-08
-3.74432e-14
3.704e-14
0
0
0
0
0
0
0
6.01926e-08
3.59592e-08
0
0
0
4.80759e-08
4.80759e-08
-2.65275e-14
4.80759e-08
4.80759e-08
0
5.85757e-08
3.7576e-08
0
0
9.64361e-17
0
0
0
0
7.20378e-08
7.15076e-08
-7.15076e-08
-7.91368e-08
7.91368e-08
8.77394e-08
-8.77394e-08
-9.10439e-08
9.10439e-08
2.9245e-14
0
0
0
0
0
0
0
0
0
3.80387e-16
0
0
0
0
0
0
0
0
0
0
0
0
5.46338e-14
-5.73009e-17
6.17786e-16
0
0
5.92957e-08
3.68561e-08
0
0
0
0
0
0
0
0
0
0
0
0
0
0
0
4.80759e-08
4.80759e-08
0
0
0
0
0
0
-1.09613e-16
0
0
0
0
4.52017e-08
5.09501e-08
3.91768e-14
3.07367e-14
0
0
0
0
0
0
-1.71623e-16
0
0
0
5.38529e-08
4.22989e-08
0
0
0
6.60045e-08
3.01473e-08
0
5.16785e-14
-1.12297e-13
0
0
0
0
0
0
0
0
0
0
0
0
0
0
0
5.2976e-08
4.31758e-08
1.92086e-14
-1.42063e-14
-2.81234e-14
9.32259e-15
0
0
0
0
-3.10857e-14
0
0
0
0
4.62221e-08
4.99297e-08
6.05316e-08
3.56202e-08
0
1.84182e-14
0
0
4.92199e-08
4.69318e-08
0
0
0
0
0
0
0
5.49021e-08
4.12497e-08
0
0
0
0
0
0
0
0
0
0
0
-1.9154e-14
0
-3.67714e-14
6.19608e-15
3.0025e-14
2.05371e-16
4.50392e-08
5.11126e-08
0
0
0
0
0
0
0
0
0
0
0
0
0
0
0
0
0
4.87565e-08
4.73953e-08
4.80759e-08
4.80759e-08
0
4.87752e-08
4.73766e-08
0
0
0
0
0
0
3.40252e-17
0
0
0
0
0
0
0
0
0
0
0
0
0
-1.7869e-14
0
0
0
0
4.40065e-15
0
0
0
0
0
0
0
0
0
0
0
4.31988e-15
-1.24943e-16
0
0
0
0
0
0
0
0
0
0
0
0
0
0
0
0
0
0
0
0
0
0
0
0
-1.31703e-16
-8.18273e-15
0
0
0
0
0
0
0
0
0
0
0
0
0
0
3.53545e-16
0
0
0
0
0
0
0
0
0
0
0
0
0
0
0
0
0
0
0
0
0
0
0
0
0
0
0
0
0
0
0
4.23707e-15
0
0
0
0
0
0
4.80759e-08
4.80759e-08
0
0
0
0
0
0
0
0
0
0
0
0
0
0
0
0
0
0
0
0
0
0
0
0
0
0
0
0
0
0
0
0
0
0
0
0
0
0
0
0
0
0
0
-9.32301e-18
-1.29406e-15
0
0
0
0
0
0
0
0
0
5.20768e-08
4.40749e-08
4.91598e-08
4.6992e-08
0
0
0
0
0
0
0
-1.45131e-15
0
0
0
0
1.67565e-16
-1.47142e-16
0
0
0
0
0
0
0
0
0
0
0
0
0
0
0
0
0
0
0
0
0
0
0
0
0
0
0
0
0
0
0
0
0
0
0
0
0
0
0
0
0
0
0
0
0
0
0
0
0
0
0
0
0
0
0
0
0
0
0
0
0
0
0
0
-5.25384e-17
0
0
5.20685e-08
4.40833e-08
0
0
0
0
0
0
0
0
0
0
0
0
0
0
0
0
0
0
0
0
0
0
0
0
0
0
0
0
0
0
-2.27257e-14
0
1.71136e-14
0
0
-4.24904e-14
-1.61222e-29
0
0
0
0
0
0
0
0
0
0
0
0
0
0
0
0
0
0
0
0
0
0
0
0
0
0
0
0
0
0
0
0
0
0
0
0
0
0
0
0
0
0
0
0
0
0
0
0
0
0
0
0
0
0
0
0
0
0
0
0
0
0
0
0
-7.41362e-14
5.3857e-08
4.22948e-08
1.17076e-17
0
0
0
0
0
0
0
-1.98846e-16
0
0
0
0
0
0
0
0
0
0
0
0
0
0
0
0
0
0
0
0
0
0
0
0
0
0
0
0
0
0
0
5.97414e-16
1.01194e-16
0
0
0
0
0
0
0
0
0
0
0
0
0
0
0
0
0
0
0
0
0
1.29382e-14
-1.8776e-14
0
0
0
0
1.89049e-14
1.81801e-14
-3.81545e-19
0
-2.03602e-14
0
0
0
0
0
0
0
0
0
0
0
0
0
0
0
0
0
0
0
0
0
0
0
1.03828e-14
0
-7.4977e-15
-2.3008e-16
-2.21916e-16
1.79575e-15
2.23152e-14
4.98941e-08
4.62577e-08
0
0
0
0
0
0
0
0
0
0
0
0
0
0
0
0
0
5.93314e-17
0
0
0
0
0
0
0
0
0
-3.11794e-18
0
0
0
0
0
0
0
0
0
0
0
0
0
0
0
0
0
8.87254e-17
0
0
0
0
0
0
0
0
0
0
0
0
0
0
0
0
0
0
0
0
0
0
0
0
0
0
0
0
8.60631e-17
0
0
0
0
0
0
0
0
0
0
0
0
0
0
0
0
0
0
0
0
0
0
0
0
0
0
0
0
0
0
0
0
0
0
0
0
0
0
0
0
0
-1.42912e-15
1.92135e-15
0
0
0
0
0
0
0
0
0
0
0
-4.0343e-14
-4.23773e-15
0
0
0
0
0
0
0
0
0
-2.02758e-14
2.47456e-14
0
0
0
0
-7.10827e-17
0
0
0
0
0
0
0
0
0
0
0
0
0
8.17892e-08
-8.17892e-08
4.80759e-08
4.80759e-08
0
0
0
0
0
0
0
0
0
0
0
0
0
0
0
0
0
5.13073e-08
4.48445e-08
0
0
0
0
0
0
0
0
0
-6.42754e-15
0
0
0
-1.95235e-14
0
0
0
0
0
0
0
0
0
0
0
0
0
0
0
0
0
0
0
0
0
0
0
0
0
0
0
0
0
0
0
0
0
0
0
3.74809e-16
0
0
0
0
0
0
0
0
0
0
0
0
0
0
0
0
0
0
0
0
0
0
0
0
2.79953e-15
0
0
0
0
0
0
0
0
2.90634e-14
0
0
0
0
-4.33398e-15
1.39402e-15
0
0
0
0
0
0
0
0
0
0
0
0
0
0
0
0
0
0
0
-2.03791e-14
-1.95513e-15
0
0
0
4.26288e-15
-1.73274e-14
0
0
0
4.21907e-17
0
0
0
0
0
0
0
0
0
0
0
1.84419e-15
-3.72772e-16
0
0
0
0
0
0
0
9.51835e-08
-9.51835e-08
-9.66505e-08
9.66505e-08
0
0
0
0
-7.99752e-08
7.99752e-08
0
0
0
0
0
0
0
0
0
0
0
0
0
0
0
0
0
0
0
0
0
0
0
0
0
0
0
0
0
0
0
0
0
0
0
0
0
0
0
0
0
0
0
0
0
0
0
0
-4.10253e-30
-2.49428e-15
0
0
0
0
0
0
0
0
0
0
0
0
0
0
0
0
0
0
0
0
0
0
0
0
0
0
0
0
0
0
0
0
-8.70684e-08
8.70684e-08
0
0
0
0
0
0
0
0
0
0
0
0
0
0
0
0
0
0
0
0
0
0
0
0
0
0
0
0
0
5.26466e-08
4.35051e-08
0
0
0
0
0
7.1057e-15
-3.7796e-14
0
0
0
0
0
0
0
0
0
0
0
0
0
0
0
0
0
0
0
0
0
0
0
0
3.28203e-29
0
1.10176e-16
-6.693e-16
0
0
0
0
0
0
0
0
0
0
0
0
0
0
0
0
0
0
0
0
0
0
0
0
0
0
0
0
0
0
0
0
0
0
0
0
0
0
0
0
0
0
0
0
0
0
0
3.37293e-16
0
0
0
0
0
0
0
0
0
0
0
0
0
0
0
0
0
0
0
0
0
0
0
0
4.80759e-08
4.80759e-08
0
0
0
0
0
0
0
0
0
0
0
0
0
0
0
0
0
3.95999e-08
5.65518e-08
0
0
0
0
0
0
0
0
0
0
1.3014e-15
0
0
0
0
0
0
0
0
0
0
0
0
0
0
0
0
7.50843e-16
1.77566e-14
0
0
0
0
0
0
0
0
0
0
0
1.69216e-14
0
0
0
0
0
-2.70666e-15
0
0
-5.62041e-15
1.34302e-15
0
0
0
0
0
0
0
0
0
0
0
0
0
0
0
0
0
0
0
0
0
0
0
0
0
0
-8.82011e-15
0
0
0
0
0
0
0
0
0
0
0
0
0
0
0
0
0
0
0
0
0
0
0
0
0
4.93375e-08
4.68143e-08
0
0
0
0
0
0
4.10933e-08
5.50584e-08
0
-1.65471e-14
6.88403e-15
0
0
0
0
0
0
0
0
0
0
0
0
0
0
0
0
0
0
0
0
0
-1.0455e-16
0
0
0
0
0
0
0
0
0
0
0
0
0
0
0
-1.02183e-16
0
0
0
0
0
0
0
0
0
0
0
0
0
0
0
0
0
0
0
0
0
0
0
0
0
0
0
0
0
0
-9.01968e-17
0
0
0
0
2.38555e-16
0
3.81033e-16
0
0
0
0
0
0
0
0
0
0
0
0
0
0
0
0
0
0
0
0
0
0
0
0
0
0
-8.46015e-08
8.46015e-08
0
0
0
0
0
0
0
-3.16284e-16
0
0
0
0
0
0
0
0
0
0
0
0
0
0
0
0
0
0
0
0
7.73205e-16
-4.36995e-17
0
0
0
0
0
0
0
0
0
0
0
0
0
0
0
0
0
0
0
0
0
0
0
0
0
0
0
0
0
0
0
0
0
0
0
0
0
0
0
0
0
0
0
0
0
0
0
0
0
0
0
0
0
0
0
0
0
0
0
0
0
0
0
0
0
0
0
0
0
0
0
0
0
0
0
0
0
0
0
0
0
0
0
0
0
0
0
0
0
0
0
0
0
0
0
0
0
0
0
0
0
0
0
0
0
0
0
2.39914e-32
0
-4.30711e-15
0
0
0
0
0
0
0
0
0
0
0
0
0
0
0
0
0
0
0
0
0
0
0
0
0
0
0
0
0
0
0
0
0
0
0
0
0
0
0
0
0
-2.03474e-16
0
0
0
0
0
0
0
0
-1.4416e-15
0
0
0
0
0
0
0
0
0
0
0
0
0
0
0
0
0
0
0
0
0
0
0
0
0
7.9931e-16
0
0
0
0
0
0
0
0
0
0
0
6.03036e-17
0
0
0
0
0
0
0
0
0
0
0
0
0
0
0
0
0
0
0
0
0
0
0
0
0
0
0
0
0
0
0
0
0
0
4.37789e-14
0
0
0
0
0
0
0
0
0
0
0
0
0
0
0
0
0
0
0
0
0
0
0
0
0
0
0
0
0
0
0
0
0
0
0
0
0
0
0
0
0
0
0
0
0
0
0
0
0
0
0
0
0
0
0
0
0
0
0
0
0
0
0
9.5324e-17
0
0
0
0
0
0
0
0
0
0
0
0
0
0
0
-7.15739e-16
3.84847e-16
0
0
0
0
0
0
0
0
0
0
0
0
0
0
1.86125e-16
0
0
0
0
0
-1.9335e-15
3.51199e-17
3.91144e-14
0
0
0
0
0
3.36125e-16
0
0
0
0
0
0
0
0
0
0
0
0
0
0
0
0
0
0
0
0
0
0
0
0
0
0
0
0
0
0
0
0
0
0
0
0
2.2405e-16
0
0
0
0
0
0
0
0
0
0
0
0
0
0
0
0
0
0
0
3.20297e-16
0
0
0
0
0
0
0
0
0
0
0
0
0
0
0
0
0
0
0
0
0
0
0
0
0
0
0
8.53464e-08
-8.53464e-08
0
0
0
0
0
0
0
0
0
0
0
0
0
0
0
0
0
0
0
0
0
0
0
-9.11366e-08
9.11366e-08
0
0
0
0
0
0
0
0
0
0
0
0
0
0
0
0
0
0
0
0
0
0
0
0
0
0
0
0
0
0
0
0
0
0
0
3.70642e-15
-2.099e-15
0
0
0
0
0
0
4.69897e-08
4.9162e-08
0
0
0
2.24163e-15
0
0
0
0
0
0
0
0
0
0
0
0
0
0
0
0
-1.02263e-30
2.81073e-16
0
0
0
0
0
0
0
0
0
0
0
0
0
0
0
0
0
0
0
0
0
0
0
0
0
0
0
0
0
0
0
0
0
0
-2.92982e-14
2.24561e-16
0
0
0
0
0
0
0
0
0
0
0
0
0
0
0
1.51879e-15
4.35906e-08
5.25612e-08
0
0
0
0
0
0
0
0
0
0
0
0
0
0
0
0
0
0
0
0
0
0
0
0
0
0
0
0
0
0
0
0
0
0
0
0
0
0
0
0
0
0
0
0
0
0
0
0
0
0
-7.71756e-08
7.71756e-08
0
0
0
0
0
0
0
0
0
0
0
0
0
0
0
0
0
0
0
0
0
0
0
0
0
0
0
0
0
0
0
0
0
0
0
0
0
0
0
0
0
0
0
0
0
0
0
0
0
0
0
0
0
0
0
0
0
0
0
0
0
0
0
0
0
0
0
0
0
0
0
0
0
0
0
0
0
0
0
0
0
0
0
0
1.2749e-15
0
0
0
0
0
0
0
0
0
0
0
0
0
0
0
0
0
0
0
0
0
0
0
0
0
0
0
0
0
-3.44266e-15
-1.58493e-15
1.04616e-16
0
0
0
0
2.61366e-14
-3.74073e-14
0
0
0
0
0
0
0
0
0
0
0
0
0
0
0
0
0
0
-5.06344e-14
0
0
1.7582e-16
0
0
0
0
0
0
0
0
0
0
0
0
0
0
0
0
0
0
0
0
0
0
0
0
0
0
-7.36975e-16
0
0
0
0
0
0
0
0
0
0
0
0
0
0
0
0
0
0
0
0
0
3.51939e-17
0
0
-2.24284e-14
0
0
0
0
0
0
0
0
0
0
0
0
0
0
0
0
0
0
0
0
0
0
-1.04842e-15
1.32535e-16
0
0
0
0
0
0
0
-1.48105e-15
0
0
0
0
0
0
0
0
0
0
0
0
0
0
0
0
0
0
0
0
0
0
0
0
0
0
0
0
0
0
0
0
0
0
0
0
0
0
0
0
0
0
0
0
0
0
0
0
0
0
0
0
0
0
0
0
0
0
0
0
0
0
0
0
0
0
0
0
0
0
0
0
0
0
0
0
0
0
0
0
2.09654e-15
0
0
0
0
0
0
0
0
0
0
0
0
0
0
0
0
0
0
0
0
0
0
0
0
0
0
0
0
-1.01964e-30
0
0
0
0
0
0
0
0
0
0
0
0
0
0
0
0
1.19957e-32
0
1.20901e-15
0
0
0
0
0
0
0
2.35463e-16
0
0
0
0
0
0
0
0
0
0
0
0
0
0
0
0
-5.2208e-17
1.72806e-14
0
0
0
0
0
0
0
0
0
0
0
0
0
0
0
5.44351e-08
4.17167e-08
0
0
0
0
0
0
0
0
0
0
0
0
0
0
0
1.0872e-16
0
0
0
0
0
0
0
0
0
0
0
0
0
0
0
0
0
0
0
-3.53333e-16
2.14408e-15
0
0
0
0
0
1.34922e-16
0
0
0
0
0
0
0
0
0
0
0
0
0
0
0
0
0
0
0
0
0
0
0
0
0
0
0
0
0
0
0
0
0
0
0
-8.05152e-14
0
3.69373e-16
0
7.01633e-16
0
1.91748e-17
0
0
0
0
0
0
0
0
0
0
0
0
0
0
0
0
0
0
0
0
0
0
0
0
0
0
0
0
0
1.33791e-16
0
0
0
0
1.02563e-30
0
0
0
0
0
0
0
0
0
0
0
0
0
0
0
0
0
0
0
-7.19157e-17
0
0
0
0
0
0
-1.28091e-15
0
8.58181e-17
-6.09966e-15
0
0
0
0
0
0
0
0
0
0
0
0
0
0
-7.84332e-16
-9.48171e-15
0
0
0
0
0
0
0
0
0
0
0
0
0
0
0
0
0
0
0
0
0
0
0
0
0
-5.40684e-16
0
0
0
0
0
0
0
0
0
0
0
0
0
0
0
0
0
0
0
0
0
0
0
0
0
0
0
0
0
0
0
0
0
0
0
0
0
0
0
0
0
0
0
0
0
0
0
0
0
0
0
0
0
0
0
0
0
0
0
0
0
-2.05127e-30
0
0
0
0
0
-1.38278e-15
0
4.01932e-15
0
0
0
0
0
0
0
0
0
0
0
0
0
0
-4.67137e-16
0
0
0
0
0
0
0
0
-4.05273e-15
0
0
0
0
0
0
0
0
0
0
0
0
0
0
0
0
0
0
0
0
0
0
0
0
0
0
0
0
0
0
0
0
0
0
0
0
0
3.5503e-17
2.47575e-16
-1.3105e-16
0
0
0
0
0
0
0
0
0
-2.83989e-17
0
0
0
0
0
0
0
0
0
0
0
0
0
0
0
0
0
0
4.20052e-08
5.41466e-08
0
0
0
0
-1.76543e-17
0
4.03996e-16
0
0
0
0
0
0
0
9.64079e-16
0
0
0
0
0
0
0
0
0
0
0
0
0
0
0
-7.49015e-15
0
0
0
0
0
1.74832e-15
0
0
0
0
0
0
0
0
0
0
0
-4.05412e-14
0
-1.96079e-14
0
0
0
0
3.63012e-16
0
0
0
0
0
0
0
0
0
0
0
-1.41672e-16
0
0
0
0
0
0
0
0
0
0
0
0
0
0
0
0
0
0
0
0
0
0
0
0
0
0
0
0
0
0
0
5.65072e-18
0
0
0
0
0
0
0
0
0
0
0
0
0
1.2023e-15
0
0
0
0
0
0
0
0
0
0
0
0
0
0
0
0
0
0
0
0
0
0
0
0
0
0
0
0
0
0
0
0
0
0
1.7274e-16
0
0
0
0
0
0
0
0
0
0
0
0
0
0
0
0
0
0
0
0
0
0
0
0
0
0
0
0
0
0
0
0
0
0
0
0
0
0
0
0
0
0
0
0
0
0
0
0
3.64324e-08
0
0
0
0
0
0
0
0
0
0
0
0
-2.62924e-16
0
0
0
0
0
0
0
0
0
0
0
0
6.00524e-16
8.73605e-18
0
0
-8.41594e-16
0
0
0
0
0
0
0
0
0
0
0
0
0
0
0
0
0
0
0
0
0
6.66479e-14
9.20696e-17
0
0
0
0
0
0
0
0
0
0
0
0
0
0
0
0
0
0
0
0
0
0
0
-2.54775e-15
4.05256e-16
0
0
0
0
0
0
0
0
0
0
0
0
0
0
0
0
0
0
0
0
0
0
0
0
0
0
0
0
0
0
0
0
0
0
0
0
0
0
0
0
0
0
0
0
0
0
0
0
0
0
1.4114e-16
0
0
0
0
0
0
0
0
0
7.46363e-15
-3.8082e-15
0
0
0
0
0
0
0
0
0
0
0
0
0
0
0
0
0
0
0
0
0
0
0
0
0
0
0
0
0
0
0
0
0
0
0
0
0
0
0
0
0
0
0
0
0
0
0
1.04164e-15
0
0
0
0
2.76716e-14
-1.85844e-14
0
0
0
0
0
0
0
0
0
0
0
0
0
0
0
0
0
-2.81675e-17
-4.48708e-17
0
0
0
0
0
0
0
0
0
0
0
0
0
0
0
0
0
0
0
0
0
0
0
0
0
-7.4439e-16
1.41898e-16
0
0
0
0
1.36448e-16
-9.01161e-17
0
0
0
0
0
0
0
0
-1.4943e-16
0
0
0
0
0
0
0
0
4.47201e-15
0
6.37154e-16
0
0
0
0
0
0
0
0
0
0
0
0
0
0
0
0
0
0
0
0
0
0
0
0
0
0
0
0
0
0
0
0
0
0
0
0
0
0
0
0
0
-8.87585e-08
0
0
-6.0011e-15
0
0
0
0
0
0
0
0
0
0
0
0
0
0
0
0
0
0
0
0
0
0
0
0
0
0
0
0
0
0
0
0
0
0
0
0
0
0
0
0
0
0
6.03789e-16
1.21477e-14
0
0
-2.43258e-15
0
0
0
0
0
0
0
0
0
0
0
0
0
-1.21167e-15
0
0
0
0
0
0
0
0
0
0
0
0
0
0
0
0
0
0
0
0
0
0
0
0
0
0
0
0
0
0
0
0
0
0
0
0
0
0
0
-1.4098e-14
0
0
0
0
0
0
0
0
0
0
0
0
0
0
0
0
0
0
0
0
0
0
0
0
0
0
0
0
-3.55157e-08
0
0
0
0
0
0
0
0
0
0
0
0
0
0
0
0
0
0
0
3.29882e-32
0
0
0
0
0
0
0
0
0
-2.98678e-16
0
0
0
0
0
0
0
0
0
0
0
0
0
-2.07187e-14
5.25472e-15
0
1.63142e-29
0
0
0
0
0
0
0
0
0
0
0
0
0
0
0
0
8.77686e-17
0
0
0
1.96908e-15
8.7914e-16
0
0
0
0
0
0
0
0
0
0
0
0
6.32879e-16
0
0
0
0
0
0
0
0
0
0
0
0
0
0
0
-6.06361e-08
0
0
-5.6402e-08
0
0
0
0
0
0
8.77737e-15
0
0
0
0
0
0
0
0
0
0
0
0
1.424e-14
0
0
0
0
2.20783e-15
0
0
0
0
0
0
0
0
0
0
0
1.13949e-16
0
0
0
0
0
0
0
0
0
0
0
0
0
0
0
0
0
0
0
2.78753e-16
0
0
0
0
0
0
0
0
-7.19739e-16
7.89448e-17
0
0
0
0
0
0
0
0
0
0
0
0
0
-9.86849e-16
0
0
0
0
0
2.11515e-16
0
0
0
0
3.37686e-17
0
-5.00243e-08
0
0
0
0
0
0
0
0
0
-4.18076e-18
0
0
0
0
0
0
0
0
0
0
-8.09575e-17
1.00434e-17
0
-4.80759e-08
0
0
0
0
0
0
0
2.1371e-16
0
0
0
0
0
0
0
0
0
0
0
0
0
0
0
0
0
0
0
0
0
0
0
0
0
0
0
0
0
0
1.18065e-15
0
0
0
0
0
0
0
0
0
0
-3.97497e-08
0
0
0
0
0
0
0
0
0
0
0
4.80759e-08
0
0
0
0
0
0
0
0
0
0
-2.15952e-14
0
0
0
0
0
0
0
0
0
0
0
0
0
0
0
0
0
0
0
0
0
0
0
0
0
0
0
0
-4.61275e-08
3.92468e-18
0
0
0
0
7.26237e-16
0
0
0
0
0
0
0
0
0
0
0
0
0
0
0
0
0
0
0
0
0
0
0
0
0
0
0
0
0
0
0
0
0
0
0
0
0
0
0
0
0
0
0
0
0
0
0
0
0
0
0
0
0
0
-1.34258e-14
-5.43182e-15
0
0
0
0
0
-1.04315e-14
0
0
0
0
0
-2.57171e-15
0
0
0
-2.66979e-17
0
0
0
0
0
0
0
0
0
0
0
-1.12786e-14
0
0
0
0
0
0
0
0
0
0
0
0
0
0
2.36666e-17
0
0
0
0
-1.16336e-14
0
0
0
0
6.75361e-16
0
0
-6.58376e-15
0
0
-9.99382e-15
0
0
0
0
0
0
0
0
0
0
0
0
0
0
-4.80759e-08
0
0
-3.4078e-16
1.34652e-16
4.75665e-17
0
0
0
0
-6.7387e-16
-1.269e-15
-3.12817e-15
0
0
3.42307e-16
0
0
0
0
0
0
0
0
0
0
0
0
0
0
0
0
0
0
2.82757e-15
0
0
0
0
0
0
0
0
0
0
-5.84567e-16
0
0
0
0
7.66584e-15
0
0
0
0
0
0
0
0
0
0
0
0
0
0
0
0
0
1.76799e-17
-4.3504e-18
0
0
0
0
0
0
0
0
0
0
0
0
-4.80759e-08
0
0
0
-5.05125e-16
3.26283e-29
0
0
0
0
0
0
0
0
0
0
0
0
0
0
0
0
0
0
0
0
0
0
0
0
0
0
0
0
0
0
0
8.28504e-30
0
0
-1.40493e-15
0
0
0
0
0
0
0
-4.98135e-17
-9.07704e-16
0
0
0
0
0
0
0
0
0
0
0
0
5.11517e-16
0
0
0
0
0
0
0
0
0
0
0
0
0
0
0
-7.42182e-17
0
0
0
0
0
0
0
0
0
0
0
0
1.83342e-14
7.13653e-17
-8.34054e-17
-7.53174e-15
0
0
0
0
-1.07372e-15
0
0
0
0
-1.52708e-16
7.95199e-17
0
0
0
0
0
0
0
0
0
0
0
7.85673e-16
-4.31255e-17
0
0
-5.82842e-08
0
0
0
0
0
0
2.06326e-30
-4.42661e-08
0
0
0
-4.0584e-16
0
-2.47594e-16
0
0
0
0
0
0
0
0
0
0
0
0
0
5.41394e-16
-8.96531e-16
0
0
0
0
0
0
0
0
0
0
0
0
0
-4.80759e-08
0
0
0
0
0
0
0
0
0
0
0
0
0
0
0
0
0
0
0
0
0
0
0
-3.78676e-08
1.85415e-15
0
0
0
-4.82794e-08
3.54082e-17
0
-2.81161e-14
0
0
0
0
0
-1.10372e-16
1.279e-16
0
-4.92543e-08
0
0
0
0
-2.05127e-30
0
0
0
0
0
0
5.65745e-15
0
1.90691e-15
0
0
0
0
0
0
0
-5.33937e-08
0
0
0
0
0
-9.61547e-16
-5.18857e-08
-4.78724e-08
0
0
0
0
0
0
0
0
0
0
0
0
0
0
0
0
0
0
0
-1.00929e-16
-1.74212e-15
-2.4743e-16
0
0
0
0
-8.43196e-16
0
0
0
0
0
0
0
0
0
0
0
0
0
0
0
0
0
-4.68975e-08
0
0
0
0
0
0
0
0
0
0
0
0
0
0
0
0
-2.35664e-15
0
0
0
0
0
0
0
0
0
0
0
0
0
0
0
0
0
0
0
0
0
0
0
0
0
0
0
0
0
0
0
0
0
0
0
0
0
0
0
0
0
0
-8.58076e-17
0
0
0
0
0
0
0
0
0
0
0
0
0
0
0
0
0
0
0
0
0
0
0
0
3.51571e-14
0
0
0
0
0
0
0
0
0
0
0
0
0
0
0
0
0
0
0
0
0
-5.29438e-16
-1.82582e-14
0
0
0
0
-1.83623e-14
0
0
0
0
0
0
0
0
0
0
0
0
0
0
0
0
0
0
0
1.46868e-16
-1.13287e-15
7.68887e-16
0
0
0
0
0
-3.00198e-14
0
0
0
0
0
-8.41231e-15
0
0
0
0
-3.23739e-17
-6.39615e-32
0
0
0
0
0
0
0
0
0
0
0
0
3.52949e-15
0
0
0
0
0
0
0
4.12432e-18
1.12848e-16
0
0
0
0
0
0
0
0
0
0
0
0
0
0
0
0
0
0
0
0
0
0
0
0
0
0
0
0
0
0
0
0
0
0
0
0
0
4.69964e-15
0
0
0
0
0
0
0
0
0
0
-7.69708e-16
-1.73155e-16
0
0
0
0
6.92707e-16
-1.32184e-16
0
0
0
0
0
0
0
0
0
0
0
0
-1.6563e-15
0
6.81542e-16
0
0
0
0
0
0
0
0
1.85982e-15
0
0
0
0
0
0
0
0
0
0
-4.13542e-14
8.49913e-14
1.11044e-14
0
0
0
0
0
0
0
0
0
0
0
0
1.26034e-15
0
0
0
0
0
0
0
-4.48088e-08
0
0
0
0
0
0
0
0
0
0
0
0
0
0
0
0
0
0
0
0
0
0
0
0
0
0
0
0
-4.70415e-08
0
0
0
0
-6.4121e-16
0
0
0
0
0
-5.33933e-08
0
0
0
0
9.61243e-16
0
0
0
0
0
0
2.7501e-16
0
0
-2.84504e-14
0
0
0
0
0
-4.75942e-08
0
0
0
0
0
0
0
0
0
0
0
0
0
0
0
-1.77101e-14
0
0
0
-4.91103e-08
0
0
0
0
0
1.19915e-15
-4.3518e-14
0
0
0
0
0
0
0
0
0
0
0
0
0
0
0
-6.05433e-16
0
0
0
0
0
0
0
0
0
0
0
0
0
1.00875e-14
0
0
0
-6.11512e-16
0
0
0
0
0
0
0
0
0
0
0
0
0
0
0
0
-5.1343e-08
0
-4.85575e-08
0
0
0
0
0
0
0
0
0
0
0
0
0
0
0
0
0
0
0
0
0
0
0
0
0
0
0
0
0
-4.80759e-08
0
0
0
0
0
0
0
0
0
0
0
0
0
0
2.74514e-14
0
0
0
0
0
0
0
0
0
0
0
0
0
0
-4.71138e-08
0
0
8.0656e-15
0
0
0
0
0
0
0
0
0
0
0
0
0
0
0
0
0
0
1.16675e-14
0
0
0
0
0
0
0
0
3.27827e-16
0
0
0
0
0
0
0
0
0
0
0
0
-4.27585e-08
0
0
0
0
0
0
0
2.47964e-08
0
0
0
-3.83715e-18
0
0
0
0
2.95466e-16
-3.5091e-08
0
0
0
0
8.91635e-17
0
0
0
0
0
0
0
0
-1.20537e-17
0
0
0
0
0
0
0
0
0
0
0
0
0
0
0
0
-2.42504e-15
1.62025e-15
0
0
0
0
0
0
0
0
0
0
0
0
0
0
0
2.2717e-17
0
0
0
0
0
0
0
0
0
0
-4.80759e-08
0
0
-6.37523e-08
0
0
0
0
0
0
0
0
0
0
0
0
0
2.37422e-15
0
0
0
0
0
0
0
0
1.77913e-15
-1.07731e-16
0
0
0
0
0
3.46899e-16
-5.23239e-08
0
0
0
0
0
0
0
0
0
0
0
0
0
0
-2.41487e-14
-1.33156e-14
1.91202e-15
5.15816e-31
0
0
0
-2.37004e-16
-3.01506e-15
0
0
0
0
0
0
0
0
0
-4.80759e-08
0
0
0
0
0
0
0
0
0
0
0
0
0
0
0
0
0
0
0
0
7.57833e-15
0
0
0
0
0
0
0
0
-5.10758e-14
0
0
0
-5.61999e-08
0
1.70803e-17
0
0
0
0
0
0
0
0
0
-4.71411e-08
0
0
0
0
0
0
0
0
1.14448e-15
4.52495e-15
0
0
0
0
0
6.60618e-08
4.27581e-08
0
5.67975e-15
0
0
0
0
0
0
0
0
-4.9019e-08
0
0
-4.80759e-08
-7.45269e-17
-1.02263e-30
0
0
0
0
0
0
0
0
0
0
0
0
0
0
0
0
0
1.97111e-14
-1.93774e-15
0
0
0
0
0
0
0
0
-4.82167e-08
0
0
-4.80759e-08
0
0
0
0
0
0
0
-1.4196e-14
0
0
0
0
0
0
0
0
0
0
1.76945e-14
-3.488e-14
0
-8.78785e-15
0
0
0
0
0
0
0
0
0
0
0
0
0
0
0
0
0
0
0
0
0
0
0
0
0
0
0
0
0
0
0
0
0
0
0
0
0
0
0
0
0
0
0
0
0
0
1.22533e-15
-1.34246e-15
0
0
0
0
0
0
0
0
0
0
0
0
0
0
-1.25955e-31
0
-4.7935e-08
0
0
0
0
0
0
0
1.87327e-16
0
0
0
0
0
0
0
0
-3.4422e-14
-5.69898e-08
0
0
0
0
0
0
5.37541e-17
0
0
-6.11992e-08
0
0
0
0
0
0
0
0
0
0
0
0
0
0
0
0
0
0
-5.45586e-14
0
0
0
-2.31698e-16
0
0
0
0
-2.87991e-15
0
0
0
0
0
0
-2.38985e-14
-8.28057e-15
0
0
0
0
0
0
0
0
0
-7.23773e-18
0
0
0
0
0
0
0
0
0
0
-1.33148e-16
0
0
0
0
0
0
0
0
0
0
0
0
0
0
0
0
0
0
0
0
0
0
0
0
0
0
0
0
0
0
0
0
0
0
0
0
0
0
0
0
0
0
0
0
0
0
0
0
0
0
0
0
0
0
0
0
0
0
0
0
0
0
0
0
0
0
0
0
0
0
0
0
-9.45666e-17
0
0
0
0
0
0
0
0
0
0
0
0
0
7.14301e-17
0
0
0
0
0
0
0
0
0
-2.63906e-31
0
0
0
0
0
0
0
0
0
0
0
0
0
0
0
0
-1.18053e-14
-2.56634e-15
0
-1.03473e-16
0
0
0
0
0
0
0
0
0
0
0
0
0
1.71341e-17
0
0
0
0
0
0
0
5.69898e-08
0
0
0
0
0
0
0
0
0
4.80057e-15
0
0
0
0
0
0
0
0
0
0
0
6.11992e-08
0
0
0
0
0
0
0
0
2.1577e-14
0
0
0
0
0
0
0
0
0
0
0
0
7.79395e-15
0
0
0
0
0
0
0
0
0
0
0
0
-6.29612e-15
0
0
0
0
0
0
0
0
0
0
0
0
0
0
6.31188e-15
0
0
0
0
0
-6.60618e-08
0
0
0
0
0
0
0
1.11719e-14
-1.18427e-13
0
0
0
0
0
0
0
0
0
0
0
0
0
0
0
0
0
0
0
0
0
0
0
0
0
0
0
0
0
0
0
0
0
0
0
0
0
0
0
0
0
0
0
0
0
0
0
0
0
0
0
0
2.43055e-14
-1.02937e-15
0
0
0
6.38668e-16
0
0
0
0
0
0
0
0
0
0
0
0
0
0
0
0
0
0
0
9.8973e-16
-3.57103e-17
0
0
0
0
0
0
0
0
1.08869e-15
-3.37453e-17
1.10039e-15
-4.84483e-15
0
0
0
0
0
0
0
-2.71781e-15
0
0
0
0
0
0
0
0
0
0
0
0
0
0
0
0
0
0
0
0
0
0
0
0
0
0
0
0
0
0
0
0
0
0
0
0
0
0
0
-4.90379e-08
1.25955e-31
0
0
0
0
0
0
0
0
0
0
-2.12301e-15
0
0
0
0
0
0
0
0
0
4.61216e-15
-2.51641e-15
0
0
-1.02338e-30
0
0
0
0
0
0
0
0
0
0
0
0
0
-2.27135e-17
0
0
0
0
0
0
0
0
0
0
0
0
0
0
0
0
0
0
0
0
0
0
0
0
0
0
0
0
0
0
0
0
0
0
0
0
0
0
0
0
0
0
0
0
0
0
0
0
0
0
0
0
0
0
0
0
0
3.21855e-18
0
0
1.60105e-15
0
0
-1.84451e-16
0
0
0
0
0
0
0
0
0
0
0
0
0
0
-5.29431e-15
-3.27705e-15
0
0
0
0
0
0
0
0
0
0
0
0
0
0
0
0
0
0
0
0
0
0
0
0
0
0
0
0
0
0
3.01604e-15
-5.58659e-16
0
0
0
0
1.60579e-14
-4.61829e-15
6.47469e-15
0
0
8.51998e-14
0
0
0
0
0
0
0
0
0
0
0
0
0
0
0
-2.00287e-14
0
0
0
0
0
0
0
0
0
0
0
0
0
0
0
0
0
0
0
0
0
0
-6.23781e-15
0
0
0
0
0
0
0
0
0
0
0
0
0
0
0
0
0
0
0
0
0
0
0
0
1.17554e-16
0
0
0
0
0
0
0
0
0
0
0
0
0
0
0
0
0
0
0
0
0
0
0
0
0
0
0
0
0
0
0
0
0
0
0
0
0
0
0
0
0
0
0
0
0
0
0
0
0
2.84035e-14
0
0
0
0
0
0
0
0
0
1.13728e-14
-1.67562e-14
0
0
0
0
0
0
0
0
0
0
0
0
2.74098e-17
0
0
0
0
0
0
0
0
0
-1.74534e-14
0
0
0
3.23994e-08
0
0
0
0
0
0
0
0
0
0
0
0
0
0
0
0
0
0
0
0
0
0
0
0
0
0
0
0
0
0
0
0
0
-1.19169e-14
0
0
0
0
0
0
0
0
0
0
0
0
0
0
0
0
0
0
0
0
0
3.05255e-15
0
0
0
0
0
0
0
0
0
0
0
0
0
0
0
0
0
0
0
0
0
0
-2.79655e-14
0
-1.23925e-16
0
0
0
0
0
0
0
0
0
4.38279e-08
0
0
0
0
0
0
0
0
0
0
0
0
0
0
0
0
0
0
0
0
0
0
0
0
0
0
0
0
0
0
0
0
0
0
0
0
0
0
0
0
0
0
0
6.82357e-17
0
-1.10941e-14
0
0
0
0
0
0
0
3.99518e-08
0
0
0
0
0
-5.68507e-15
0
0
0
1.39113e-15
0
0
0
0
-2.90057e-14
0
0
0
0
6.2783e-18
2.13386e-17
0
0
0
0
0
0
0
-4.90107e-08
1.93226e-15
0
0
0
0
0
0
0
0
0
0
0
0
0
0
0
0
0
0
0
0
0
0
0
0
0
0
0
1.42047e-14
0
0
0
0
0
-1.16778e-15
0
0
0
0
0
0
0
0
0
0
1.6238e-14
0
0
-4.80759e-08
0
0
0
0
0
4.22249e-30
0
0
0
0
0
0
0
0
0
0
0
0
0
0
0
0
0
0
0
-1.47154e-14
0
-4.71327e-08
0
0
0
0
0
0
0
4.1094e-14
0
0
0
0
0
0
0
0
-2.77701e-15
0
0
0
0
0
0
0
2.59582e-15
0
0
0
0
0
0
0
0
0
0
0
0
0
0
0
6.92479e-15
0
0
0
0
0
1.02563e-30
0
0
0
0
0
0
0
0
0
0
0
-1.58701e-15
0
0
0
0
0
0
0
0
0
0
0
0
0
0
0
0
0
0
0
0
0
0
0
0
0
0
0
0
0
0
0
0
0
0
0
0
0
0
0
0
0
0
0
0
0
0
0
0
0
0
0
0
0
0
0
0
0
0
0
0
0
0
0
0
0
0
0
0
0
0
0
0
0
0
0
0
0
0
0
0
0
0
0
0
0
0
0
0
4.28791e-17
0
0
0
1.032e-15
0
0
0
0
0
0
0
0
0
0
0
0
0
0
0
0
0
0
0
0
0
0
0
0
0
0
0
0
0
)
;

boundaryField
{
    frontback
    {
        type            empty;
        value           nonuniform List<scalar> 0();
    }
    topbottom
    {
        type            calculated;
        value           uniform 0;
    }
    outlet
    {
        type            calculated;
        value           nonuniform List<scalar> 0();
    }
    inlet
    {
        type            calculated;
        value           uniform 0;
    }
    walls
    {
        type            calculated;
        value           nonuniform List<scalar> 
151
(
-1.92304e-07
-1.92304e-07
-1.92304e-07
-1.92304e-07
-1.92304e-07
-1.92304e-07
-1.92304e-07
-1.92304e-07
-1.92304e-07
-1.92304e-07
-1.92304e-07
-1.92304e-07
-1.92304e-07
-1.92304e-07
-1.92304e-07
-1.92304e-07
-1.92304e-07
-1.92304e-07
-1.92304e-07
-1.92304e-07
-1.92304e-07
-1.92304e-07
-1.92304e-07
-1.92304e-07
-1.92304e-07
-1.92304e-07
-1.92304e-07
-1.92304e-07
-1.92304e-07
-1.92304e-07
-1.92304e-07
-1.92304e-07
-1.92304e-07
-1.92304e-07
-1.92304e-07
-1.92304e-07
-1.92304e-07
-1.92304e-07
-1.92304e-07
-1.92304e-07
-1.92304e-07
-1.92304e-07
-1.92304e-07
-1.92304e-07
-1.92304e-07
-1.92304e-07
-1.92304e-07
-1.92304e-07
-1.92304e-07
-1.92304e-07
-1.92304e-07
-1.92304e-07
-1.92304e-07
-1.92304e-07
-1.92304e-07
-1.92304e-07
-1.92304e-07
-1.92304e-07
-1.92304e-07
-1.92304e-07
-1.92304e-07
-1.92304e-07
-1.92304e-07
-1.92304e-07
-1.92304e-07
-1.92304e-07
-1.92304e-07
-1.92304e-07
-1.92304e-07
-1.92304e-07
-1.92304e-07
-1.92304e-07
-1.92304e-07
-1.92304e-07
0
0
0
0
0
-1.92304e-07
-1.92304e-07
-1.92304e-07
-1.92304e-07
-1.92304e-07
-1.92304e-07
-1.92304e-07
-1.92304e-07
-1.92304e-07
-1.92304e-07
-1.92304e-07
-1.92304e-07
-1.92304e-07
-1.92304e-07
-1.92304e-07
-1.92304e-07
-1.92304e-07
-1.92304e-07
-1.92304e-07
-1.92304e-07
0
-1.92304e-07
-1.92304e-07
0
0
0
0
-1.92304e-07
-1.92304e-07
-1.92304e-07
-1.92304e-07
-1.92304e-07
0
-9.22008e-16
0
-1.92304e-07
-1.92304e-07
0
-1.92304e-07
-1.92304e-07
-1.92304e-07
0
-1.92304e-07
-1.92304e-07
-1.92304e-07
-1.92304e-07
-1.92304e-07
-1.92304e-07
-1.92304e-07
-1.92304e-07
-1.92304e-07
-1.92304e-07
-1.92304e-07
-1.92304e-07
-1.92304e-07
-1.92304e-07
-1.92304e-07
-1.92304e-07
-1.92304e-07
0
-1.92304e-07
-1.92304e-07
-1.92304e-07
-1.92304e-07
-1.92304e-07
-1.92304e-07
-1.92304e-07
0
-1.92304e-07
0
-1.92304e-07
-1.92304e-07
)
;
    }
    procBoundary2to0
    {
        type            processor;
        value           nonuniform List<scalar> 
83
(
-9.88376e-16
0
0
-2.51474e-16
1.22726e-16
0
0
0
0
-1.01297e-14
0
-2.91083e-15
2.64809e-15
0
2.7234e-14
-3.74922e-14
0
0
2.07271e-15
-5.90479e-17
8.65624e-15
-2.39839e-16
4.78693e-16
-7.42492e-16
0
0
0
0
1.33076e-16
0
0
0
0
0
1.88358e-15
0
0
0
0
0
0
3.56024e-14
-2.1202e-15
0
0
0
9.80546e-16
0
-3.60636e-15
2.41502e-14
-4.42718e-16
0
0
0
0
0
0
0
0
4.69551e-16
4.84196e-15
0
-7.20378e-08
0
8.06708e-15
-1.28596e-16
0
1.42074e-14
2.35692e-14
-4.06305e-16
0
0
0
0
0
0
1.43975e-17
0
0
-5.08488e-15
0
0
0
)
;
    }
    procBoundary2to3
    {
        type            processor;
        value           nonuniform List<scalar> 
99
(
0
0
0
0
1.1198e-15
0
0
0
1.38897e-15
0
0
0
5.59211e-15
0
0
0
0
0
0
0
0
0
0
0
0
0
0
0
0
0
0
0
0
0
0
0
0
0
0
0
0
0
0
0
8.59915e-15
0
0
0
0
-1.76508e-14
0
0
0
0
0
0
0
0
0
0
0
0
0
0
0
0
0
-7.61294e-14
0
5.25179e-08
0
0
0
0
0
0
0
0
0
0
0
0
0
0
0
0
0
0
0
0
0
0
0
1.01069e-13
2.99222e-14
0
0
5.32242e-14
0
)
;
    }
}


// ************************************************************************* //
