/*--------------------------------*- C++ -*----------------------------------*\
| =========                 |                                                 |
| \\      /  F ield         | OpenFOAM: The Open Source CFD Toolbox           |
|  \\    /   O peration     | Version:  v2012                                 |
|   \\  /    A nd           | Website:  www.openfoam.com                      |
|    \\/     M anipulation  |                                                 |
\*---------------------------------------------------------------------------*/
FoamFile
{
    version     2.0;
    format      ascii;
    class       surfaceScalarField;
    location    "900";
    object      meshPhi;
}
// * * * * * * * * * * * * * * * * * * * * * * * * * * * * * * * * * * * * * //

dimensions      [0 3 -1 0 0 0 0];
oriented        oriented;


internalField   nonuniform List<scalar> 
20673
(
0
0
0
0
0
0
0
0
0
0
0
0
1.12803e-14
2.3301e-15
0
1.20391e-15
3.96986e-17
0
0
0
0
-9.56937e-16
5.41412e-17
0
-2.66011e-16
5.18031e-17
0
0
0
0
0
0
0
0
0
0
0
-5.26343e-08
0
-3.06936e-08
0
0
0
0
0
0
0
0
0
0
0
0
0
0
0
0
0
-3.6071e-14
-4.21172e-14
3.49355e-14
0
0
0
0
0
1.81702e-16
0
0
0
0
0
0
0
0
0
0
0
0
0
0
0
0
0
0
0
0
0
0
0
0
0
0
-3.23256e-15
-1.11309e-15
0
-5.51685e-17
4.18125e-17
0
0
0
0
0
0
0
0
0
0
0
0
0
0
0
0
0
0
0
5.0611e-14
-1.92102e-14
0
0
0
0
0
0
0
0
0
0
0
0
0
0
0
0
0
0
6.52401e-17
-2.86728e-17
0
0
0
0
0
0
0
0
0
0
0
-8.8519e-18
0
0
0
0
0
0
0
0
0
0
0
0
0
0
0
0
0
0
0
0
0
0
2.03419e-08
0
0
0
1.625e-15
0
0
0
-2.47612e-17
2.63842e-16
4.93853e-17
5.3986e-18
0
0
0
0
0
0
5.00055e-17
4.49527e-15
-2.55644e-16
0
0
0
0
0
0
0
0
0
0
0
0
-2.75881e-16
0
-1.18002e-17
0
0
0
0
0
0
0
0
0
0
-3.62809e-14
6.53201e-29
9.52032e-15
0
0
0
0
0
0
0
0
0
0
0
0
0
0
0
0
0
0
0
-1.40072e-16
-2.53893e-16
0
0
0
0
0
0
0
0
0
0
0
0
1.18262e-15
0
-1.0408e-17
0
0
0
0
0
0
0
0
0
0
0
0
0
0
0
3.86858e-17
0
1.00664e-17
1.61301e-15
1.95434e-16
0
0
0
0
0
0
0
0
0
0
0
0
0
0
0
0
0
0
0
0
0
0
0
0
0
0
0
0
0
0
0
0
-1.74327e-17
-7.01387e-16
8.77702e-16
0
0
0
0
0
0
-4.06012e-16
2.55907e-31
1.24249e-16
0
0
0
0
-1.42291e-14
0
0
0
0
0
0
0
-4.7953e-14
0
-5.13101e-14
0
0
0
0
0
0
-8.87527e-14
0
0
0
-9.37322e-18
-1.8585e-16
4.90963e-17
0
0
0
0
0
-6.86897e-15
0
0
0
0
0
6.00368e-33
0
0
0
0
-6.66319e-16
-8.05864e-18
0
0
0
0
0
0
0
0
0
0
0
0
0
0
1.21207e-17
-9.02667e-19
0
0
0
0
0
0
0
0
-2.44847e-15
0
3.05718e-15
0
0
0
0
0
0
0
-6.29753e-16
0
0
0
0
0
0
0
0
0
0
0
0
0
0
0
0
0
-1.21883e-16
0
0
0
0
0
0
0
2.05358e-17
-1.94295e-17
1.8357e-14
4.09838e-14
0
0
0
0
0
0
0
0
0
-1.20684e-15
0
1.17278e-15
0
0
0
3.49063e-17
0
0
0
0
0
0
0
0
0
0
0
0
0
0
0
0
0
0
0
0
-1.37133e-16
0
0
0
0
0
0
0
0
0
0
0
0
0
0
0
0
0
0
0
0
0
0
0
0
0
0
0
0
0
0
0
0
0
0
0
0
0
0
0
0
4.91822e-29
1.86482e-15
0
0
0
0
0
-1.90348e-14
-5.00884e-14
0
0
0
0
0
0
0
0
0
0
0
0
0
0
0
0
0
0
-1.988e-16
-1.87256e-16
0
0
0
0
0
0
0
0
0
0
0
0
0
0
2.77621e-16
3.50192e-16
0
0
1.45413e-16
-1.12806e-16
0
0
0
0
0
0
0
0
0
0
0
0
0
0
0
0
0
0
0
0
0
0
0
0
0
0
0
0
0
0
0
0
0
0
0
0
0
0
0
0
-4.09528e-17
1.30661e-17
0
0
0
0
0
0
0
0
0
1.06925e-14
-2.32858e-14
-4.34153e-14
0
0
-6.42452e-17
0
0
0
0
0
3.99969e-14
1.69914e-14
0
-2.09178e-14
0
0
0
0
0
0
0
0
0
0
0
0
0
0
0
0
0
0
0
6.23963e-16
0
0
0
0
0
0
0
0
0
0
0
0
0
0
1.02363e-30
-1.3056e-17
0
0
0
0
0
0
0
0
0
0
0
0
0
0
0
0
0
0
0
-8.61541e-17
-2.41609e-16
0
0
0
0
0
0
0
0
0
0
0
0
-1.03496e-16
-2.60865e-16
0
0
0
0
0
0
-1.97277e-14
-2.64354e-28
4.37201e-15
-8.15104e-14
0
0
0
0
0
0
0
0
0
0
0
0
0
8.67714e-16
0
0
0
0
0
0
0
0
0
0
0
0
0
0
0
0
0
0
0
0
0
1.61633e-17
0
0
0
0
0
0
0
0
0
0
0
0
0
0
0
0
0
0
0
0
0
5.42415e-15
-8.5112e-15
-6.89127e-16
0
0
0
0
0
0
0
0
0
0
0
0
0
0
0
0
0
0
0
0
-8.89165e-19
2.64068e-17
0
0
0
0
0
0
0
0
0
0
0
0
0
0
0
0
0
0
2.51365e-14
-3.14141e-14
-1.0536e-13
0
0
0
0
0
0
0
0
0
0
0
0
0
0
0
0
0
0
0
0
0
0
0
0
0
0
0
0
0
0
0
0
0
0
0
0
0
0
0
0
0
0
0
0
6.69182e-16
0
0
0
0
0
-1.43838e-16
1.15363e-16
0
0
0
0
0
0
0
0
0
0
0
0
0
0
0
0
0
0
0
0
0
0
0
0
0
0
0
0
0
0
0
0
0
0
0
0
0
0
0
0
0
0
0
-2.0147e-16
-1.26828e-16
0
0
0
0
0
0
0
0
7.40299e-15
-4.42284e-14
0
2.37534e-15
0
0
0
0
0
0
0
0
0
0
-5.99578e-15
-8.70406e-15
0
0
0
0
1.4789e-15
-2.27863e-16
0
0
0
9.66157e-17
0
0
0
0
0
0
0
0
3.4172e-14
0
-6.13753e-15
0
0
0
0
1.17149e-16
2.00659e-15
0
0
0
0
0
-5.6953e-14
0
7.4022e-15
0
0
0
0
0
0
0
9.0821e-17
-6.7365e-08
4.82145e-08
0
0
1.98987e-16
-2.24216e-16
0
0
0
0
0
-9.73531e-15
0
0
0
0
0
0
0
0
0
0
0
0
0
0
0
0
0
0
0
0
0
0
0
0
0
0
0
0
0
0
0
0
0
0
0
0
0
0
0
0
0
0
0
0
0
0
0
0
0
0
0
-1.22448e-14
-1.51786e-14
0
0
0
0
0
0
0
-5.465e-16
0
0
0
-1.74513e-14
0
-1.35853e-16
0
0
0
0
0
0
0
0
0
0
0
0
0
0
0
0
0
-3.36355e-15
0
0
0
0
0
0
0
0
0
0
0
0
0
0
0
0
0
0
0
0
0
0
0
0
0
0
0
0
0
0
0
0
0
0
0
0
0
0
0
0
-4.00245e-33
2.17424e-16
2.54312e-17
0
0
0
0
0
0
0
0
7.93324e-17
5.1678e-16
0
0
0
0
0
0
0
0
0
0
0
0
0
0
0
0
0
0
0
-6.50132e-14
0
4.58438e-14
0
0
0
0
0
0
2.43355e-18
0
-1.31209e-16
0
0
0
0
0
0
0
0
0
0
0
0
0
0
-2.70091e-14
0
0
0
-1.64297e-13
0
0
0
0
0
0
0
0
0
0
0
0
0
0
0
0
0
0
0
-1.76116e-16
0
0
0
0
0
0
0
0
0
0
0
0
0
0
0
0
0
0
0
0
0
0
0
0
0
0
0
0
-1.5164e-14
4.29187e-14
0
0
0
0
0
0
0
0
0
0
0
0
0
0
0
-6.22455e-17
0
0
0
0
1.83259e-14
8.79873e-14
0
0
0
0
0
0
0
0
0
0
0
0
0
0
0
0
0
0
0
0
0
0
0
0
0
0
0
4.3938e-15
-1.9091e-15
0
0
0
0
6.36603e-17
0
-2.17389e-16
0
0
1.2641e-16
-5.23974e-17
-1.68686e-16
6.08107e-17
0
0
0
0
0
0
0
0
0
0
0
0
0
0
0
0
0
0
0
0
0
7.8137e-14
-8.77461e-15
0
0
0
4.64508e-14
-7.82901e-14
0
0
0
0
0
0
0
0
-6.29497e-16
-9.09797e-16
2.07963e-14
-3.9366e-14
0
0
0
0
0
0
0
0
0
0
0
0
0
0
1.53991e-16
-5.36333e-16
0
0
0
0
0
0
0
0
0
0
0
0
0
0
0
0
0
0
0
0
0
0
0
0
0
0
0
0
0
0
0
0
0
0
0
0
0
0
0
0
0
0
3.36744e-14
0
0
0
0
0
0
0
0
0
0
0
0
0
0
0
0
0
0
1.30921e-15
-2.35341e-16
0
0
0
0
0
0
0
0
-1.92535e-14
0
0
0
0
0
0
0
0
0
0
0
0
6.10936e-16
0
0
0
4.60458e-08
2.69304e-08
0
0
0
0
0
0
0
0
0
0
0
0
0
0
5.34168e-16
0
0
0
0
0
0
0
3.30216e-16
0
0
0
0
0
0
0
-2.81461e-15
0
0
0
0
0
0
0
0
0
0
0
0
0
0
-1.29307e-15
3.77865e-16
-5.56127e-17
0
0
0
3.7905e-17
0
0
0
-5.73339e-16
0
3.13674e-15
0
0
0
0
0
0
0
0
0
0
0
0
0
-2.76601e-15
-4.84065e-15
0
0
0
0
0
-6.30999e-17
2.48398e-16
0
0
0
0
0
0
0
0
0
-4.20152e-16
1.24286e-15
0
0
0
0
0
0
1.38308e-15
0
1.24165e-18
0
0
0
0
0
0
0
0
0
0
0
0
0
0
0
0
0
0
0
0
0
0
0
0
0
0
0
0
0
0
0
0
0
0
0
0
0
0
0
0
0
0
0
0
0
0
0
0
3.22816e-16
1.02207e-15
0
0
0
0
0
0
0
0
0
0
0
0
0
0
0
0
0
0
0
0
0
0
0
0
0
0
0
0
0
0
0
0
0
0
0
0
0
0
0
0
0
0
0
0
0
0
0
-3.64881e-08
0
0
0
0
0
0
0
0
0
3.44513e-16
-1.18166e-15
0
0
0
0
0
0
0
0
0
0
0
0
0
0
0
0
0
0
0
0
0
0
0
0
0
0
0
4.58582e-14
0
-2.80825e-14
0
0
-1.10495e-14
-1.21422e-15
0
0
0
0
0
0
0
0
0
0
0
-3.47203e-15
0
0
-1.05633e-15
0
1.59013e-15
0
0
0
0
0
8.70351e-14
8.69869e-15
3.91682e-14
0
0
0
0
0
0
0
0
0
0
0
0
0
-4.70771e-14
0
0
0
0
0
0
0
0
0
0
0
0
-3.27833e-15
1.23886e-15
0
0
0
0
0
-6.47864e-16
0
0
0
0
0
0
0
0
0
0
0
0
0
0
0
0
0
0
0
0
0
1.15052e-15
0
0
0
0
0
0
0
0
0
0
0
0
0
0
0
0
0
0
0
0
0
0
0
0
0
0
3.9383e-14
0
0
0
0
0
0
0
0
0
0
0
0
0
9.47369e-15
1.5966e-16
0
0
0
0
2.99273e-14
7.6306e-15
0
0
0
0
0
0
0
0
0
0
0
0
0
0
0
0
0
0
0
0
0
0
0
0
0
0
0
0
0
0
0
0
0
0
0
0
0
0
0
0
0
0
-1.21641e-14
0
3.13302e-14
-3.61824e-14
1.59458e-13
0
0
0
0
0
0
0
0
0
0
0
0
0
0
0
0
0
0
0
0
0
0
0
0
0
0
0
0
0
0
0
0
0
0
0
0
0
0
3.56786e-15
6.12105e-15
1.22192e-15
0
0
0
0
0
0
0
4.12098e-16
-4.02702e-14
0
0
0
0
0
0
0
0
0
0
0
0
0
0
0
0
0
0
0
0
0
0
0
0
0
0
0
0
0
0
0
-8.13252e-14
-2.38544e-14
2.27825e-15
3.43774e-14
0
0
0
0
0
0
0
0
0
0
0
0
0
0
0
0
0
0
0
0
0
0
0
0
0
0
0
0
0
0
0
-2.77297e-17
3.54159e-17
0
0
0
0
0
0
0
0
0
0
0
0
0
0
0
0
0
0
0
0
0
0
0
0
0
0
0
0
0
0
0
0
0
0
0
0
0
0
0
0
-9.63517e-15
2.5722e-16
0
-1.29096e-14
0
5.23729e-14
0
0
0
0
0
0
0
0
0
0
0
0
0
0
0
0
0
0
0
0
0
0
0
0
0
0
0
0
0
0
0
0
0
0
0
0
0
0
0
-2.50082e-15
3.59627e-14
0
-5.35038e-15
0
0
0
0
0
0
0
0
0
0
0
0
0
0
0
0
0
0
0
0
0
0
0
0
0
0
0
0
2.5481e-14
0
0
0
0
0
0
0
0
0
0
0
0
0
0
0
0
0
0
2.93979e-15
0
0
0
0
0
0
0
0
0
0
0
0
0
0
0
8.10479e-15
4.2577e-14
0
1.33435e-16
0
0
0
0
0
0
0
0
0
0
0
0
0
0
0
0
0
0
0
0
0
0
0
0
0
0
0
7.79408e-16
0
0
0
0
0
0
0
0
0
0
0
0
0
0
0
0
0
0
0
0
0
0
0
0
0
0
0
0
0
0
0
0
0
0
0
0
0
-1.38255e-16
9.31294e-15
1.61704e-16
0
0
0
0
0
0
0
0
0
1.57221e-15
0
0
0
0
0
0
0
0
0
3.21931e-17
1.18739e-15
0
0
0
0
0
0
0
0
0
0
0
0
0
0
0
0
0
0
-6.29953e-14
-4.05294e-14
0
-1.45621e-14
-2.17831e-14
0
0
0
0
0
0
0
0
0
0
0
0
0
4.11762e-16
-9.40341e-17
1.10871e-16
0
1.18759e-14
-2.22055e-15
0
0
0
0
0
0
0
0
0
8.256e-17
-8.92776e-16
0
0
-2.50505e-16
0
0
0
0
0
0
0
0
0
0
0
0
0
0
0
0
0
0
0
0
0
0
-5.1878e-15
0
0
0
0
0
0
0
0
0
0
0
0
8.17857e-15
0
0
0
0
0
0
0
0
0
0
0
0
0
0
0
0
0
0
0
0
0
0
0
0
0
0
0
0
0
0
0
0
1.04998e-16
0
0
0
0
0
0
5.87132e-16
0
0
6.00806e-14
2.18479e-16
0
0
0
0
0
0
0
0
0
0
0
0
0
0
0
0
0
0
6.56772e-14
-1.1621e-15
0
0
0
0
0
0
0
0
0
0
0
0
-2.83671e-15
9.6781e-16
0
0
0
0
0
0
0
0
0
0
0
0
0
0
0
0
0
0
-1.24598e-15
1.34928e-15
1.79055e-20
0
0
0
0
0
0
0
0
0
0
0
0
0
0
0
0
0
0
0
0
0
0
0
0
0
0
-1.64036e-16
-6.08531e-17
0
0
0
0
0
0
0
0
0
0
0
0
0
0
0
0
0
0
0
0
0
0
0
0
0
0
0
0
0
0
0
0
0
1.7721e-15
0
0
0
0
0
0
0
0
0
0
0
0
0
0
0
0
0
0
0
0
0
0
0
0
1.19204e-15
0
0
0
0
0
0
0
0
0
0
0
0
0
0
0
0
0
0
-3.38614e-15
0
0
0
0
0
0
0
0
0
-1.51648e-14
-2.5669e-15
0
0
0
0
0
-2.56157e-31
-3.91151e-14
0
0
0
0
0
0
0
0
0
0
0
0
0
0
0
0
0
0
4.32804e-16
0
1.16887e-15
0
0
0
0
0
0
-1.54934e-14
0
0
0
0
0
0
0
0
0
0
0
0
0
2.41569e-14
1.71159e-14
0
0
0
0
0
0
0
0
0
0
0
0
0
0
0
0
0
0
0
0
0
0
0
-1.82012e-15
0
0
0
0
0
0
1.39962e-16
0
1.20306e-16
0
0
0
0
0
0
0
0
0
0
0
0
0
0
0
-5.16317e-31
0
0
0
0
0
0
0
0
0
0
0
0
0
0
0
0
0
0
0
0
0
0
0
0
0
0
0
3.65237e-16
0
0
0
0
0
0
0
0
0
0
0
0
0
0
0
0
0
0
0
0
0
0
0
0
0
0
0
0
0
0
0
0
2.58753e-14
-8.88329e-14
0
0
0
0
0
0
0
0
0
0
0
0
0
0
0
0
0
0
0
0
0
0
0
0
0
0
0
0
-4.80306e-15
1.00863e-14
-4.66834e-14
0
0
0
0
0
0
5.8522e-17
4.33672e-15
0
0
0
0
0
0
0
0
0
0
0
0
0
0
0
0
0
0
0
0
0
0
0
0
0
0
0
0
0
0
0
0
0
0
0
0
0
0
0
0
0
0
0
0
0
0
0
0
0
0
0
0
0
0
0
0
0
0
0
0
0
0
0
0
0
0
0
0
0
0
0
0
0
0
0
0
0
0
0
0
0
0
0
0
0
0
0
0
0
0
0
-3.75569e-17
0
0
2.99321e-14
0
0
0
0
0
0
0
0
0
0
0
0
0
0
0
0
0
0
0
0
0
0
5.98765e-16
0
1.37469e-16
0
0
0
0
0
0
0
0
0
0
0
0
0
0
0
0
0
0
0
0
0
0
0
0
0
1.28162e-15
0
0
0
0
0
0
0
0
0
0
0
0
0
0
0
0
0
0
0
0
0
0
0
-2.33436e-16
-1.3697e-16
-3.50914e-16
0
0
0
0
0
0
0
0
0
0
0
0
0
0
0
-2.50651e-15
-1.7462e-16
0
0
0
0
0
0
0
0
0
0
-2.42905e-17
0
0
0
0
0
0
0
0
0
0
0
0
0
0
0
0
0
0
0
0
0
0
0
0
0
-6.67656e-17
3.03677e-16
-3.68706e-15
0
0
0
0
0
0
0
0
0
0
0
0
0
0
0
0
0
0
0
0
3.17007e-15
-7.13019e-17
0
0
0
0
0
0
0
0
0
0
0
0
0
0
0
0
-1.8612e-16
0
0
0
0
0
0
0
0
0
0
0
0
0
0
0
-2.71714e-16
-9.52033e-17
0
5.09799e-15
0
0
0
0
0
0
0
0
1.72135e-17
0
1.24622e-16
0
0
0
0
0
0
0
0
0
0
0
0
2.66708e-16
5.96432e-16
0
0
0
0
0
0
0
0
8.71863e-15
2.87713e-14
0
0
0
0
0
0
0
0
0
0
0
0
0
0
8.79707e-16
2.56518e-17
1.16381e-16
0
0
0
0
0
0
0
0
0
0
0
0
0
0
0
0
0
0
0
0
0
0
0
0
0
0
0
0
0
0
0
0
0
0
0
3.00312e-17
8.7563e-17
-2.5306e-18
0
0
-1.62675e-16
3.12265e-15
0
-1.14062e-15
2.71789e-17
0
-2.03367e-17
0
0
0
0
0
0
0
0
0
4.36701e-14
0
-4.16473e-14
0
0
0
0
0
0
0
0
0
0
0
0
0
0
0
0
0
0
0
0
-8.15553e-16
0
0
0
0
0
0
0
0
0
0
0
0
0
0
0
0
0
0
0
0
0
0
1.05396e-14
-8.88436e-14
0
0
0
0
0
0
0
0
0
0
0
0
0
0
0
0
0
0
0
0
0
0
0
0
0
0
0
0
0
0
0
0
0
0
0
0
0
0
0
0
0
0
0
0
0
0
0
0
0
0
0
0
0
-6.5808e-17
0
0
0
0
0
0
0
0
0
0
0
0
0
0
0
0
0
0
0
0
0
0
0
0
0
0
0
0
0
0
0
0
0
0
0
0
0
0
0
0
0
0
0
0
0
1.17597e-16
0
0
0
0
0
0
0
0
0
0
0
0
0
0
0
0
0
0
0
0
0
0
0
0
0
0
0
0
0
0
0
0
0
0
0
0
0
0
-1.42255e-14
0
0
0
0
0
0
0
0
0
0
0
0
0
0
0
0
0
0
0
0
0
0
0
0
0
0
-1.33165e-15
0
0
0
-1.50978e-17
4.74409e-16
1.16743e-15
0
0
0
0
0
0
0
0
0
0
0
0
0
0
0
0
0
1.44871e-15
2.89699e-17
-2.70387e-17
0
0
0
0
0
0
0
0
0
0
0
0
0
0
0
0
0
0
0
0
-2.17903e-16
-4.14756e-16
0
0
0
0
0
0
0
0
0
0
0
0
0
0
1.99421e-15
0
0
0
0
0
0
0
0
0
0
0
0
0
0
0
0
0
0
0
0
0
0
0
0
0
0
0
0
0
0
0
0
0
0
0
0
0
0
0
0
0
0
-3.74101e-16
0
0
0
0
0
0
0
0
0
0
0
0
0
0
0
0
0
0
0
0
0
0
0
0
0
0
0
0
-4.89104e-16
1.00061e-33
-1.16209e-13
0
0
0
0
0
0
0
0
0
0
0
0
0
0
0
0
3.663e-17
0
0
0
0
0
0
0
0
0
0
-1.13583e-15
-6.5881e-16
0
0
0
0
0
0
0
0
0
0
0
0
0
0
0
0
0
0
0
0
0
0
0
0
0
0
0
0
0
0
-4.87198e-16
1.51062e-16
0
0
0
0
0
0
-2.00672e-16
0
0
0
0
0
0
0
0
3.84448e-14
-4.37078e-14
1.58477e-15
0
0
0
-9.92075e-17
7.96866e-18
-6.52941e-16
0
0
0
0
0
0
0
-1.51963e-14
0
0
0
0
0
0
0
0
0
-5.79279e-16
0
0
0
1.06603e-16
-5.64724e-17
0
0
0
0
0
0
0
0
0
-2.82542e-14
1.0664e-14
0
0
0
0
0
0
0
0
0
0
0
0
0
0
0
0
0
0
0
0
0
0
0
0
0
0
0
0
4.00357e-16
0
0
0
0
0
0
0
0
0
0
0
0
0
0
0
0
0
0
0
0
0
0
0
0
0
0
0
0
0
0
0
0
0
0
0
0
8.39623e-14
0
-1.71641e-15
6.30179e-17
0
1.00269e-17
-9.87629e-17
0
0
0
0
0
0
0
0
0
0
0
0
0
0
0
6.60469e-16
0
0
0
6.40198e-15
3.77669e-14
0
0
0
0
0
0
0
0
0
0
0
0
0
0
0
0
0
0
0
0
0
0
2.61966e-17
-1.13621e-16
0
0
0
0
0
0
0
0
0
0
0
0
0
0
1.20445e-14
1.67163e-14
0
3.85243e-16
2.79357e-16
0
0
0
0
0
0
0
0
0
0
0
0
0
0
0
0
0
0
0
0
0
0
0
0
0
0
0
0
-1.0529e-16
1.05829e-16
9.94216e-15
1.18751e-14
0
0
0
0
0
0
0
-3.58284e-15
-5.28207e-14
0
0
0
0
0
0
0
0
0
0
0
0
0
0
0
0
0
0
0
0
0
0
0
0
1.38831e-16
-6.60066e-16
0
0
0
0
0
0
0
0
0
0
0
0
0
0
0
0
0
0
0
0
0
-5.97901e-15
-5.92564e-17
0
0
0
0
0
0
0
0
0
0
0
0
0
0
0
0
0
5.83386e-17
0
0
-3.56512e-14
0
0
0
0
0
0
0
0
0
0
0
0
0
0
0
0
0
0
0
0
0
0
0
0
0
0
0
0
0
0
0
0
0
0
0
0
0
0
0
0
0
0
0
0
0
0
0
0
0
0
0
0
0
0
0
0
0
0
0
0
0
0
0
0
0
0
0
0
0
0
0
0
0
0
0
-8.45411e-14
0
-2.22913e-15
0
0
0
0
0
0
0
0
0
0
0
-5.49141e-16
2.68196e-15
-1.19468e-14
0
0
0
0
0
0
0
0
0
0
0
0
0
0
0
0
0
0
0
2.18323e-15
1.47019e-16
0
0
0
0
0
0
-1.95214e-16
0
0
0
-2.95273e-15
4.22253e-16
7.83068e-15
0
0
0
0
0
0
0
0
0
0
0
0
0
0
0
0
0
0
0
0
0
0
0
0
2.41976e-17
5.96617e-16
0
0
0
0
0
0
0
0
0
0
0
0
0
0
-2.44037e-16
-5.4646e-16
0
0
0
0
0
0
0
0
0
0
0
0
0
0
0
0
0
0
0
0
0
0
0
0
0
0
0
0
0
0
0
0
0
0
2.91145e-14
5.23477e-16
-9.43697e-17
0
0
0
0
0
0
0
0
0
0
0
0
0
0
0
0
0
0
0
0
0
0
0
0
0
0
0
-1.51352e-14
0
0
0
0
0
0
0
0
0
0
0
0
0
0
0
0
0
0
0
0
0
0
0
0
0
0
0
0
0
0
0
0
0
0
0
0
0
0
0
0
0
0
0
0
0
0
0
0
1.73476e-14
3.38255e-14
-5.85407e-15
0
0
0
0
0
0
0
0
0
0
0
0
0
0
1.70075e-14
1.97679e-14
0
0
0
0
0
0
0
0
0
0
0
0
0
0
0
0
0
0
0
0
0
0
0
0
0
1.20833e-14
0
0
0
0
0
-3.00522e-17
-7.1717e-18
0
0
0
0
0
0
0
0
0
0
0
0
0
0
0
0
0
0
0
0
0
0
0
0
0
0
0
9.95829e-15
0
0
0
0
2.92093e-17
-1.74795e-17
6.21158e-14
-2.37994e-14
0
0
0
0
0
0
0
0
-4.64771e-15
0
0
0
0
0
0
0
0
0
0
0
0
0
0
0
0
0
0
0
0
0
0
0
0
0
0
-4.80271e-16
0
-4.88919e-15
0
0
0
0
0
0
0
0
0
0
0
0
0
0
0
0
0
0
0
0
0
0
0
0
0
0
0
3.05478e-17
-4.78934e-17
0
0
0
-1.77149e-16
0
0
0
0
0
0
0
0
0
0
0
0
0
0
0
0
0
0
0
0
0
0
0
0
0
0
0
0
0
0
0
0
0
0
0
0
0
0
0
0
0
0
0
0
0
0
0
0
0
0
0
0
0
0
0
0
0
0
0
0
0
0
0
0
0
0
0
0
2.07331e-16
-1.31914e-16
0
0
0
0
0
0
0
0
0
0
0
0
0
0
0
0
0
0
0
0
-1.05065e-17
-6.41643e-32
0
0
0
0
0
0
0
0
0
0
0
0
0
0
0
0
0
0
0
0
-1.18563e-16
-1.25218e-15
0
0
0
0
0
0
0
0
0
0
0
-1.12787e-13
-1.69064e-29
0
0
0
0
0
0
0
0
0
0
0
0
0
0
0
0
1.66741e-15
0
0
0
0
0
0
0
0
0
0
0
0
0
0
0
0
0
0
0
0
0
-1.00621e-14
-1.17749e-15
0
0
0
0
0
0
0
1.18927e-16
0
0
0
0
3.55282e-17
0
0
0
0
0
0
0
0
0
0
0
0
0
0
0
0
0
0
3.86475e-16
0
0
0
-5.26037e-16
0
0
0
0
0
0
0
0
0
0
0
0
0
0
0
0
0
0
0
0
0
0
0
0
0
0
0
0
0
0
0
0
0
0
0
0
0
0
0
0
0
0
0
0
0
0
0
0
0
0
0
0
0
0
0
0
0
0
0
0
0
0
0
0
1.34637e-15
0
0
0
0
0
0
0
0
0
0
0
0
0
0
0
0
0
0
0
0
0
0
0
0
0
0
0
0
0
0
0
0
0
0
0
0
0
0
0
0
0
0
0
1.23572e-16
0
0
0
0
0
0
0
0
0
0
0
0
0
0
0
0
1.65108e-16
-3.53198e-17
0
0
0
0
0
0
0
0
0
0
0
0
0
0
0
0
0
0
0
0
0
0
0
0
0
0
1.5255e-14
0
0
0
0
0
0
0
0
0
0
0
0
-5.0634e-16
0
0
0
0
0
0
0
0
0
0
0
0
-1.05645e-15
0
1.32506e-15
0
0
0
0
0
0
0
0
0
0
0
0
0
0
0
0
0
0
0
0
0
0
0
0
-8.71325e-17
1.85017e-16
0
0
0
0
0
0
0
-4.92257e-17
5.90208e-18
0
0
0
0
0
0
0
0
0
0
-1.60054e-14
0
0
0
0
0
0
0
0
0
6.79162e-14
0
0
0
0
0
0
0
0
0
0
0
0
0
0
0
-4.22584e-14
3.43224e-15
0
0
0
0
0
0
0
0
0
0
-2.33341e-17
4.28655e-17
0
0
-6.40393e-32
-8.29352e-14
0
0
0
0
0
0
0
0
0
0
0
0
0
0
0
0
0
0
0
0
0
0
0
0
0
0
0
7.90004e-15
-1.80702e-14
0
0
0
0
0
0
0
0
0
0
0
0
0
0
0
0
0
0
0
0
0
0
0
0
0
0
0
0
0
0
0
0
0
0
0
0
0
0
0
0
0
0
0
0
0
0
0
0
0
0
0
0
0
0
0
0
0
0
0
0
0
0
0
0
0
0
0
0
0
0
0
0
0
0
0
0
0
0
0
0
0
0
0
0
0
0
0
0
0
0
0
0
0
0
0
0
0
0
-2.00554e-16
0
0
-2.19255e-14
0
0
0
0
0
0
0
0
0
0
0
0
0
0
0
0
0
0
0
0
-4.2354e-19
-2.62617e-17
0
0
0
0
0
0
0
0
0
0
0
0
0
0
0
1.32475e-17
-8.53248e-18
0
0
0
0
0
1.28071e-31
3.85456e-18
0
0
0
0
0
0
0
0
7.33185e-18
0
0
1.23104e-15
4.18766e-16
0
0
0
0
0
0
0
0
0
0
0
0
0
0
0
0
0
0
0
0
0
0
0
3.80587e-14
0
0
0
0
1.32177e-28
0
0
0
0
0
0
0
0
0
0
0
0
-1.62587e-14
-1.07984e-14
0
0
0
7.45489e-16
-2.10752e-19
0
0
0
0
0
0
0
0
0
0
0
0
0
0
0
0
0
0
0
0
0
0
0
0
0
0
0
0
0
0
0
0
0
0
0
0
0
0
0
0
-1.77944e-15
0
0
0
0
0
0
0
0
0
0
0
0
0
0
0
0
0
-5.74512e-15
0
0
0
0
0
6.40529e-32
0
0
0
0
0
0
0
0
0
0
-1.07046e-14
0
0
0
0
0
0
0
0
0
0
0
-1.79027e-17
0
-6.01892e-15
2.28788e-14
4.84803e-14
-8.98055e-14
0
0
0
0
0
0
0
0
0
0
0
0
7.49681e-16
0
4.10125e-16
0
0
0
0
0
0
0
0
8.86099e-14
2.18825e-15
0
0
0
0
0
7.12405e-09
3.6124e-16
-5.41565e-08
0
0
0
0
0
-2.60074e-16
0
0
0
8.27466e-17
2.29537e-15
0
0
0
0
0
0
0
0
0
0
0
0
0
0
0
0
0
0
0
0
0
0
0
7.84869e-15
0
0
0
0
0
0
0
0
0
0
0
0
0
0
0
0
0
0
0
0
0
0
0
0
0
0
0
0
0
0
0
0
0
0
0
0
0
0
0
0
0
0
0
0
0
0
0
0
0
-1.10889e-13
0
0
0
0
0
0
0
0
0
0
0
0
0
2.39258e-16
0
0
0
0
0
0
0
0
0
0
0
0
0
0
0
0
0
0
0
0
0
0
0
0
0
0
0
0
-2.50068e-16
0
0
0
0
0
0
0
9.71269e-17
2.31527e-16
0
0
0
0
0
0
0
0
0
0
0
0
0
0
0
2.43379e-16
1.19296e-16
0
0
0
0
0
0
0
0
0
0
0
0
0
0
0
0
0
0
0
0
0
0
0
0
0
0
0
0
0
0
0
0
0
0
0
0
0
0
0
0
0
0
0
0
0
0
0
0
0
0
0
0
0
0
0
0
0
0
0
0
0
0
0
0
0
0
0
0
0
0
0
0
0
0
0
0
0
0
0
0
0
0
0
0
0
0
0
0
0
0
0
0
0
0
0
-1.86578e-15
3.83959e-16
0
0
0
0
0
0
0
0
0
0
0
0
0
0
0
0
5.03229e-17
7.1123e-17
0
0
0
0
0
0
0
0
0
0
0
0
-2.12873e-14
0
0
0
0
0
0
0
0
0
0
0
0
0
0
0
-2.97524e-17
-3.05908e-15
0
0
0
7.80568e-15
2.25148e-17
6.27732e-17
0
0
0
0
0
0
1.51966e-15
0
4.66802e-14
0
0
0
0
0
0
0
0
0
0
0
0
0
0
0
0
0
0
0
0
0
0
0
0
0
0
0
0
0
-2.09279e-16
-1.07799e-17
0
0
0
0
0
0
0
0
0
-4.63432e-08
0
0
0
0
0
0
0
0
0
0
0
0
0
0
0
0
0
0
0
0
0
0
0
0
0
0
0
0
0
0
0
0
0
0
0
0
0
0
0
0
0
0
0
0
0
0
0
0
0
0
0
0
0
0
0
0
0
0
0
0
0
0
2.06221e-15
-8.8744e-16
0
0
0
0
0
0
0
0
0
0
0
0
0
0
0
0
0
0
0
0
0
0
0
0
0
-3.99683e-14
4.7366e-18
0
0
0
0
0
0
0
0
0
0
0
0
0
0
3.01775e-16
1.55549e-16
0
-2.44969e-16
0
0
0
0
0
0
0
-2.72952e-17
0
0
0
0
0
-1.29235e-14
-1.20668e-14
0
0
0
0
0
0
0
6.86981e-16
0
0
0
0
0
0
0
0
0
0
1.47429e-14
0
0
0
0
0
0
1.5618e-15
-1.79552e-15
0
0
0
0
0
0
0
0
0
0
-8.50902e-18
0
0
0
0
0
0
0
0
0
0
0
0
0
0
-1.71921e-16
0
0
4.36685e-17
0
0
0
0
0
0
0
0
0
0
0
0
0
0
0
0
1.34737e-16
-2.83157e-17
0
0
0
0
0
0
0
0
0
0
-9.78399e-17
0
0
0
0
0
-4.78173e-16
1.76399e-14
0
0
0
0
0
0
0
0
0
0
0
0
0
7.81952e-16
0
0
-8.91568e-16
0
0
0
0
0
0
0
0
0
0
0
0
0
0
0
0
0
0
0
0
0
0
0
0
0
0
0
0
0
9.27916e-17
-9.42087e-18
0
0
0
0
0
0
0
0
1.78639e-14
-1.4291e-15
0
0
0
0
0
0
0
0
0
0
0
0
0
0
0
0
-5.10313e-31
0
0
0
0
0
-8.22626e-17
2.88515e-14
-1.99303e-14
0
0
0
0
0
-6.454e-16
7.28974e-16
0
0
0
0
0
0
-5.17189e-16
0
0
0
0
0
0
6.14827e-14
0
0
0
0
0
0
0
0
0
0
0
0
0
0
0
0
0
0
0
0
0
3.74815e-14
0
0
0
-5.69235e-15
-6.01609e-15
0
0
0
0
0
0
0
0
0
0
0
5.52268e-17
2.96304e-17
0
-2.56165e-31
0
5.4083e-17
0
-8.62722e-17
6.53201e-29
0
-1.20705e-14
2.06121e-14
0
0
0
0
0
0
0
0
0
0
0
0
0
0
0
0
-2.98008e-14
4.05829e-14
0
0
0
0
0
0
0
0
0
0
0
0
0
0
0
0
0
0
0
0
0
0
0
0
0
0
0
0
0
0
0
0
0
0
0
0
0
0
0
0
0
0
0
0
0
0
0
0
-3.44984e-15
0
0
0
0
0
0
0
0
0
0
0
0
0
0
0
0
0
0
0
0
0
0
-5.99485e-16
0
-2.21043e-16
0
0
0
0
0
-1.57152e-14
-6.08311e-14
0
0
0
0
0
0
0
0
0
0
-1.6066e-16
1.69821e-16
0
0
0
0
0
0
2.00639e-18
0
0
0
0
0
0
0
0
0
0
0
0
0
0
0
0
0
0
0
0
0
0
0
0
0
0
0
0
0
0
0
0
0
-6.08458e-15
3.33172e-16
0
0
0
0
0
0
0
0
0
0
0
0
0
0
0
0
0
0
0
0
-4.53251e-08
0
0
0
0
0
0
0
0
0
0
0
0
0
0
0
0
0
0
0
0
5.11314e-31
0
0
0
0
0
0
0
0
0
0
0
0
0
0
0
0
0
-1.94134e-17
0
0
0
0
0
0
0
0
-3.77343e-17
0
0
0
0
0
0
0
0
0
0
3.50795e-15
2.92018e-15
0
0
0
0
0
0
0
0
0
0
0
0
0
0
0
0
0
0
0
0
0
0
0
0
0
0
0
0
0
0
0
0
0
0
0
0
0
0
0
0
0
0
0
0
0
0
0
0
0
0
0
0
8.16849e-17
0
0
0
0
0
1.41496e-16
-1.47684e-16
0
0
0
0
0
0
0
0
0
0
0
0
0
0
0
-4.35151e-15
0
0
0
0
2.04039e-15
-3.63516e-16
0
0
0
0
0
0
0
0
0
0
0
0
0
0
0
0
0
0
0
0
0
0
0
0
7.19468e-14
-6.13364e-15
0
0
0
0
0
0
0
0
0
0
0
0
0
0
0
0
0
0
0
0
0
0
0
0
4.38916e-15
0
0
3.78922e-14
0
-2.97109e-14
0
0
0
0
0
0
0
1.63173e-14
0
0
0
0
2.21165e-15
6.16129e-17
-7.20935e-16
0
0
0
-3.96989e-19
0
0
0
0
0
0
0
0
0
0
0
0
0
0
0
0
0
0
0
0
0
0
0
0
0
0
0
0
7.02378e-16
0
0
0
0
0
0
0
0
0
0
0
0
0
0
0
0
0
0
0
0
0
0
0
0
0
0
0
0
0
0
0
0
0
0
0
0
0
0
0
0
0
0
0
-1.86048e-14
0
0
0
0
0
0
0
0
0
1.17761e-17
-9.07795e-18
0
0
0
0
0
0
0
0
0
0
0
0
0
0
0
0
0
0
0
0
0
0
0
0
0
0
0
0
0
0
0
0
0
0
-2.29191e-14
0
0
0
0
0
0
0
0
0
0
0
0
0
0
0
0
0
0
0
0
1.13605e-16
2.85768e-16
0
0
0
0
0
0
0
0
0
0
5.89378e-18
0
0
0
0
0
0
0
0
0
0
0
0
0
0
0
0
0
-4.55829e-15
0
0
0
0
0
0
0
0
0
-1.01007e-14
6.13424e-16
0
0
0
0
0
0
0
0
0
0
0
0
0
0
0
0
0
0
0
0
0
0
0
0
0
0
4.07109e-17
-6.23753e-17
0
0
0
0
0
0
0
0
0
0
0
0
0
0
0
0
0
0
0
0
0
0
0
0
0
0
0
0
0
0
0
0
0
0
0
0
0
0
-3.33909e-17
-3.96052e-16
0
0
-3.32815e-16
0
0
0
0
0
3.62599e-16
2.60397e-16
0
0
0
0
0
0
3.31525e-14
-3.88372e-14
0
0
0
0
0
0
0
-1.72035e-16
-5.48234e-16
-1.34521e-15
-4.42402e-15
0
0
0
0
0
0
0
0
0
0
-8.12567e-15
1.95122e-15
0
0
0
0
-8.16501e-30
0
-1.16376e-15
0
0
0
0
0
0
0
0
4.62479e-14
0
0
0
0
0
0
0
0
0
0
0
-2.40024e-15
8.34633e-17
0
0
0
0
0
0
-1.83263e-14
0
3.32463e-14
0
0
0
0
0
0
0
0
0
0
0
0
0
0
0
0
0
0
0
0
0
0
0
0
0
0
0
0
0
0
0
0
0
0
0
0
0
0
0
0
0
0
0
0
0
1.67069e-14
0
0
0
0
0
0
0
0
1.97842e-14
0
0
0
0
0
0
0
0
0
0
0
0
0
0
0
0
0
0
0
0
0
0
0
0
0
0
0
0
0
0
0
4.85271e-16
-3.09295e-16
0
0
-1.9272e-17
1.20756e-16
0
0
0
0
0
0
0
0
0
0
0
0
0
0
0
0
0
0
0
0
0
0
0
-5.10313e-31
0
0
0
0
0
0
0
0
0
0
0
0
0
0
0
3.84958e-17
0
0
0
0
0
0
0
-6.45516e-29
0
-1.97394e-14
0
0
0
0
0
0
0
0
0
0
0
0
0
0
0
0
0
0
0
0
0
0
0
0
0
0
0
0
0
0
0
0
0
0
0
0
0
0
0
0
0
0
0
0
0
0
0
0
0
0
0
0
0
0
0
0
0
1.80208e-16
-8.47637e-15
0
0
0
0
0
0
0
0
0
0
0
0
0
0
0
0
0
0
0
0
0
0
0
0
0
0
0
0
0
0
0
0
0
0
0
0
0
0
0
0
0
0
0
0
0
0
0
0
0
0
0
0
0
0
0
0
0
0
0
0
0
0
0
0
0
0
0
0
0
0
0
0
0
0
0
0
0
0
0
0
0
0
0
0
0
0
0
0
0
0
0
0
0
0
0
0
0
0
0
0
-2.33892e-14
-2.31064e-14
0
0
0
0
0
0
0
0
0
-1.50001e-16
1.46109e-16
1.08747e-16
0
0
0
0
0
0
0
0
0
0
0
0
0
0
0
0
0
0
0
0
0
0
0
0
-6.17282e-16
1.93768e-16
0
0
0
0
0
0
0
0
0
0
0
0
0
0
0
0
0
0
0
0
0
0
0
0
0
0
-4.17179e-16
1.20372e-15
0
0
0
0
0
0
0
0
0
0
0
0
0
0
0
0
0
0
0
0
0
0
0
0
0
0
0
0
0
0
0
0
0
0
0
0
0
0
-6.06509e-17
0
0
0
0
0
0
0
0
0
0
0
0
0
0
0
0
-3.34428e-17
-1.39165e-17
0
0
0
0
-5.40967e-17
0
0
0
0
0
0
0
0
0
0
0
0
0
0
0
0
0
0
0
0
0
0
0
0
0
0
0
0
0
0
0
0
0
0
0
0
0
0
0
0
0
0
0
0
0
0
0
0
0
0
0
0
0
0
0
0
0
0
0
0
0
0
0
0
0
0
0
0
0
0
0
0
0
0
0
-3.27868e-17
-1.42162e-16
0
0
0
0
0
0
0
0
0
0
0
0
0
0
0
0
0
0
0
0
0
0
0
0
0
0
0
-1.09587e-17
0
-1.65698e-15
0
0
0
0
0
0
0
0
0
0
0
0
0
0
0
0
0
0
0
2.86573e-16
0
0
0
0
0
0
0
0
0
0
0
0
0
0
0
0
0
0
0
0
0
0
0
0
0
0
0
0
0
5.64921e-16
7.02572e-17
8.33297e-17
0
0
0
0
0
0
-6.31812e-17
-2.1524e-16
0
0
0
0
0
0
0
0
0
0
0
0
2.74251e-15
-7.72852e-15
0
0
0
0
0
0
0
0
0
0
0
0
0
0
0
0
0
0
2.2441e-14
2.70431e-15
0
-8.65677e-14
5.35262e-14
0
0
0
0
0
0
0
0
0
0
0
0
0
-6.55512e-16
0
0
0
0
0
0
0
0
0
0
0
0
0
0
0
0
0
0
0
1.01874e-15
0
0
0
0
0
1.4567e-17
0
0
0
0
0
0
-4.24004e-14
0
0
0
0
0
0
0
0
0
0
-9.67423e-16
-5.5727e-16
0
0
0
0
0
2.00449e-14
0
5.61556e-15
0
0
0
0
0
0
0
0
1.49547e-15
0
0
0
0
0
1.05791e-14
-1.31716e-16
0
0
-1.58513e-15
2.60792e-16
0
0
0
0
0
0
0
0
0
0
0
0
0
0
0
-1.285e-15
0
0
0
-3.621e-15
0
0
0
0
0
0
0
-2.80071e-14
-3.60152e-14
0
0
0
0
0
0
0
0
0
0
0
0
0
0
0
0
0
0
-2.77691e-16
0
0
0
0
0
0
0
0
0
0
-3.64881e-08
0
0
0
0
0
0
0
0
0
0
0
0
0
0
0
0
-8.9071e-17
-1.22759e-16
-5.11664e-17
2.49445e-17
0
0
0
0
0
0
0
0
0
0
0
0
0
0
0
0
0
0
0
0
0
0
0
0
1.53504e-16
8.14105e-16
0
0
0
0
0
0
0
0
0
0
0
0
0
0
0
0
0
0
0
0
0
0
0
0
0
0
0
0
0
0
0
0
0
0
0
0
0
-1.08378e-16
0
0
0
0
2.77487e-16
0
0
0
0
0
0
-3.26915e-15
0
0
0
0
0
0
0
0
0
0
0
0
0
0
0
0
0
0
0
0
0
0
0
0
0
0
0
0
0
0
0
0
0
0
0
0
0
0
0
0
0
0
0
0
0
0
0
0
0
0
0
0
0
0
0
0
0
0
-6.06135e-16
0
0
0
0
0
0
0
0
0
0
0
0
0
0
0
0
0
0
0
0
0
0
0
0
0
0
0
0
0
0
0
0
0
0
0
0
0
0
0
0
0
0
0
0
0
0
0
0
0
0
0
0
0
0
0
0
0
0
0
0
0
0
0
0
0
0
0
0
0
0
0
0
0
0
0
0
0
0
0
0
0
0
0
0
0
0
0
0
0
0
0
0
0
0
0
0
0
0
-5.13294e-17
0
0
0
0
0
0
0
0
0
0
0
0
0
0
0
0
0
0
0
0
0
0
0
-2.33973e-16
0
0
0
0
0
0
0
0
0
-9.78141e-16
1.72104e-15
0
0
0
0
0
0
0
0
0
0
0
0
0
0
0
0
0
0
4.80306e-14
0
0
0
0
0
0
2.67893e-15
0
0
0
0
0
0
0
0
0
0
0
0
0
0
0
0
0
0
0
0
0
0
-5.64094e-15
0
1.04244e-15
0
0
0
0
0
0
0
0
0
0
0
0
-1.78234e-15
2.77282e-16
0
0
0
0
0
0
0
0
0
0
0
0
0
0
0
0
0
0
0
0
0
0
0
0
0
0
0
0
0
0
0
0
0
0
0
0
0
0
0
0
0
0
0
0
0
0
0
0
0
0
0
0
0
0
0
0
0
0
0
0
0
0
0
0
0
0
0
0
1.04975e-15
0
0
0
0
0
0
0
0
0
0
0
0
0
0
0
0
0
0
0
0
0
0
0
0
0
0
0
0
0
0
0
0
0
0
0
0
0
0
0
0
0
0
0
0
0
0
0
0
0
0
0
0
0
0
0
0
0
0
0
0
0
0
0
0
0
0
0
0
0
0
0
0
0
0
0
0
0
0
0
0
0
0
0
0
0
0
0
0
0
0
0
0
0
0
0
0
0
0
0
0
0
0
0
0
0
0
0
0
0
0
-2.02324e-17
0
0
0
0
0
0
0
0
0
0
0
0
0
0
0
0
3.61321e-16
0
0
0
0
0
0
0
0
0
0
0
0
0
0
0
0
0
0
0
0
0
0
6.54852e-16
8.54955e-17
0
0
0
0
0
0
0
0
0
0
0
0
0
0
0
0
0
0
0
0
0
0
0
0
0
0
0
0
0
0
0
0
0
0
0
0
0
0
0
0
0
0
0
0
0
0
0
0
0
0
0
0
0
0
0
0
0
0
0
0
0
0
0
0
0
0
0
0
0
0
0
0
0
0
0
0
0
-5.74041e-17
0
0
0
0
0
0
0
0
0
0
0
0
0
0
0
0
0
0
0
0
0
0
0
0
0
0
0
0
0
0
0
0
0
0
0
0
0
0
0
0
0
1.22398e-14
0
0
0
0
0
0
0
0
0
0
0
-1.52559e-14
0
0
0
0
0
0
0
0
0
0
0
0
0
0
0
0
0
0
0
0
0
0
0
0
0
0
0
0
0
0
0
0
0
0
0
0
0
0
0
0
0
0
0
0
0
0
0
0
0
0
6.52524e-14
0
0
0
0
0
0
0
0
0
0
0
0
0
0
5.0398e-16
0
0
-3.58216e-14
-2.15559e-15
-3.95485e-14
0
0
0
0
0
0
1.59486e-18
0
0
0
0
0
0
0
0
0
0
0
0
-8.90977e-16
1.77854e-14
0
0
0
0
0
0
0
0
0
0
0
0
0
0
0
2.9649e-14
0
0
0
0
0
0
0
0
0
0
0
0
0
0
0
0
0
0
0
0
0
0
0
0
0
0
0
0
0
0
0
0
0
0
0
0
0
0
0
0
0
0
0
0
0
0
0
0
0
0
0
0
0
0
0
0
0
0
0
0
0
0
0
0
3.06061e-16
0
0
0
0
0
0
0
0
0
0
0
0
0
0
0
0
0
0
0
0
0
0
0
0
0
0
0
0
0
0
0
0
0
0
0
1.24386e-17
-2.10697e-17
0
0
0
0
0
-9.00809e-14
3.53237e-16
0
0
0
0
0
0
0
0
0
0
0
0
0
0
0
0
0
0
0
0
0
0
0
0
0
0
0
0
0
0
0
0
0
0
0
0
0
0
0
0
0
0
0
0
0
0
0
0
0
0
0
0
0
0
0
0
0
0
0
0
0
0
-5.08115e-14
2.40631e-17
-1.15993e-14
0
0
0
0
0
5.68621e-18
0
0
0
0
-7.36829e-14
0
0
0
0
0
0
0
0
0
0
0
0
0
0
0
0
0
0
0
0
0
0
0
0
0
0
0
0
0
0
0
0
0
0
0
0
0
0
0
0
3.61676e-14
0
0
0
0
0
0
0
0
0
0
0
0
0
0
0
0
0
0
0
0
0
0
0
0
0
0
0
0
0
6.4548e-16
0
0
0
0
0
0
0
0
0
0
0
0
0
0
0
0
0
0
0
0
0
0
0
0
-8.83199e-17
0
0
0
0
0
0
0
0
0
0
0
0
0
0
0
0
0
0
0
0
0
0
0
0
0
0
0
0
0
0
0
0
0
0
0
0
0
1.7946e-15
0
0
0
0
0
0
0
0
0
0
-9.80464e-15
0
0
0
0
0
0
0
0
0
0
0
0
0
0
0
0
0
0
0
0
0
0
0
0
0
0
1.52171e-15
4.64429e-17
0
0
0
0
0
0
0
0
0
0
0
0
0
3.88593e-18
-1.76092e-17
-6.91791e-16
0
0
0
1.45652e-13
0
1.22926e-15
0
0
0
0
0
0
0
0
0
0
0
-9.11038e-17
-1.89267e-14
0
0
0
0
0
0
0
0
-6.779e-15
0
0
0
0
0
0
0
0
0
0
0
0
0
0
0
0
0
0
0
0
0
0
0
0
0
0
0
0
0
0
0
0
0
0
0
0
0
0
0
0
0
0
0
0
0
0
0
0
0
0
0
0
2.21519e-16
0
0
0
0
0
0
0
0
0
0
0
0
0
0
0
0
0
0
0
0
0
0
0
0
0
0
0
0
-8.58627e-15
2.81843e-14
-4.83015e-17
0
0
0
0
0
0
0
0
0
0
0
0
0
0
0
0
0
0
0
0
0
0
0
0
0
0
0
0
0
0
0
0
0
0
-2.85199e-17
-7.67699e-17
0
0
-4.06991e-16
-7.19376e-15
3.6267e-17
0
0
0
0
0
0
0
0
0
0
0
0
0
0
0
0
0
0
0
0
0
0
0
0
0
0
0
0
0
0
0
0
0
0
0
0
0
0
0
0
0
0
0
0
-7.89538e-18
0
0
0
0
0
0
0
0
0
0
0
0
0
0
0
0
0
0
0
0
0
0
0
0
0
0
0
0
0
0
0
0
0
0
0
0
0
0
0
0
0
0
0
0
0
0
-7.42795e-16
0
0
0
0
0
0
0
0
0
0
0
0
0
0
0
0
0
0
0
0
0
0
0
0
0
0
0
0
0
0
0
0
0
0
0
0
0
0
0
0
0
0
0
0
0
0
0
0
0
0
0
0
0
0
0
0
0
0
0
0
0
-6.39669e-14
1.11383e-13
0
0
-2.08534e-17
7.4293e-15
-4.45791e-16
0
0
0
0
0
0
0
0
0
0
0
0
0
0
0
0
0
0
0
0
0
0
0
7.37953e-19
5.16012e-16
0
0
0
0
0
0
-6.48057e-17
9.32685e-18
0
0
0
0
0
0
0
1.03404e-16
0
0
0
0
0
0
0
0
0
0
0
0
0
0
0
0
0
0
0
0
0
0
0
0
0
0
0
0
0
-9.58342e-16
0
0
0
0
0
-1.43219e-15
0
0
-5.38614e-15
0
0
0
0
0
0
-8.90456e-14
2.29364e-15
0
-5.18892e-14
0
7.95596e-18
0
0
0
0
0
0
0
0
0
0
0
0
0
0
0
0
0
0
0
0
0
0
0
0
0
0
0
0
0
0
0
0
0
0
0
0
0
0
0
0
0
0
0
0
0
0
0
0
0
0
0
0
0
0
0
0
0
0
0
2.26934e-17
0
0
0
0
0
0
0
0
0
0
0
0
0
0
0
0
0
0
0
0
0
0
0
0
0
0
0
0
0
0
0
0
0
0
0
0
0
0
0
0
0
0
0
0
0
0
0
0
-3.8274e-17
8.77254e-18
0
0
0
0
0
0
0
0
-1.1863e-14
0
0
0
0
0
0
0
0
0
0
0
0
0
1.1887e-16
0
0
0
0
0
0
0
0
0
0
0
0
0
0
0
0
0
0
0
0
0
0
0
0
0
0
0
0
0
0
0
0
7.1007e-14
0
-6.17884e-14
0
0
0
0
0
0
0
0
0
-4.90808e-14
0
0
0
0
0
0
0
0
0
0
0
0
0
0
0
0
0
0
0
0
0
0
0
-1.58326e-17
0
0
0
0
0
0
0
0
0
0
0
0
0
1.00046e-16
0
0
0
0
0
0
0
0
0
0
0
0
0
0
0
0
0
0
0
0
0
0
0
0
2.45346e-15
-8.43142e-17
0
0
-8.16501e-30
0
0
0
0
0
0
0
4.99622e-17
0
0
0
0
0
0
0
0
0
0
0
0
0
0
0
0
0
0
0
0
0
0
0
0
0
-2.45384e-16
-7.2187e-17
1.49616e-17
0
0
0
0
0
0
0
0
0
0
0
0
0
0
0
0
0
0
0
0
0
0
0
0
0
0
0
0
0
0
0
0
-1.9518e-16
0
0
0
0
0
0
0
0
0
0
0
0
-5.05101e-14
1.07815e-13
0
0
0
0
0
0
0
0
0
0
0
0
0
0
0
0
0
0
0
0
0
0
0
0
8.89817e-15
0
0
0
0
-1.99628e-17
0
0
0
0
0
0
0
0
0
0
0
0
0
0
0
0
0
0
0
0
0
0
0
0
0
-7.29898e-15
0
0
0
0
0
0
0
-1.02663e-30
1.01785e-14
3.93725e-17
0
0
0
0
0
0
0
0
0
0
0
0
0
0
0
0
0
0
0
0
0
0
0
0
0
0
0
0
0
0
0
0
0
0
0
0
0
0
0
0
0
0
0
0
0
0
0
0
0
0
0
0
0
0
0
0
0
0
0
0
0
2.5181e-14
0
0
0
0
0
0
0
-4.57176e-16
0
-3.57594e-15
0
-1.30746e-14
0
2.67163e-14
-4.69427e-15
-1.31308e-13
0
0
3.62985e-14
0
-4.21733e-14
-1.17413e-14
0
0
0
0
0
0
0
0
0
0
0
0
0
0
0
0
0
0
0
0
0
0
0
0
0
0
0
0
0
0
0
0
0
0
0
0
0
0
0
0
0
0
0
0
0
0
0
0
0
0
0
0
0
1.80286e-14
-2.70428e-14
0
0
1.07534e-14
0
-2.70672e-15
4.81456e-17
0
1.09528e-14
0
0
0
0
0
0
0
0
0
0
0
0
0
0
0
0
0
0
-1.2486e-15
0
0
0
0
0
4.5582e-15
-1.19889e-14
0
0
0
0
0
0
0
0
0
0
0
0
0
0
0
0
0
0
0
0
0
0
0
0
0
0
0
-2.05816e-16
0
0
0
3.54456e-16
2.02235e-16
0
0
0
0
0
0
0
0
0
0
0
0
0
0
0
0
0
0
0
0
0
0
-6.06564e-15
0
0
0
0
0
0
0
0
0
0
0
0
0
0
0
0
0
0
0
0
0
0
0
0
0
0
0
0
0
-2.35658e-14
0
0
0
0
0
0
0
0
0
0
0
0
0
0
0
0
0
0
0
0
0
0
0
0
0
0
0
0
0
0
0
0
0
-5.28007e-14
4.22634e-14
0
0
0
0
0
0
0
0
0
0
0
0
0
0
0
0
0
0
0
0
0
0
9.47135e-14
-4.56589e-14
2.63176e-14
0
0
0
0
0
0
0
0
0
0
0
0
0
0
0
0
0
0
0
0
0
0
0
0
0
0
0
0
-1.15906e-14
0
0
0
0
0
0
0
0
2.39827e-14
-3.89133e-14
0
0
0
0
0
0
0
0
0
3.76072e-16
0
0
0
0
0
0
0
0
0
0
0
0
0
0
0
0
0
0
0
0
0
0
-1.8782e-15
0
0
0
0
0
0
0
0
0
0
0
0
0
0
7.79855e-14
-4.80346e-14
0
0
0
0
0
-3.67796e-14
2.47733e-14
0
0
0
0
0
0
0
0
0
0
0
0
0
5.33027e-14
0
-6.40616e-15
0
0
0
0
0
0
0
0
0
0
0
0
0
0
0
0
0
0
0
0
0
0
0
0
0
0
7.72671e-17
0
0
0
0
0
0
0
0
0
0
0
0
0
0
0
0
0
0
0
0
0
0
0
0
0
0
0
0
0
0
0
0
0
0
0
0
0
0
0
0
0
0
0
0
0
0
0
0
0
0
0
4.03924e-16
3.52291e-16
0
0
0
5.87179e-16
0
0
0
0
0
7.45e-14
3.38602e-16
0
0
2.17448e-14
6.45516e-29
-1.22369e-13
0
0
0
0
0
0
0
0
0
0
0
0
0
0
0
0
0
0
0
0
0
0
2.11797e-14
0
0
-1.23176e-14
0
0
0
0
0
0
0
0
0
0
0
-8.11762e-15
0
0
0
0
0
0
0
0
0
0
0
0
0
0
0
7.09446e-16
0
0
0
4.33963e-17
-2.25952e-16
0
0
0
0
0
0
0
0
0
0
0
0
0
0
0
0
0
0
0
-1.46117e-16
-6.5698e-16
6.67516e-16
0
0
0
0
0
0
0
0
0
0
0
0
0
0
0
0
0
0
0
0
0
0
0
0
0
0
0
0
0
0
0
0
0
0
0
0
0
0
0
-2.44015e-14
0
0
-2.03413e-14
0
0
0
0
0
0
0
0
0
0
0
0
0
0
0
0
0
0
0
0
0
0
0
0
0
0
0
-1.36191e-16
-6.80428e-16
0
0
0
0
0
0
0
0
0
0
0
0
0
5.62112e-16
1.61543e-16
0
0
0
0
0
0
0
0
0
0
0
0
0
0
0
0
0
0
0
0
0
0
0
2.18495e-14
-2.56657e-31
2.00808e-16
0
0
0
0
0
-1.01458e-15
2.0988e-15
0
1.03674e-16
0
-3.738e-14
0
0
0
0
0
0
0
0
0
0
0
0
0
0
0
0
0
0
0
0
0
0
0
0
0
0
0
0
0
0
0
-2.15829e-16
-9.41756e-17
0
0
0
0
0
0
0
0
8.44847e-15
0
0
0
0
0
0
0
-2.33303e-16
3.29261e-16
0
0
0
0
0
0
0
0
0
0
0
0
0
0
0
1.14188e-13
0
0
0
0
0
0
0
0
0
0
0
0
0
0
0
0
0
0
0
0
0
0
0
0
0
0
0
0
0
0
0
0
0
0
0
0
0
0
0
2.20873e-15
-3.76559e-15
0
0
0
0
1.53873e-15
-3.3053e-15
0
0
0
0
0
0
0
0
0
0
0
0
0
0
0
0
0
0
0
0
0
0
1.81245e-14
-1.62367e-14
-1.3796e-16
1.43429e-14
-1.98384e-15
0
0
0
0
0
0
0
0
0
0
0
0
0
0
0
0
8.91301e-15
1.09759e-14
0
0
0
0
0
0
0
0
0
0
0
0
0
0
0
0
0
0
0
0
0
0
0
0
0
0
3.53767e-15
0
0
0
0
0
0
0
-1.85389e-14
8.17183e-17
-1.22667e-17
0
8.45848e-16
0
0
0
0
0
0
0
0
0
0
0
0
5.95123e-15
0
0
0
4.04389e-15
0
0
0
0
0
-1.70015e-14
-9.55429e-16
0
0
0
-2.3199e-16
0
0
0
0
0
0
0
0
0
0
0
0
0
1.9593e-15
0
0
0
0
0
0
0
0
0
0
0
0
0
0
0
0
0
0
0
0
0
0
0
0
0
0
0
0
0
0
0
0
0
0
0
0
0
0
0
0
0
0
0
0
0
0
0
0
0
0
0
0
0
0
0
0
0
0
0
0
0
0
0
7.78208e-16
-7.28489e-16
0
0
0
0
0
0
0
0
0
9.51922e-16
-2.09036e-15
0
0
0
0
0
0
2.08128e-14
0
-7.00349e-14
0
0
0
0
0
0
0
0
0
0
0
0
0
0
0
0
0
0
0
0
0
0
0
0
0
0
0
0
0
0
0
0
0
0
0
0
0
0
0
0
0
0
0
0
0
0
3.40209e-32
0
0
0
0
-2.11322e-16
0
0
0
0
0
-1.16229e-16
0
0
0
1.60208e-14
-4.06837e-14
0
0
0
0
0
0
-5.56585e-17
0
0
0
0
0
0
0
0
0
-4.83925e-15
0
0
0
0
0
0
0
0
0
0
0
0
0
-1.67157e-14
0
2.41899e-14
0
0
0
0
0
0
0
0
0
0
0
0
0
0
0
0
0
-1.25473e-15
0
0
-1.24362e-15
-1.16206e-15
0
0
0
0
0
0
0
0
0
0
0
0
0
0
0
0
0
0
0
0
0
0
0
0
3.30601e-14
1.13519e-14
0
0
0
0
0
0
0
0
0
0
0
0
0
0
0
0
0
0
0
0
0
0
0
0
0
0
0
0
0
0
0
0
0
0
0
0
0
0
0
0
0
0
0
0
0
0
0
0
0
0
0
0
0
4.36494e-14
5.56053e-14
-1.92202e-14
0
0
0
0
0
0
0
0
0
0
5.08343e-16
0
0
0
0
4.05848e-16
2.08357e-16
0
0
0
1.72063e-15
0
0
0
0
-4.11197e-14
0
1.41039e-14
0
0
0
0
0
0
0
0
0
0
0
0
0
0
0
0
1.48438e-17
0
0
0
0
0
0
0
0
0
0
0
0
0
0
0
0
0
0
0
0
0
0
0
0
0
0
0
0
0
0
0
0
0
0
0
0
0
0
0
0
0
0
0
0
0
0
0
0
0
0
0
0
0
0
0
0
0
0
-4.32397e-14
0
-1.04474e-15
0
0
0
0
0
0
0
0
0
0
0
0
0
0
0
-1.0861e-16
-2.0569e-15
1.02063e-30
0
0
0
0
0
0
0
0
0
4.6428e-15
0
2.94871e-17
5.43876e-16
-1.8e-16
-1.44576e-16
0
0
0
0
0
0
7.20084e-18
0
0
0
0
0
0
0
0
0
0
0
0
0
0
0
0
0
0
-6.32957e-15
-1.96012e-14
0
0
0
0
0
0
0
-2.08733e-15
-2.07032e-15
2.55204e-17
0
0
0
8.91155e-17
-2.49545e-16
0
0
0
0
0
0
0
0
0
0
0
0
7.20668e-14
4.60868e-15
0
0
0
0
0
0
0
0
0
0
0
0
0
0
0
0
-1.75642e-14
-1.5988e-14
-4.16917e-14
0
0
0
0
0
0
0
0
0
0
0
0
0
0
0
0
0
0
0
0
0
0
0
0
0
0
0
0
0
0
0
0
1.05336e-15
0
0
0
0
0
0
0
0
0
0
0
0
3.95695e-14
2.12282e-15
0
0
0
0
0
0
0
0
0
0
0
0
0
0
0
0
0
0
0
0
0
0
0
0
0
0
0
1.49864e-16
0
0
0
0
0
0
0
0
0
0
0
0
0
0
0
0
4.26823e-16
0
0
0
0
0
0
0
0
0
0
0
0
0
0
0
0
3.52418e-14
0
-1.59847e-14
0
0
0
0
0
0
0
0
0
0
0
0
0
0
0
0
0
0
0
-1.52281e-14
0
-6.94075e-14
0
0
0
0
0
0
0
0
0
0
0
0
0
0
0
0
0
0
0
0
0
0
0
0
0
0
0
0
0
0
0
0
0
0
0
0
1.81089e-14
0
0
0
0
0
0
0
0
0
0
0
0
0
0
0
0
0
0
0
0
0
0
0
0
0
0
0
0
-7.22704e-15
0
0
0
0
0
0
0
0
0
0
0
0
0
0
0
-8.66238e-15
-5.10313e-31
0
0
0
0
0
0
0
0
0
0
1.61379e-29
2.27187e-14
0
0
0
0
0
0
0
0
0
0
0
0
0
0
0
0
0
0
0
0
0
0
0
0
0
0
0
0
0
0
0
0
0
0
0
0
0
0
0
0
0
0
0
0
0
0
0
0
0
0
0
0
0
0
0
0
0
0
0
0
0
0
0
0
0
0
0
0
0
0
0
0
0
0
0
0
0
0
0
0
0
0
0
0
0
0
0
0
0
0
0
0
0
0
0
0
0
0
0
0
0
0
0
0
0
0
-9.98921e-17
0
0
0
0
0
0
0
0
0
0
0
0
0
0
0
0
0
-1.57746e-16
0
0
0
0
0
0
0
0
0
0
0
0
0
0
-4.25159e-16
2.94006e-14
6.76734e-15
0
0
0
0
0
0
0
0
0
0
0
0
0
0
0
0
0
0
0
0
0
0
0
0
0
0
0
0
0
0
0
0
5.83288e-17
0
0
0
0
0
0
0
0
0
0
0
-2.50092e-14
-2.67805e-14
0
4.96046e-16
0
0
0
0
0
0
0
0
0
0
0
0
0
0
0
0
0
0
0
0
0
0
0
0
0
0
0
0
0
0
0
0
0
-3.65836e-16
0
0
0
0
0
0
0
0
0
0
0
0
0
0
0
0
0
0
0
0
0
0
0
0
0
0
0
0
0
0
0
0
0
0
0
0
0
0
-1.57262e-17
0
0
0
0
0
0
0
0
0
0
0
0
0
0
0
0
0
0
0
0
0
0
0
0
0
0
0
0
0
0
0
0
0
0
0
0
0
0
0
0
0
0
0
0
4.40247e-14
-6.30617e-14
0
0
0
0
0
0
0
0
0
0
0
0
0
0
0
0
0
0
0
0
0
0
0
0
-1.25577e-15
0
0
0
0
0
0
0
0
0
0
0
0
0
0
0
0
-4.38085e-15
4.7795e-15
0
0
0
0
0
0
-2.96067e-18
0
0
0
0
0
0
6.04574e-15
0
0
0
0
0
0
0
0
0
0
0
0
0
0
0
0
0
0
0
0
0
0
0
0
0
0
0
0
0
0
0
0
0
0
0
0
0
0
0
0
0
0
0
0
0
0
0
0
0
0
0
0
0
0
0
0
0
0
1.47287e-14
-9.32096e-15
0
0
0
0
0
0
0
0
0
0
0
4.39691e-16
0
0
0
0
0
0
0
0
0
0
0
0
0
0
0
0
0
0
0
0
0
0
0
0
0
0
0
0
0
0
0
0
0
0
0
0
0
0
0
0
-2.75586e-16
-2.44212e-16
0
0
0
0
0
0
1.58756e-14
-2.1891e-16
0
0
0
0
0
0
0
0
0
0
0
0
0
0
0
0
0
0
0
0
0
0
0
0
0
0
0
0
0
0
0
0
0
0
0
0
0
0
0
0
0
0
0
0
0
0
0
0
-1.63961e-29
9.54536e-15
0
0
0
0
0
0
0
0
0
0
0
0
0
0
0
0
0
0
0
0
0
0
0
0
0
0
0
0
0
0
0
0
0
0
0
0
0
0
0
0
0
0
0
0
0
0
0
0
0
0
0
0
0
0
0
0
0
9.73095e-16
1.05154e-14
0
0
0
0
0
0
0
0
0
0
0
0
0
0
0
0
0
0
0
0
0
0
0
0
0
0
0
0
0
0
0
0
0
0
0
0
8.45166e-17
-6.77842e-17
0
0
0
0
0
0
0
0
0
0
0
0
0
0
0
0
0
0
0
0
0
0
0
0
0
0
0
0
0
0
0
0
0
0
0
0
0
0
0
6.6302e-17
-2.51478e-16
0
0
0
0
0
0
0
0
0
0
0
0
0
0
0
0
0
0
0
0
0
0
-6.69058e-16
0
0
0
0
0
0
0
0
0
0
0
0
0
0
0
0
0
0
0
0
0
0
0
0
0
0
0
0
0
0
0
-2.64257e-16
0
0
0
0
0
0
0
0
0
0
0
0
0
0
0
0
0
0
0
0
0
0
0
0
0
0
1.17607e-17
-1.09736e-15
0
0
0
0
0
0
0
0
0
0
0
0
0
0
0
0
0
0
0
0
0
0
0
0
0
0
0
0
0
0
0
0
0
0
0
0
0
0
0
0
0
0
0
0
0
0
0
0
0
0
0
0
0
0
0
0
0
0
0
0
0
0
0
0
0
0
0
0
0
0
0
0
0
0
0
0
0
0
0
0
0
0
0
0
0
0
0
0
0
0
0
0
0
0
4.40842e-14
-1.26095e-13
1.52635e-15
0
0
0
0
0
0
0
0
0
0
0
0
0
0
0
0
0
0
0
0
7.02949e-15
0
0
0
0
0
0
0
0
0
3.15444e-16
-4.18514e-16
0
0
0
0
0
0
0
0
0
0
0
0
0
0
0
0
0
0
0
0
0
0
3.3788e-17
-3.74019e-16
0
0
0
0
0
0
0
0
0
0
0
0
1.71215e-14
0
0
0
0
0
1.07373e-16
0
0
0
0
0
0
0
2.46306e-16
0
0
0
0
0
0
0
0
0
0
0
0
0
0
0
0
0
0
0
0
4.40737e-14
0
0
0
0
0
0
-1.29532e-16
0
0
0
0
0
0
0
1.67375e-14
0
0
0
4.75678e-16
2.80548e-15
0
0
0
0
0
0
0
0
0
0
2.36503e-14
0
0
0
0
0
0
0
0
0
0
0
0
0
0
0
0
0
0
0
0
0
0
0
0
0
0
0
0
0
0
0
0
0
0
0
0
0
0
0
0
0
0
0
0
0
0
0
0
0
0
0
0
0
0
0
0
0
0
0
0
0
0
0
0
0
0
0
0
0
0
0
0
0
0
0
0
0
0
0
0
0
0
0
0
-9.20179e-16
-1.03625e-16
0
-7.49716e-14
0
0
1.36614e-16
0
0
0
0
0
0
0
0
0
0
0
0
0
0
0
0
0
0
0
0
0
0
0
0
0
0
0
0
0
0
1.2198e-14
-3.82653e-14
0
0
0
0
0
0
0
0
0
0
-1.90019e-15
0
7.76094e-16
0
0
0
0
0
0
0
0
0
0
0
1.1846e-14
0
1.80524e-15
0
0
0
0
0
0
0
0
0
0
0
0
0
0
0
0
0
0
0
0
0
0
0
0
0
0
0
0
0
0
0
6.72115e-15
0
-2.8098e-14
0
0
0
0
0
0
0
0
0
7.91586e-15
6.30911e-14
0
0
0
0
0
0
0
0
0
0
0
0
0
0
0
0
0
0
0
0
0
0
0
0
0
0
0
0
0
0
0
0
0
0
0
0
0
0
0
0
0
0
0
-1.06503e-15
6.69981e-16
6.97811e-17
0
0
0
0
0
0
0
0
0
0
0
0
0
0
0
0
0
0
0
0
0
0
0
0
-1.26492e-14
-2.43123e-14
0
0
0
0
0
0
0
0
0
0
0
0
0
0
0
0
0
0
-4.30208e-16
0
0
-2.53463e-16
0
0
0
0
2.68003e-16
0
0
0
0
0
0
0
0
-3.23413e-15
2.84196e-14
0
4.82399e-15
0
0
0
0
0
0
0
0
0
0
0
0
0
0
0
0
0
0
0
0
0
0
0
0
0
0
0
0
0
0
0
0
0
0
0
0
0
0
0
0
0
0
0
0
0
0
0
0
0
0
0
-3.24119e-14
0
-4.60767e-15
1.79911e-14
0
0
0
0
0
0
0
0
0
0
0
0
0
0
4.85641e-17
9.32721e-17
-1.18902e-16
0
0
0
0
0
0
0
0
0
0
-9.67617e-16
0
0
0
0
0
0
0
0
0
0
0
0
0
0
0
0
0
0
0
0
-6.6491e-16
0
0
0
0
0
0
0
0
0
0
0
0
0
0
0
0
0
0
0
0
0
0
0
0
0
0
0
0
0
0
0
0
0
0
0
0
0
0
0
0
0
0
0
0
0
0
0
0
0
0
0
0
0
-1.9291e-14
0
0
0
0
0
0
0
0
0
0
0
0
0
0
0
0
0
0
0
0
0
0
0
0
0
-7.16431e-18
0
0
0
0
0
0
0
0
0
0
0
0
0
0
0
0
0
0
0
0
4.36453e-14
0
0
0
0
0
0
0
0
0
0
0
0
0
0
0
0
0
0
0
0
0
0
0
0
0
0
0
0
0
3.62812e-14
0
0
0
0
0
0
0
0
0
0
0
0
0
0
0
4.65067e-17
0
0
0
0
0
0
0
0
0
0
0
0
0
0
0
0
0
0
0
0
0
0
0
0
0
0
0
0
0
0
0
0
0
0
0
0
0
0
0
0
0
0
0
0
4.56537e-16
0
0
1.38911e-16
0
0
0
0
0
0
0
0
0
0
0
0
0
0
0
0
-9.79766e-15
-2.20986e-14
0
0
0
0
3.57721e-14
0
0
0
0
-2.3061e-16
0
0
0
0
0
0
2.71308e-16
0
0
0
0
0
0
1.34483e-16
0
0
0
0
0
0
0
0
0
0
0
0
0
-9.72023e-17
0
0
0
0
0
-5.58221e-14
0
0
0
0
0
0
0
0
2.65749e-14
0
0
0
0
0
0
0
0
0
0
0
-4.45838e-17
0
0
0
0
0
0
0
0
0
0
0
0
0
0
0
0
0
0
0
0
0
0
0
3.72193e-17
-6.57261e-18
0
0
0
0
0
0
0
0
0
2.87466e-14
0
0
0
0
0
0
0
0
0
0
0
0
0
0
0
0
0
0
0
0
0
6.22114e-17
-1.93212e-17
1.84094e-18
0
0
0
0
0
0
0
0
0
0
0
0
0
0
4.34982e-19
0
0
0
0
0
0
0
0
0
0
0
0
0
0
0
0
4.41736e-14
-1.62654e-14
0
0
0
0
0
0
0
0
0
0
0
0
0
0
0
0
0
0
0
0
0
0
0
0
0
0
0
0
0
0
0
0
0
0
0
0
0
0
0
0
0
0
0
0
0
0
0
0
0
0
0
0
0
0
-3.95439e-14
0
0
0
0
0
0
0
0
0
0
0
0
0
0
0
0
0
0
0
0
0
0
0
0
0
0
0
0
0
0
0
0
0
0
0
0
0
0
0
0
0
0
0
0
8.79227e-15
0
0
0
0
3.94391e-14
7.76863e-16
2.29282e-14
0
0
0
0
0
0
0
0
0
0
0
0
0
0
0
0
0
0
0
0
0
0
0
0
0
0
0
0
0
0
0
0
0
0
3.93474e-14
0
0
0
0
0
0
0
0
0
0
0
0
0
0
0
0
0
0
0
0
0
0
0
0
0
0
0
0
0
0
0
0
0
0
0
0
0
0
0
0
0
-1.96958e-14
4.13666e-14
0
0
0
0
0
0
0
0
0
0
0
0
0
0
0
0
0
0
0
0
0
0
0
0
0
0
0
0
0
0
0
0
0
0
0
0
0
0
0
0
0
0
0
0
0
0
0
0
3.50746e-17
0
0
0
0
0
0
0
0
-3.266e-29
0
0
0
0
0
0
0
0
0
0
0
0
0
0
0
0
0
0
0
0
0
0
0
0
0
0
3.0411e-18
0
0
0
0
-2.52948e-15
0
0
0
-2.53536e-15
0
0
0
0
0
0
0
0
0
2.08577e-14
0
0
0
2.63197e-16
9.74435e-17
0
0
0
0
0
0
0
0
0
0
0
0
0
0
0
0
0
0
0
0
0
0
0
0
0
0
9.08414e-17
-4.45952e-16
0
0
0
0
0
0
0
0
0
-7.00967e-14
-3.07388e-30
-2.34889e-14
0
0
0
0
0
0
0
0
0
0
0
0
0
0
0
0
0
0
0
0
-1.14649e-16
7.56242e-17
0
0
0
0
0
-3.14618e-16
0
-4.43585e-15
-1.79094e-17
1.54782e-16
0
0
-6.54109e-16
0
0
0
0
0
0
0
0
0
0
0
0
0
0
0
0
0
0
0
0
0
0
0
0
0
0
0
7.49525e-14
0
0
0
0
0
0
0
0
0
0
0
0
3.75863e-14
0
-7.11236e-14
0
0
0
0
0
0
0
0
0
0
0
0
0
2.57704e-15
0
0
0
0
0
0
0
0
0
0
0
0
0
0
0
0
0
0
0
0
0
0
-1.51227e-16
6.94487e-16
0
0
0
0
0
0
0
0
0
0
0
0
0
0
-4.47018e-14
0
0
0
0
0
-2.38139e-16
0
0
3.50834e-14
-1.63899e-14
0
0
0
0
0
0
0
0
0
0
0
0
0
0
0
0
0
0
0
0
2.50839e-17
-4.22499e-17
0
0
0
0
0
-1.58741e-15
0
-9.0675e-15
-8.64744e-15
0
6.82897e-17
-1.87726e-15
0
1.5421e-14
0
0
0
0
0
0
0
0
0
0
0
0
0
0
0
0
0
0
0
0
0
0
0
0
0
0
0
0
0
0
0
0
0
0
0
0
0
0
0
0
0
0
0
0
0
0
0
0
0
0
0
0
0
0
0
0
0
0
0
0
0
0
0
0
0
0
0
0
1.49566e-15
0
0
0
0
0
-9.43693e-16
0
0
0
0
0
0
9.75595e-15
0
0
0
0
0
2.83252e-15
0
0
0
0
0
0
0
0
0
0
0
0
0
0
0
0
0
0
0
0
0
0
0
0
0
0
0
0
0
0
0
0
0
0
0
0
0
0
0
0
0
0
0
0
0
0
0
0
0
0
0
0
0
0
0
0
0
0
0
0
0
0
0
0
0
-1.27274e-16
2.47412e-16
1.07222e-14
0
0
0
0
0
0
0
0
-7.41881e-14
0
0
0
0
0
0
0
0
0
0
0
0
0
0
0
0
0
0
0
0
0
0
0
0
0
-4.48866e-14
0
0
0
0
0
0
0
0
0
0
0
-8.59871e-14
0
0
0
5.09847e-17
0
0
0
0
0
0
0
0
0
0
0
0
0
0
0
0
0
-1.50092e-33
0
0
0
0
0
0
0
1.44078e-15
0
0
0
0
0
0
0
0
0
0
0
0
0
0
0
0
0
2.14511e-18
0
0
0
0
0
0
-2.34268e-17
0
0
0
6.36982e-19
0
0
0
0
0
0
0
0
0
0
0
0
0
0
0
0
6.60303e-18
0
0
0
0
0
0
0
-5.59335e-17
4.48869e-16
0
0
0
0
0
0
0
0
0
0
0
0
0
0
0
0
0
0
0
0
0
0
0
-8.1492e-19
0
0
0
0
0
0
0
0
0
0
0
0
0
0
0
0
0
0
0
0
0
2.29225e-17
1.51211e-16
0
0
0
0
0
0
0
0
0
0
0
0
0
0
0
0
0
0
0
0
0
0
0
0
0
0
0
0
0
0
0
0
0
0
0
0
0
0
0
0
0
0
0
0
0
0
0
0
0
-9.61062e-16
0
0
0
0
0
0
0
0
0
0
0
0
0
0
0
0
0
0
0
0
0
0
0
0
0
0
0
0
6.22035e-15
-6.93401e-16
0
0
0
0
1.47731e-14
-4.79159e-14
0
0
0
0
0
0
0
0
0
0
0
0
0
0
0
0
0
0
0
0
0
0
0
0
0
0
0
0
0
0
0
0
0
0
0
0
0
0
0
0
0
0
0
-5.57793e-15
-1.63815e-15
0
0
0
0
0
0
0
0
0
0
0
5.62728e-17
0
3.64881e-08
3.64881e-08
3.32741e-08
3.97021e-08
3.94415e-08
3.35347e-08
4.65758e-08
2.64004e-08
4.35045e-08
2.94717e-08
3.50285e-08
3.79477e-08
3.41906e-08
3.87856e-08
4.38375e-08
2.91387e-08
3.54215e-08
3.75547e-08
4.49656e-08
2.80106e-08
3.64881e-08
3.64881e-08
3.64881e-08
3.64881e-08
3.63059e-08
3.66703e-08
4.68064e-08
2.61698e-08
3.73586e-08
3.56176e-08
4.22826e-08
4.66301e-08
2.63461e-08
4.15738e-08
3.14024e-08
4.0072e-08
3.29042e-08
2.98565e-08
4.31197e-08
3.64881e-08
4.32843e-08
2.96919e-08
3.72467e-08
3.57295e-08
3.64881e-08
3.64881e-08
3.49313e-08
3.80449e-08
3.69136e-08
3.60626e-08
4.43566e-08
2.86196e-08
3.14203e-08
4.15559e-08
3.2546e-08
4.04302e-08
0
0
0
0
0
0
0
0
0
0
0
0
0
0
0
0
0
0
0
6.06684e-16
0
0
0
0
0
0
0
0
0
0
0
0
0
0
0
0
-3.09468e-15
0
0
0
0
0
0
0
0
0
0
0
0
0
0
0
0
0
0
-1.29423e-15
0
0
0
0
0
-3.37747e-14
0
0
0
0
0
0
0
0
0
0
0
0
0
0
0
0
0
0
0
0
0
0
0
0
0
0
0
0
0
0
0
0
0
0
0
0
0
0
0
0
0
0
0
0
0
0
0
0
0
0
0
0
0
0
-1.65885e-17
0
0
0
0
0
0
0
0
0
0
0
0
0
0
0
0
0
0
0
0
0
0
0
0
0
0
0
0
2.93703e-08
4.36059e-08
2.94351e-08
4.35411e-08
3.65289e-08
3.64473e-08
0
0
0
0
0
3.33888e-08
3.95874e-08
0
4.73248e-08
2.56515e-08
0
0
0
0
0
0
0
0
0
3.69958e-08
3.59804e-08
3.64881e-08
3.64881e-08
0
0
0
0
6.96422e-17
9.20995e-17
0
0
0
0
0
0
0
0
0
0
3.76927e-08
3.52835e-08
0
0
0
1.54922e-15
1.9746e-15
0
0
3.89156e-08
3.40606e-08
3.47536e-08
3.82226e-08
0
0
0
0
3.2433e-08
4.05432e-08
0
0
0
0
0
0
0
0
-4.94908e-15
0
0
0
0
0
0
0
0
0
0
0
0
0
0
0
0
0
4.32695e-08
2.97067e-08
0
0
0
0
0
0
-6.77544e-15
0
3.64881e-08
3.64881e-08
2.02275e-14
5.31431e-14
0
0
-2.49546e-14
0
0
3.61245e-08
3.68517e-08
3.90331e-08
3.39431e-08
0
0
0
3.33931e-08
3.95831e-08
0
0
0
0
4.14448e-08
3.15314e-08
0
0
4.37704e-08
2.92058e-08
0
0
0
0
0
-8.75669e-17
0
0
0
0
0
0
0
0
3.71079e-08
3.58683e-08
0
0
0
0
0
0
0
0
7.12328e-14
-1.04394e-14
0
0
0
0
0
0
0
3.55455e-08
3.74307e-08
0
0
0
0
3.82418e-08
3.47345e-08
0
3.6104e-08
3.68722e-08
0
0
0
0
0
0
0
0
4.6599e-08
2.63772e-08
3.31167e-08
3.51338e-08
3.78424e-08
3.64881e-08
3.64881e-08
3.34948e-08
3.94814e-08
3.64881e-08
3.64881e-08
3.63171e-08
3.66591e-08
0
0
0
0
0
0
0
0
0
0
0
0
0
0
0
0
0
0
0
3.64881e-08
3.64881e-08
1.53349e-15
3.57282e-08
3.72481e-08
3.73371e-08
3.56391e-08
0
0
0
0
0
0
4.04049e-08
3.25713e-08
0
0
3.08223e-08
4.21539e-08
3.64881e-08
3.64881e-08
0
0
0
0
0
0
3.5834e-08
3.71422e-08
0
0
0
0
0
0
0
4.14182e-08
3.1558e-08
0
0
0
0
0
0
0
0
0
0
0
3.64881e-08
3.64881e-08
0
0
3.96853e-08
3.32909e-08
-9.23414e-14
3.70759e-14
0
0
0
0
0
0
0
4.56843e-08
2.72919e-08
0
0
0
3.64881e-08
3.64881e-08
0
3.64881e-08
3.64881e-08
0
4.44572e-08
2.8519e-08
0
0
1.75533e-14
0
0
0
0
5.46745e-08
5.42721e-08
-5.42721e-08
-6.00624e-08
6.00624e-08
6.65915e-08
-6.65915e-08
-6.90995e-08
6.90995e-08
0
0
0
0
0
0
-3.26302e-14
0
0
0
0
0
0
0
7.61082e-15
-1.79486e-14
0
0
0
0
0
0
0
0
-7.67904e-16
5.79605e-16
0
0
4.50036e-08
2.79726e-08
0
0
0
0
0
0
-3.12354e-14
0
0
0
0
0
0
0
0
3.64881e-08
3.64881e-08
3.16662e-15
0
0
0
0
0
0
0
0
0
0
3.43067e-08
3.86696e-08
-3.92149e-14
1.69402e-14
0
0
0
0
0
0
-1.7179e-16
0
0
0
4.08726e-08
3.21036e-08
0
0
0
5.00953e-08
2.28809e-08
0
-5.66982e-15
0
-4.00532e-15
0
0
0
0
0
0
0
0
0
0
0
0
0
0
4.02071e-08
3.27691e-08
0
-1.42201e-14
2.81507e-14
0
0
0
0
0
-7.10595e-14
0
0
0
0
3.50811e-08
3.78951e-08
4.59416e-08
2.70346e-08
0
6.45516e-29
0
0
3.73564e-08
3.56198e-08
0
0
0
1.78964e-14
-1.67169e-15
0
0
4.1669e-08
3.13072e-08
0
0
0
0
0
0
0
0
0
0
0
0
0
0
0
0
0
3.41834e-08
3.87929e-08
0
0
0
0
0
0
0
0
0
0
-5.33391e-15
0
0
0
0
0
0
3.70046e-08
3.59716e-08
3.64881e-08
3.64881e-08
0
3.70188e-08
3.59574e-08
-6.24294e-15
0
0
0
0
0
0
0
0
0
0
-1.95248e-14
0
0
0
0
0
0
0
0
0
0
0
0
0
3.20478e-14
0
0
0
0
0
0
0
0
0
0
0
0
0
0
0
0
0
0
0
0
0
0
0
0
0
0
0
0
0
0
0
0
0
0
0
0
0
0
0
0
0
0
0
0
0
0
0
0
0
0
0
0
0
-7.84698e-17
0
0
0
0
0
0
0
0
0
0
0
0
0
0
0
0
0
0
0
0
0
0
0
0
0
0
0
0
0
0
0
0
0
0
0
0
0
0
3.64881e-08
3.64881e-08
0
0
0
0
0
0
0
0
0
0
0
0
0
0
0
0
0
0
4.04029e-16
-7.35683e-17
0
0
0
0
0
0
0
-2.17743e-14
0
0
-1.96503e-14
0
0
8.7669e-16
-6.48655e-16
0
0
0
0
0
0
0
0
0
0
0
0
0
0
0
0
0
0
0
3.95247e-08
3.34515e-08
3.73108e-08
3.56654e-08
0
0
0
0
0
0
-1.6604e-16
0
0
-2.48128e-14
0
0
0
0
0
0
0
0
0
0
0
0
0
0
0
0
0
0
0
0
0
0
0
0
1.20526e-15
0
0
0
0
0
0
0
0
0
0
0
0
0
0
0
0
0
0
0
0
0
0
0
0
0
0
0
0
0
0
0
0
0
0
-1.75128e-14
3.01019e-16
0
0
0
0
0
0
0
1.31473e-17
0
0
3.95184e-08
3.34578e-08
0
0
0
0
0
0
0
0
0
0
0
0
0
0
0
2.97295e-16
0
0
0
0
0
0
0
0
0
0
-3.48082e-16
3.43411e-15
0
0
0
0
0
0
0
0
0
0
0
0
0
0
0
0
0
0
0
0
0
0
0
0
0
0
0
0
-3.60719e-16
-1.0567e-16
0
0
0
0
0
0
0
0
0
0
0
0
0
0
0
0
0
0
0
0
0
0
0
0
0
0
0
0
0
0
0
0
0
0
0
0
0
0
0
0
0
0
0
0
4.08758e-08
3.21004e-08
0
0
0
0
0
0
0
0
0
0
0
0
0
0
0
1.44546e-15
0
0
0
0
0
0
0
0
0
0
0
0
0
0
0
0
0
0
0
0
9.63637e-17
-2.99853e-16
0
0
0
-1.01292e-16
0
0
0
0
0
0
0
0
0
-6.64754e-16
2.509e-16
0
0
0
0
0
0
0
0
0
0
0
0
0
0
0
0
0
0
0
0
0
0
0
0
0
0
0
0
0
0
0
0
0
0
0
0
0
-3.55596e-16
3.36824e-16
0
0
0
0
0
0
0
0
0
0
0
2.52046e-14
3.7868e-08
3.51082e-08
0
0
0
4.59895e-16
0
0
0
0
0
0
0
0
0
0
0
0
0
-9.23372e-15
0
0
0
0
0
0
0
0
0
0
0
0
0
0
0
0
0
0
0
0
0
0
0
0
0
1.19371e-16
3.87533e-15
-8.88116e-17
0
0
0
0
0
0
0
0
0
0
0
0
-2.58972e-14
0
0
0
0
0
0
-1.633e-29
0
0
0
0
0
0
0
0
0
0
0
0
0
0
0
0
0
0
0
0
0
-2.20323e-14
-5.95755e-15
0
0
0
0
0
0
0
0
0
0
0
0
0
0
0
0
0
0
1.87034e-14
0
0
0
0
0
0
0
0
0
0
0
0
0
0
0
0
0
0
0
0
0
0
0
0
0
0
0
0
0
0
0
0
8.94536e-15
0
0
0
0
0
-2.13455e-16
0
0
0
0
0
0
0
0
0
0
0
-5.74096e-15
5.38098e-14
6.20755e-08
-6.20755e-08
3.64881e-08
3.64881e-08
0
0
0
0
0
0
0
0
0
0
0
0
0
0
0
0
0
3.89406e-08
3.40356e-08
0
0
0
0
4.17456e-16
0
0
0
0
0
0
0
0
3.48972e-14
9.50816e-15
0
0
0
0
0
0
0
0
0
0
0
0
0
0
0
0
0
0
0
0
0
0
0
0
6.43516e-15
-1.98099e-16
0
0
0
0
0
0
0
0
0
0
0
0
0
0
0
0
0
0
0
0
0
0
0
0
0
0
0
0
0
0
0
0
0
-3.34391e-17
0
0
0
0
0
0
0
0
-1.16591e-14
0
0
0
0
0
0
0
0
0
0
0
0
-1.39452e-16
0
0
0
0
0
0
0
0
0
0
0
0
2.03989e-14
-3.91405e-15
1.61207e-14
0
0
3.20026e-15
1.06925e-15
0
0
0
-4.22317e-17
0
0
0
0
0
0
0
0
0
0
0
0
0
0
0
0
0
0
0
0
7.22413e-08
-7.22413e-08
-7.33547e-08
7.33547e-08
0
0
0
0
-6.06987e-08
6.06987e-08
0
0
0
0
0
0
0
0
0
0
0
0
0
0
0
0
0
0
0
0
0
0
0
0
0
0
0
0
0
0
0
0
0
0
0
0
0
0
0
0
0
0
0
0
0
0
0
0
0
0
0
0
0
0
0
0
1.40309e-16
0
0
-1.10924e-16
-1.58607e-15
0
0
0
0
0
0
0
0
0
0
0
0
0
0
0
0
0
0
0
0
0
-6.60822e-08
6.60822e-08
0
0
0
0
0
0
0
0
0
0
0
0
0
0
0
0
0
0
0
0
0
0
0
0
0
0
0
0
0
3.99572e-08
3.3019e-08
0
0
0
0
0
0
0
0
0
0
-2.09691e-15
0
2.21688e-16
0
0
0
1.25102e-14
0
0
0
0
0
0
0
0
0
0
0
0
0
0
0
0
0
0
0
0
0
0
0
0
0
0
0
0
0
0
0
0
0
0
0
0
0
0
0
0
0
0
0
0
0
0
0
0
0
0
0
0
0
0
0
0
0
0
0
0
0
0
-2.00312e-15
0
0
0
0
0
0
0
0
0
0
0
4.75713e-17
-2.44521e-16
0
0
0
0
2.36204e-14
0
0
0
0
0
0
0
0
0
3.64881e-08
3.64881e-08
0
0
0
0
0
0
0
0
0
0
0
0
0
0
0
0
0
3.00551e-08
4.29211e-08
0
0
0
0
0
0
0
0
0
0
0
0
0
0
0
0
0
0
0
0
0
0
0
0
0
0
0
0
0
0
0
0
0
0
0
0
0
0
0
0
-1.7586e-14
-1.02526e-14
0
0
0
0
-2.29692e-17
0
0
0
0
0
0
0
0
0
0
0
0
0
0
0
0
0
0
0
0
0
0
0
0
0
0
0
-5.11832e-14
0
0
0
0
0
0
0
0
0
0
0
-1.33938e-17
0
0
0
0
0
0
0
0
0
0
0
0
0
0
0
0
3.74456e-08
3.55306e-08
0
0
0
0
0
0
3.11886e-08
4.17876e-08
0
0
0
0
9.84948e-17
0
0
0
0
0
-1.43243e-15
0
0
0
0
0
0
0
0
0
0
0
0
0
0
0
0
0
0
0
0
0
0
0
0
0
0
0
0
0
0
0
0
0
0
0
0
0
0
0
0
0
0
0
0
0
0
-5.02924e-17
0
0
0
0
0
0
0
0
0
0
0
-6.54112e-16
0
0
0
0
0
0
0
0
0
0
0
0
0
0
0
0
0
0
-1.36143e-14
0
0
0
0
0
0
0
0
0
0
0
0
0
0
0
0
-6.42099e-08
6.42099e-08
0
0
0
0
0
0
0
0
0
0
0
0
0
0
0
0
0
0
0
0
0
0
0
0
0
0
0
-4.77353e-17
0
1.87465e-17
0
0
0
0
0
0
0
0
0
0
0
0
0
0
0
0
0
0
0
-6.13332e-17
0
0
0
0
0
0
0
0
0
0
0
0
0
0
0
0
0
0
0
0
0
0
0
0
0
0
0
0
0
0
0
0
0
0
0
0
0
0
0
0
0
0
0
0
0
0
0
0
0
0
0
0
0
0
0
0
0
0
0
0
0
0
0
0
0
0
0
0
0
0
0
0
0
0
0
0
0
0
0
0
0
-2.92829e-17
0
-2.59185e-16
0
0
0
0
0
0
0
0
0
0
0
0
0
0
0
0
0
-4.91635e-16
0
0
0
0
-6.27178e-16
0
0
0
0
0
0
0
0
0
0
0
0
0
0
0
0
0
0
0
0
0
0
1.06949e-16
0
0
0
0
0
0
0
0
0
0
0
0
0
0
0
0
0
0
0
0
0
0
-1.83413e-15
-5.68641e-16
0
0
0
0
0
0
0
0
0
3.29031e-16
-5.6138e-16
0
0
0
0
0
0
0
0
0
0
0
0
0
0
0
0
0
0
0
0
0
0
0
0
0
0
0
0
0
0
0
0
0
0
0
0
0
0
0
0
0
0
0
0
0
0
0
0
0
0
0
0
0
0
0
0
0
0
0
0
0
0
0
0
0
0
-1.05062e-15
3.29318e-17
0
0
0
1.57466e-14
0
0
0
0
0
0
0
0
0
0
0
0
0
0
0
0
0
0
0
0
0
0
0
0
0
0
0
0
0
0
0
0
0
0
0
0
0
0
0
0
-7.68471e-31
-9.65301e-15
0
0
0
0
0
0
0
0
0
0
0
0
-6.58828e-16
-1.0842e-15
0
0
-4.88867e-16
0
0
0
0
0
0
0
0
0
0
0
-1.20074e-32
0
0
0
0
0
-3.5884e-16
3.94594e-16
0
-2.511e-17
0
0
0
2.33169e-14
0
3.29428e-14
0
0
0
0
0
0
0
0
0
0
0
0
0
0
0
0
0
0
0
0
0
0
0
0
0
0
0
0
0
0
0
0
0
0
0
0
0
0
0
0
0
0
0
0
0
0
0
0
0
0
0
0
0
0
0
0
0
1.80448e-16
0
0
0
0
0
0
0
0
0
0
0
0
0
0
0
0
0
0
0
0
0
0
0
0
0
1.07114e-15
2.03843e-14
6.47752e-08
-6.47752e-08
0
0
0
0
0
0
0
0
0
0
0
0
0
0
0
0
0
0
0
0
0
0
0
-6.91699e-08
6.91699e-08
0
0
0
0
0
0
0
0
0
0
0
0
0
0
0
0
0
0
0
0
0
0
0
0
0
0
0
0
0
0
0
0
0
0
0
0
0
0
0
0
0
0
0
3.56637e-08
3.73125e-08
0
0
2.32911e-16
0
0
0
0
0
0
0
0
0
0
0
0
0
0
0
0
0
0
0
4.27762e-16
0
0
0
0
0
0
0
0
0
0
0
0
0
0
0
0
0
0
0
0
0
0
0
0
0
0
0
0
0
0
0
0
0
0
0
0
0
0
0
0
0
0
0
0
0
0
0
0
0
0
0
3.30839e-08
3.98923e-08
0
0
0
0
0
0
0
0
0
0
0
0
0
0
-6.54959e-16
1.73223e-15
1.92687e-16
0
0
0
0
0
0
0
0
0
0
0
0
0
0
0
0
0
0
0
0
0
0
0
0
0
0
0
0
0
0
0
0
0
-5.85739e-08
5.85739e-08
0
0
0
0
0
0
0
0
0
0
0
0
0
0
0
0
0
0
0
0
0
0
0
0
0
0
0
0
0
0
0
0
0
0
0
0
0
0
0
0
0
1.31244e-16
0
0
0
0
0
0
0
0
0
0
0
0
0
0
0
0
0
0
0
0
0
0
0
0
0
0
0
0
0
0
0
0
0
-2.92655e-15
-4.88044e-15
0
0
0
0
0
-2.16515e-16
0
0
0
0
0
0
0
0
0
0
0
0
0
0
0
0
0
0
0
0
-4.31e-16
0
0
0
0
0
0
0
0
0
0
0
0
1.21252e-16
0
0
0
0
-6.8767e-15
6.76255e-29
0
0
0
0
0
0
0
0
0
0
0
0
1.13564e-15
0
0
0
0
0
0
0
0
-7.08532e-15
0
0
0
0
0
0
0
4.55907e-16
0
0
0
0
0
0
0
0
0
0
0
0
-2.10453e-16
-7.37587e-15
-6.90767e-16
0
0
0
0
0
0
0
0
0
0
0
0
0
0
0
0
0
0
0
0
0
0
0
0
0
-2.46374e-16
0
0
-1.36048e-14
0
0
0
0
0
0
0
0
0
0
0
0
0
0
0
0
0
0
0
0
0
0
0
0
0
0
0
0
0
0
0
0
0
0
0
0
0
0
0
0
0
0
0
0
0
0
0
0
0
0
0
0
0
0
0
0
-1.03827e-15
0
0
0
0
0
0
0
0
0
0
0
0
0
-8.56157e-17
0
0
0
0
0
0
0
0
0
0
0
0
0
0
0
0
0
0
0
0
0
0
0
-5.21371e-17
0
0
0
0
0
0
0
0
0
0
0
0
0
0
0
0
0
-2.14878e-15
0
0
0
0
0
0
0
0
0
-5.50768e-16
0
0
0
0
0
0
0
0
0
0
0
0
0
0
0
0
0
0
0
0
0
0
0
0
0
0
0
0
-1.38905e-16
0
0
0
0
0
0
0
0
0
0
0
0
0
0
0
0
1.17846e-16
0
0
0
0
0
0
0
0
0
0
0
0
0
0
0
0
-1.30647e-17
0
0
0
0
0
0
0
0
0
0
0
0
0
0
0
0
4.13145e-08
3.16617e-08
0
0
0
0
0
9.55929e-16
0
0
0
0
0
0
0
0
0
0
0
0
0
0
0
0
0
0
0
0
0
0
0
0
0
0
0
0
0
0
0
0
0
0
0
0
1.622e-16
0
0
0
0
0
0
0
0
0
0
0
0
1.4934e-16
0
1.21557e-16
0
0
0
0
0
0
0
0
0
0
0
0
0
0
0
2.37984e-15
0
0
0
-5.78281e-16
-4.32757e-14
0
-1.24232e-16
0
-8.2571e-16
0
1.74345e-15
0
0
-1.53694e-30
1.02063e-30
0
0
0
0
0
0
0
0
0
0
0
0
0
0
0
0
0
0
0
0
0
0
0
0
0
-8.92805e-17
8.79824e-17
0
0
0
0
0
0
0
0
0
0
0
0
0
0
0
0
0
0
0
1.38917e-13
-4.49087e-14
0
-1.46725e-16
7.19855e-17
0
0
0
0
0
0
0
0
-1.03082e-16
0
0
0
0
0
0
0
0
0
0
0
0
0
0
0
0
0
0
0
0
0
0
0
0
0
0
0
0
0
0
0
0
0
1.56512e-14
0
0
0
0
0
0
-2.91814e-14
0
0
0
0
0
0
0
0
0
0
0
0
0
0
0
0
0
-4.21267e-15
0
0
1.678e-14
0
0
0
0
0
0
0
0
0
0
0
7.3942e-15
0
0
0
0
0
0
0
0
0
0
0
0
0
0
0
0
0
0
0
-7.27621e-16
0
0
0
0
0
0
0
0
0
0
0
0
0
0
0
0
0
0
0
0
0
0
0
0
0
0
0
0
0
0
0
0
0
0
0
0
0
0
0
0
0
0
0
0
0
0
0
0
0
0
0
0
0
0
0
0
0
0
0
0
0
0
0
0
0
0
0
0
0
0
1.68736e-14
-1.7645e-14
0
0
0
0
0
0
0
0
-7.10749e-17
0
0
-1.48135e-15
0
0
0
0
0
0
0
0
0
0
2.38677e-18
0
0
0
0
0
0
0
0
0
0
0
0
0
0
0
0
3.18807e-08
4.10956e-08
0
0
0
0
1.33885e-16
0
0
-4.60329e-15
0
0
0
0
0
0
0
0
0
0
0
0
0
0
0
0
0
0
0
0
0
0
0
0
0
-4.21765e-15
8.87967e-14
0
0
0
0
0
0
0
0
0
0
0
0
0
0
0
0
0
0
0
0
0
0
0
0
0
0
0
0
0
0
0
0
0
0
0
0
0
0
0
0
0
0
0
0
0
0
0
0
0
0
0
-3.65145e-14
0
2.14139e-14
0
0
1.0128e-16
1.65115e-16
0
0
0
0
0
0
1.8854e-18
0
0
0
0
0
0
0
0
0
0
0
9.43596e-16
0
0
0
0
0
0
0
0
0
0
0
0
0
1.74439e-14
0
0
5.00307e-34
1.97263e-16
0
0
0
0
0
0
0
0
0
0
0
0
0
0
0
0
0
0
0
0
0
0
0
0
0
0
0
0
0
0
0
0
0
0
0
0
0
0
0
0
0
0
0
0
0
0
0
0
0
6.46182e-16
1.99656e-16
-5.23326e-16
-3.50482e-17
0
0
0
0
0
0
0
0
0
0
0
0
0
0
2.76511e-08
0
0
0
0
0
0
0
0
0
-8.55454e-17
9.75058e-17
0
0
0
0
0
0
0
0
0
0
0
0
0
0
-8.13089e-18
4.37227e-17
0
0
0
0
0
0
0
0
0
0
0
0
0
0
0
0
0
0
0
0
0
0
0
-1.24576e-15
0
1.7956e-15
0
0
0
0
0
0
0
0
0
0
4.66658e-16
6.90045e-17
0
0
0
0
0
0
0
0
0
0
0
0
-9.91277e-17
0
0
0
0
0
0
0
0
0
0
0
0
0
0
0
0
0
0
0
0
1.13438e-15
0
0
0
0
0
0
0
0
0
0
0
0
0
0
0
0
0
0
0
0
0
0
0
0
0
0
0
0
0
-5.65107e-17
0
0
0
0
0
0
0
0
0
0
0
0
0
0
9.86606e-16
0
0
0
0
0
0
0
0
0
0
0
0
0
0
0
0
0
0
0
0
0
0
0
0
0
0
0
0
0
0
0
0
0
0
0
0
0
0
0
0
0
0
0
0
0
3.31688e-16
0
0
0
0
0
0
0
0
0
0
0
0
0
0
0
0
0
0
0
0
0
1.12779e-16
-4.49144e-17
0
0
0
0
0
0
0
0
0
0
0
0
0
0
0
3.58621e-15
0
0
0
0
0
0
0
0
0
0
0
0
0
0
0
1.3658e-16
-9.02036e-17
0
0
0
0
0
0
0
0
0
0
0
0
0
0
0
0
0
0
0
0
0
-2.74232e-15
0
0
0
0
0
0
0
0
0
0
0
0
0
0
0
-2.89001e-16
0
0
0
0
0
0
0
-3.38214e-16
0
0
2.54428e-16
0
-2.18876e-15
0
0
0
0
0
0
0
0
0
0
-6.7365e-08
0
0
0
0
0
-4.09634e-16
0
-5.12564e-31
0
0
0
0
0
0
0
0
0
0
0
0
-3.53935e-15
0
0
0
-1.2294e-14
0
0
0
0
0
0
0
0
0
0
0
0
0
0
0
0
7.69582e-14
0
0
0
0
0
0
0
0
0
0
0
0
0
0
0
0
0
0
0
0
0
0
0
0
0
0
0
0
0
0
0
0
0
0
2.77127e-16
0
2.46805e-16
0
0
0
0
0
0
0
0
0
0
0
0
0
0
0
-2.60054e-16
0
2.66917e-15
0
0
0
0
0
0
0
0
0
0
0
0
0
0
0
0
0
0
0
0
0
0
0
0
0
0
0
0
0
0
0
0
0
0
0
-2.69553e-08
0
0
0
0
0
0
0
0
0
0
-1.31201e-16
0
0
0
0
0
3.72555e-16
-8.02384e-15
0
0
0
0
0
0
-1.01164e-15
0
0
0
0
0
0
0
0
0
0
0
0
0
0
0
1.35985e-15
0
0
0
0
0
0
0
0
0
0
0
0
0
0
0
0
0
0
0
0
0
0
0
1.23924e-15
0
0
0
0
0
-2.05174e-14
0
0
0
0
0
0
0
0
0
0
0
0
0
0
0
0
0
0
0
0
0
0
0
0
0
0
-4.60209e-08
0
0
-4.28074e-08
0
0
0
0
0
2.78633e-15
0
0
0
0
0
0
0
0
0
0
0
0
0
0
0
0
0
0
0
0
0
0
0
0
0
0
0
0
0
0
3.42179e-16
0
-5.89234e-16
-2.06527e-30
0
0
0
0
0
0
0
0
0
0
0
0
0
0
0
0
0
0
0
0
0
0
1.21228e-14
0
0
-8.5103e-16
-1.67664e-15
0
0
0
0
0
0
0
1.18559e-15
0
0
0
0
0
-1.69533e-18
0
0
0
0
0
0
4.27398e-16
0
0
0
0
0
-3.79669e-08
0
0
0
0
0
0
0
0
0
2.0544e-15
0
0
0
0
0
0
0
0
0
0
4.05181e-17
-5.02657e-17
0
-3.64881e-08
0
0
0
0
0
0
0
0
0
0
0
0
0
0
0
0
0
0
0
0
0
0
0
0
0
0
0
0
0
0
0
0
0
0
0
0
0
0
1.10164e-16
0
0
0
0
0
0
0
0
0
0
-3.01688e-08
0
0
0
0
0
0
-5.49591e-17
0
0
7.92344e-16
0
3.64881e-08
0
0
0
0
0
0
0
0
0
0
1.633e-29
0
0
0
0
0
0
0
0
0
0
0
8.76549e-17
0
0
0
0
-6.87122e-14
0
0
0
0
0
0
0
0
0
0
2.73085e-14
-3.50093e-08
0
0
0
0
0
0
0
0
0
0
0
0
0
0
0
0
0
0
0
0
0
0
-1.28766e-15
0
0
0
0
0
0
0
0
0
0
0
0
-3.97642e-16
0
0
0
0
0
0
0
0
0
0
0
0
0
0
3.24033e-15
1.02784e-15
0
0
0
0
0
0
0
0
3.14775e-14
0
0
0
0
3.47279e-15
0
-1.633e-29
0
0
0
0
0
0
0
0
0
5.56078e-15
0
0
0
0
0
0
0
0
0
0
0
0
0
0
0
0
0
0
0
0
0
0
0
7.65398e-15
-1.26219e-16
0
4.73791e-17
0
0
0
0
-1.72848e-14
0
0
0
0
3.58818e-16
0
0
0
0
0
0
0
0
0
0
0
5.4814e-16
-1.96713e-15
0
0
0
0
0
0
0
-3.64881e-08
0
0
0
0
0
0
0
0
0
0
0
-2.34841e-15
0
0
0
0
0
0
0
0
0
0
0
0
0
2.25424e-14
0
0
0
0
0
0
0
-3.57883e-14
0
0
0
0
0
0
0
0
0
0
0
0
0
0
0
-4.70947e-14
0
0
0
0
0
0
0
0
0
0
0
0
0
0
1.23291e-14
0
0
1.62813e-17
-7.86845e-16
0
0
0
0
0
0
0
0
0
0
0
0
-3.64881e-08
0
0
0
0
0
0
0
0
0
0
0
0
0
0
0
0
0
0
0
0
0
0
0
0
0
0
0
0
-2.1133e-30
0
0
0
0
0
0
0
0
0
0
0
0
0
0
0
0
0
0
0
0
0
0
0
0
0
0
0
0
0
0
0
0
0
0
0
0
0
0
0
0
0
0
0
0
0
0
0
0
7.42903e-17
2.4624e-16
-6.37946e-16
0
0
0
0
0
0
0
0
0
0
0
-1.07152e-16
0
2.28732e-17
0
0
0
0
-1.77459e-15
-8.16846e-16
0
0
0
-1.52856e-16
-2.0388e-16
0
0
0
0
0
0
0
0
0
0
0
0
0
0
0
-4.42359e-08
0
0
0
0
0
0
0
-3.35966e-08
0
0
0
0
0
-2.75372e-17
0
0
0
0
0
0
0
0
0
0
-5.31272e-16
0
0
0
0
0
0
0
0
0
0
0
0
0
0
0
0
0
-3.64881e-08
0
0
0
0
0
0
0
0
0
0
1.49705e-15
0
-3.59925e-14
0
0
0
0
0
0
0
0
0
0
-2.87403e-08
6.57334e-17
0
0
0
-3.66425e-08
0
0
0
-3.09304e-16
-8.06371e-17
0
0
0
-1.10479e-16
-3.7276e-16
0
-3.73825e-08
0
0
0
0
0
1.02863e-30
0
0
0
0
0
5.54496e-15
0
0
0
0
0
0
0
0
0
-4.05241e-08
-4.32492e-14
-5.99019e-14
0
0
2.63049e-16
-9.45733e-16
-3.93796e-08
-3.63337e-08
0
0
0
0
0
0
0
0
0
0
0
0
0
0
0
0
0
0
0
2.02053e-16
0
0
0
0
0
0
0
3.73145e-16
0
0
0
0
0
0
0
0
0
0
0
0
0
0
0
0
-3.55937e-08
0
0
0
0
0
0
0
0
0
0
0
0
0
0
0
0
-2.75208e-15
0
0
0
0
0
0
0
0
6.2359e-17
0
0
0
0
0
0
0
0
0
0
0
0
0
0
0
0
0
0
0
0
0
0
0
0
0
0
0
0
0
0
0
0
0
0
0
0
0
0
0
0
0
0
0
0
0
0
0
0
0
0
0
0
0
0
0
0
0
0
0
0
0
0
0
0
0
0
0
0
0
0
0
0
0
0
1.48173e-14
0
0
0
0
0
0
0
0
0
0
0
2.71488e-17
0
0
0
0
0
0
0
0
0
0
0
0
0
0
0
0
0
-5.23457e-16
0
-8.60694e-16
0
5.13089e-16
0
0
0
0
0
0
0
0
0
0
0
0
0
0
0
1.35838e-17
4.32071e-17
3.83565e-18
0
0
0
0
0
0
0
-1.91685e-17
0
0
0
0
0
0
0
0
0
0
0
0
0
1.61368e-17
0
0
0
0
0
0
0
0
0
0
0
0
-5.00381e-17
0
0
0
0
0
0
-4.17549e-16
0
0
4.73178e-16
1.26015e-16
0
0
0
-3.50726e-16
0
0
0
0
0
0
-4.37585e-16
0
0
0
0
0
0
0
-5.51904e-15
0
0
0
0
0
0
0
0
-6.37187e-16
-6.95776e-16
0
0
0
0
0
-3.51949e-16
0
0
0
0
5.25886e-17
0
0
0
0
0
0
0
0
0
0
0
0
0
0
0
-1.851e-15
0
0
0
0
0
0
0
0
0
0
-8.25709e-14
2.08502e-15
0
0
0
-1.32518e-15
0
0
0
0
0
0
0
0
0
0
0
0
0
0
0
0
1.79512e-16
-3.40085e-08
0
0
0
0
0
0
0
0
0
0
0
0
0
0
0
0
0
0
0
0
0
0
0
0
0
0
0
0
-3.5703e-08
0
0
0
0
-6.41832e-16
0
0
0
0
0
-4.05238e-08
0
0
0
0
0
0
0
0
0
0
0
0
0
2.10276e-14
8.72907e-16
0
0
0
0
0
-3.61225e-08
0
0
0
0
-1.27386e-15
0
0
0
0
0
0
0
0
0
0
-8.5566e-15
0
0
0
-3.72732e-08
0
0
0
0
0
2.04224e-14
0
0
0
0
0
0
0
0
0
0
0
0
0
0
0
0
0
0
0
0
0
0
0
0
0
0
0
0
0
0
9.9453e-15
0
0
0
0
2.87762e-16
0
0
0
0
0
0
0
0
0
3.68067e-15
9.07245e-15
0
0
0
0
-3.89677e-08
0
-3.68537e-08
0
0
0
0
0
0
0
0
0
0
-1.47747e-15
0
0
0
0
0
0
0
0
0
0
0
7.2263e-15
0
0
0
0
0
0
-3.64881e-08
0
0
0
0
0
0
0
0
0
0
0
0
0
0
8.78389e-15
0
0
0
1.95647e-16
0
0
0
0
0
0
0
0
0
0
-3.57579e-08
0
0
0
0
0
0
0
0
0
0
0
0
0
3.00184e-33
0
0
0
0
0
0
0
0
0
0
0
0
0
0
0
0
0
0
0
0
0
0
0
0
0
0
0
0
-2.19222e-18
-3.24524e-08
0
9.23163e-17
0
0
0
0
0
1.88197e-08
0
-1.36735e-14
0
-7.68176e-18
0
0
0
0
9.85843e-17
-2.6633e-08
0
0
0
0
0
0
0
0
0
0
0
0
0
-3.61963e-17
0
0
0
0
0
0
0
0
0
0
0
0
0
0
0
0
0
0
0
0
3.33555e-14
7.42289e-15
-4.36484e-17
0
0
0
0
0
0
0
0
0
0
0
0
0
0
0
0
0
0
0
0
0
-3.64881e-08
0
0
-4.8386e-08
0
0
5.19756e-15
0
0
0
0
0
0
7.26321e-16
0
0
0
0
0
0
0
0
3.8481e-16
0
0
0
0
0
0
0
0
0
0
0
-3.97122e-08
0
0
0
0
1.12534e-16
1.14158e-15
0
0
0
0
0
0
0
0
0
0
1.91387e-15
0
0
0
0
0
0
0
0
0
0
0
0
0
0
0
-3.64881e-08
0
0
0
0
0
0
0
0
0
0
0
0
0
0
0
1.26352e-15
0
0
0
0
0
0
0
0
0
0
0
0
0
-2.0107e-14
0
0
0
-4.2654e-08
0
0
0
0
0
0
0
0
0
0
0
-3.57786e-08
0
0
0
0
0
0
0
0
0
0
0
0
0
0
0
5.01388e-08
3.24521e-08
0
0
0
0
0
0
0
0
0
0
-3.72039e-08
0
0
-3.64881e-08
0
0
0
0
0
0
0
0
0
0
0
0
0
0
0
0
0
0
0
2.08588e-16
2.35291e-14
0
0
0
0
0
0
0
0
-3.6595e-08
0
0
-3.64881e-08
0
0
0
0
0
0
0
0
0
0
0
0
0
0
0
0
0
0
5.1121e-15
-4.7263e-16
0
1.75928e-14
0
0
0
0
0
0
0
0
0
0
0
0
0
0
0
0
0
0
0
0
0
0
0
0
0
0
6.37415e-17
0
0
0
0
0
0
0
0
0
0
0
0
0
0
0
0
0
0
0
0
0
0
0
0
0
0
0
0
0
0
0
0
0
0
0
0
0
-3.63812e-08
-1.15845e-17
0
0
0
0
0
0
6.25031e-17
0
0
0
0
0
0
-4.84874e-18
-8.22644e-16
0
-4.32535e-08
0
0
0
0
0
0
0
0
0
-4.64483e-08
0
-3.08843e-17
0
0
0
0
0
0
0
0
0
0
0
0
0
0
0
0
-3.63938e-15
0
0
0
0
0
0
0
0
-3.24902e-15
0
0
0
0
0
0
0
0
0
0
0
0
0
0
0
0
1.26904e-17
1.26783e-17
0
0
0
0
0
0
0
0
0
-6.14255e-17
6.66384e-17
0
0
0
0
0
0
0
0
0
0
-1.61423e-16
0
0
0
0
0
0
0
0
0
0
0
0
0
0
0
0
0
0
0
0
0
0
0
0
0
0
0
0
0
0
0
0
0
0
0
0
0
0
0
0
0
0
0
0
0
0
0
0
8.11023e-16
3.15608e-15
0
0
0
0
0
0
0
-5.86051e-16
0
0
0
0
0
0
0
0
0
0
0
-6.38724e-17
0
0
0
0
0
0
0
0
0
5.83318e-16
0
3.12807e-16
0
0
0
0
0
0
0
0
0
0
0
0
0
0
0
0
0
0
0
0
0
0
0
0
0
0
0
0
0
0
0
0
0
0
0
0
0
3.43015e-17
0
0
0
0
0
0
0
4.32535e-08
0
0
0
0
0
0
0
0
-9.87623e-15
3.52095e-15
0
0
0
0
0
0
0
0
0
0
0
4.64483e-08
0
0
0
0
0
0
0
0
1.23495e-14
0
0
0
0
0
0
0
0
0
0
0
0
7.80152e-15
0
0
0
0
0
0
0
0
0
0
0
0
0
0
0
0
2.6731e-16
0
0
0
0
0
0
0
0
0
0
6.15754e-15
0
0
0
0
-1.86992e-14
-5.01388e-08
0
0
0
0
0
0
0
2.44054e-14
-3.9514e-14
0
0
0
0
0
0
0
0
0
0
0
0
0
0
0
0
0
0
0
0
0
0
0
-6.09961e-15
3.65645e-16
0
0
0
0
0
0
0
0
0
0
0
0
0
0
0
0
0
0
0
0
0
0
0
0
0
0
-3.34393e-15
-5.52516e-14
0
0
0
0
-1.60101e-16
0
0
0
0
0
0
0
0
0
0
0
0
0
0
0
2.10102e-16
0
0
0
-6.04097e-16
0
0
0
0
0
0
0
0
0
2.20774e-15
-2.81484e-17
0
0
0
0
0
0
0
0
0
0
0
0
0
0
0
0
0
0
0
0
0
0
2.38278e-15
0
0
0
0
0
-5.86613e-17
-4.20647e-16
0
0
0
0
0
0
0
0
0
0
0
0
0
0
0
0
0
0
0
-3.72183e-08
0
0
0
0
0
0
0
0
0
0
0
0
0
3.24932e-16
0
0
0
3.20196e-32
0
0
0
0
1.71399e-15
0
0
4.01091e-17
0
0
0
0
0
0
0
0
0
0
0
0
0
9.09422e-18
0
0
0
0
0
-5.93063e-16
0
0
0
0
0
0
0
0
0
0
0
0
0
0
0
0
0
0
0
0
0
0
0
0
0
0
0
0
0
0
0
0
0
0
0
0
0
0
0
0
0
0
0
0
0
0
0
0
0
0
0
3.22167e-18
0
0
0
0
0
0
0
0
0
0
0
0
0
0
0
0
0
0
0
0
0
0
0
0
0
0
0
0
0
0
0
0
0
0
0
0
0
0
0
0
0
0
0
0
0
0
0
0
0
0
0
0
-2.28857e-17
-8.57727e-17
0
0
0
0
-6.86058e-16
0
0
0
0
4.41013e-14
0
0
0
0
0
-2.00095e-15
0
0
0
0
0
0
-8.0665e-16
0
0
0
0
0
0
0
0
0
0
0
0
0
0
0
0
0
0
0
0
0
0
0
0
0
-4.91505e-14
0
0
0
0
0
0
0
0
7.6529e-17
-1.13592e-16
0
-1.02191e-16
0
0
0
0
0
0
0
0
0
0
0
0
0
0
0
0
0
0
0
1.03024e-14
0
0
0
0
0
-6.32674e-17
0
0
2.44936e-16
-7.62195e-16
0
0
0
0
0
0
0
0
0
0
0
0
0
0
0
-6.60714e-14
0
0
0
0
0
0
0
0
0
0
0
0
0
0
0
0
4.48901e-14
0
0
0
0
0
0
0
0
0
0
0
0
0
0
0
0
0
0
0
0
0
0
0
-5.48521e-17
0
0
0
0
0
0
0
0
0
0
0
0
0
2.45902e-08
0
0
0
0
0
0
0
0
0
0
0
0
0
2.58159e-16
0
0
0
0
0
0
0
0
0
0
0
0
0
0
0
0
0
0
0
0
0
0
0
0
0
0
0
0
0
0
0
0
0
0
0
0
0
0
0
0
0
0
0
0
2.14966e-14
0
0
0
0
0
0
0
0
0
0
0
-2.93192e-17
0
0
0
0
0
0
0
0
0
0
0
0
0
0
0
0
0
0
0
3.3264e-08
0
0
-4.10871e-16
0
-7.79635e-16
0
0
0
0
0
0
0
0
0
0
0
0
0
0
0
0
0
0
0
0
0
0
0
0
0
0
0
0
0
0
0
0
0
0
0
0
0
0
0
0
0
2.40677e-17
0
0
0
0
0
0
3.03222e-08
0
0
0
0
0
0
0
0
0
0
0
0
0
0
0
0
0
0
0
0
-4.56504e-16
-2.57158e-31
0
0
0
0
0
0
-3.71976e-08
0
-1.09146e-17
0
0
0
0
0
0
0
0
0
0
0
0
0
0
0
0
0
0
0
0
0
0
0
0
0
0
2.8437e-14
0
0
0
0
0
0
0
0
0
0
0
0
0
0
0
0
0
0
0
-3.64881e-08
0
0
0
0
0
0
0
0
0
0
0
0
0
0
0
0
0
0
0
0
0
0
0
0
0
0
0
-3.57723e-08
0
0
0
0
0
-1.2951e-14
0
0
0
3.22281e-15
4.53136e-14
0
0
0
0
0
0
0
0
0
0
0
0
0
0
0
0
0
0
0
0
0
0
0
0
0
0
0
0
0
0
0
0
0
0
0
0
0
0
0
0
0
0
0
0
0
0
0
0
0
0
0
0
0
0
0
0
0
0
0
0
0
0
0
0
0
0
0
0
0
0
0
0
0
0
0
0
0
0
0
0
0
0
0
0
0
0
0
0
0
0
0
0
0
0
0
0
0
0
0
0
0
0
0
0
0
0
0
0
0
0
0
0
0
0
0
0
0
0
0
0
0
0
0
0
0
0
0
0
0
0
0
0
0
0
0
0
4.29208e-17
0
0
0
0
0
0
0
0
0
0
0
1.06613e-16
0
0
0
0
0
0
0
0
0
0
0
0
0
0
0
0
0
0
0
0
0
)
;

boundaryField
{
    frontback
    {
        type            empty;
        value           nonuniform List<scalar> 0();
    }
    topbottom
    {
        type            calculated;
        value           uniform 0;
    }
    outlet
    {
        type            calculated;
        value           nonuniform List<scalar> 0();
    }
    inlet
    {
        type            calculated;
        value           uniform 0;
    }
    walls
    {
        type            calculated;
        value           nonuniform List<scalar> 
151
(
-1.45952e-07
-1.45952e-07
-1.45952e-07
-1.45952e-07
-1.45952e-07
-1.45952e-07
-1.45952e-07
-1.45952e-07
-1.45952e-07
-1.45952e-07
-1.45952e-07
-1.45952e-07
-1.45952e-07
-1.45952e-07
-1.45952e-07
-1.45952e-07
-1.45952e-07
-1.45952e-07
-1.45952e-07
-1.45952e-07
-1.45952e-07
-1.45952e-07
-1.45952e-07
-1.45952e-07
-1.45952e-07
-1.45952e-07
-1.45952e-07
-1.45952e-07
-1.45952e-07
-1.45952e-07
-1.45952e-07
-1.45952e-07
-1.45952e-07
-1.45952e-07
-1.45952e-07
-1.45952e-07
-1.45952e-07
-1.45952e-07
-1.45952e-07
-1.45952e-07
-1.45952e-07
-1.45952e-07
-1.45952e-07
-1.45952e-07
-1.45952e-07
-1.45952e-07
-1.45952e-07
-1.45952e-07
-1.45952e-07
-1.45952e-07
-1.45952e-07
-1.45952e-07
-1.45952e-07
-1.45952e-07
-1.45952e-07
-1.45952e-07
-1.45952e-07
-1.45952e-07
-1.45952e-07
-1.45952e-07
-1.45952e-07
-1.45952e-07
-1.45952e-07
-1.45952e-07
-1.45952e-07
-1.45952e-07
-1.45952e-07
-1.45952e-07
-1.45952e-07
-1.45952e-07
-1.45952e-07
-1.45952e-07
-1.45952e-07
-1.45952e-07
0
0
0
0
0
-1.45952e-07
-1.45952e-07
-1.45952e-07
-1.45952e-07
-1.45952e-07
-1.45952e-07
-1.45952e-07
-1.45952e-07
-1.45952e-07
-1.45952e-07
-1.45952e-07
-1.45952e-07
-1.45952e-07
-1.45952e-07
-1.45952e-07
-1.45952e-07
-1.45952e-07
-1.45952e-07
-1.45952e-07
-1.45952e-07
0
-1.45952e-07
-1.45952e-07
0
0
9.22903e-16
0
-1.45952e-07
-1.45952e-07
-1.45952e-07
-1.45952e-07
-1.45952e-07
0
0
0
-1.45952e-07
-1.45952e-07
0
-1.45952e-07
-1.45952e-07
-1.45952e-07
0
-1.45952e-07
-1.45952e-07
-1.45952e-07
-1.45952e-07
-1.45952e-07
-1.45952e-07
-1.45952e-07
-1.45952e-07
-1.45952e-07
-1.45952e-07
-1.45952e-07
-1.45952e-07
-1.45952e-07
-1.45952e-07
-1.45952e-07
-1.45952e-07
-1.45952e-07
0
-1.45952e-07
-1.45952e-07
-1.45952e-07
-1.45952e-07
-1.45952e-07
-1.45952e-07
-1.45952e-07
0
-1.45952e-07
0
-1.45952e-07
-1.45952e-07
)
;
    }
    procBoundary2to0
    {
        type            processor;
        value           nonuniform List<scalar> 
83
(
-9.18596e-15
0
-1.07691e-15
-1.76203e-15
-2.45691e-16
0
0
0
0
0
0
2.74345e-15
0
0
2.60742e-16
3.77585e-14
-3.52136e-15
0
2.07472e-15
0
9.24229e-15
2.40072e-16
0
0
1.6152e-15
-9.75359e-15
-1.13472e-14
0
0
0
0
1.70623e-16
1.1782e-16
3.46591e-16
1.82949e-16
0
0
-3.28668e-15
0
0
-2.72968e-15
1.27286e-14
-2.09492e-15
1.11426e-16
0
0
1.89061e-14
-7.18842e-17
-2.06278e-15
5.12188e-16
8.86295e-16
0
0
-1.88941e-16
0
0
0
0
0
0
-1.19689e-16
-6.31467e-18
-5.46745e-08
0
0
0
0
-1.23042e-15
0
0
0
-1.76535e-16
2.34497e-16
0
0
0
0
0
0
-3.23897e-15
0
2.91263e-16
-4.96127e-15
)
;
    }
    procBoundary2to3
    {
        type            processor;
        value           nonuniform List<scalar> 
99
(
0
0
0
0
0
6.3429e-16
0
0
0
0
0
0
-3.95496e-14
0
0
0
0
0
0
0
0
0
0
0
0
0
0
0
0
0
0
0
0
0
0
0
0
0
0
0
0
0
0
0
2.18089e-14
0
0
0
0
-1.76679e-14
0
0
0
0
0
0
0
0
0
0
0
0
0
0
0
0
0
0
0
3.98595e-08
0
0
0
0
0
0
0
0
0
0
0
0
0
0
0
0
0
-3.55617e-15
0
0
0
0
0
2.65121e-14
1.1322e-13
0
0
0
0
)
;
    }
}


// ************************************************************************* //
