/*--------------------------------*- C++ -*----------------------------------*\
| =========                 |                                                 |
| \\      /  F ield         | OpenFOAM: The Open Source CFD Toolbox           |
|  \\    /   O peration     | Version:  v2012                                 |
|   \\  /    A nd           | Website:  www.openfoam.com                      |
|    \\/     M anipulation  |                                                 |
\*---------------------------------------------------------------------------*/
FoamFile
{
    version     2.0;
    format      ascii;
    class       surfaceScalarField;
    location    "600";
    object      meshPhi;
}
// * * * * * * * * * * * * * * * * * * * * * * * * * * * * * * * * * * * * * //

dimensions      [0 3 -1 0 0 0 0];
oriented        oriented;


internalField   nonuniform List<scalar> 
20673
(
0
0
0
0
0
0
0
0
0
0
0
0
0
0
0
0
1.98289e-17
-1.20535e-15
0
0
0
0
0
0
0
0
0
0
0
0
0
0
0
0
0
0
0
-4.09375e-08
1.31592e-16
-2.38727e-08
0
0
0
0
0
0
0
0
0
0
0
0
0
0
0
0
0
0
0
0
-2.829e-16
-1.38218e-16
0
0
0
0
0
0
0
0
0
0
0
0
0
0
0
0
0
0
0
0
0
0
0
0
0
0
0
0
0
0
0
0
-7.0856e-15
-5.51119e-17
4.17696e-17
0
0
0
0
0
0
0
0
0
0
0
0
0
0
0
0
0
0
0
0
0
0
0
0
0
0
0
0
0
0
0
0
2.14147e-15
3.43631e-15
0
0
0
0
0
-6.78188e-16
4.39031e-16
0
0
0
0
0
0
0
0
0
0
0
-9.00992e-16
0
-2.40794e-15
0
0
0
0
0
0
0
0
0
0
0
0
0
0
0
0
0
0
0
0
1.58214e-08
0
0
0
0
0
0
0
4.12263e-18
-6.58926e-17
1.08784e-14
1.07861e-17
0
0
0
0
0
0
0
0
0
0
0
0
0
0
0
0
0
0
0
0
0
0
0
0
0
0
0
0
0
0
0
0
0
0
0
0
-5.87423e-17
0
0
0
0
0
0
0
0
0
0
0
0
0
0
0
0
0
0
0
0
0
0
0
0
0
0
0
0
0
0
0
0
0
0
0
0
0
0
0
0
0
0
0
0
0
0
0
0
0
0
0
-2.5764e-17
0
5.63023e-15
0
0
0
0
0
0
0
0
0
0
0
0
0
0
0
0
0
0
0
0
0
0
0
0
0
0
0
0
0
0
0
0
0
0
-4.35369e-17
-6.82441e-16
9.29792e-18
0
0
0
0
0
0
0
0
0
1.7429e-15
3.31051e-15
0
0
0
0
0
0
0
0
0
0
0
0
0
0
0
0
0
0
0
0
0
0
0
3.74544e-18
0
0
0
0
0
0
0
0
0
0
0
0
0
0
0
0
0
0
-6.65635e-17
0
-1.91119e-15
0
0
0
0
0
0
0
0
0
0
0
0
0
1.3319e-16
1.24079e-14
0
0
0
0
0
0
0
0
0
0
0
0
0
0
0
0
0
8.1665e-16
-2.24912e-17
0
0
0
0
0
0
0
0
0
0
0
0
0
0
0
0
0
0
0
0
0
0
0
0
0
2.05147e-17
-1.94096e-17
0
0
0
0
0
0
0
0
0
0
0
0
0
0
0
0
0
-9.92467e-17
8.57673e-18
0
0
0
5.55265e-17
-1.13779e-16
0
0
0
0
0
0
0
0
0
0
0
0
0
0
0
0
0
0
0
0
0
0
0
0
0
0
0
0
0
0
0
0
0
0
0
0
0
0
7.05593e-17
3.61549e-16
0
0
0
0
0
0
0
0
0
0
0
-1.04045e-16
0
4.79448e-16
0
0
0
0
7.00232e-16
-3.26689e-19
0
0
0
0
0
0
0
0
0
0
0
0
0
0
0
0
0
0
0
0
0
0
0
0
0
0
0
0
0
5.97268e-15
1.30749e-14
0
0
0
0
0
0
0
0
0
0
0
0
0
-2.13632e-15
3.19722e-16
0
0
0
0
0
0
0
0
0
0
0
0
0
0
0
0
0
0
0
0
0
0
0
0
0
0
0
0
0
0
0
0
0
0
0
0
0
0
0
0
0
0
0
0
0
0
0
0
0
0
0
0
0
0
0
0
0
0
0
0
0
0
0
0
0
0
0
0
0
0
0
0
0
0
0
0
0
0
0
0
0
0
0
0
0
0
0
0
-1.89791e-16
-1.60964e-16
0
0
0
0
0
0
0
0
0
0
0
0
0
0
0
0
0
0
0
0
0
0
0
0
0
0
0
0
0
0
0
0
0
0
5.03791e-31
0
3.53129e-16
0
0
0
0
0
0
0
0
0
0
0
0
0
0
0
0
0
0
0
0
0
0
-1.8287e-16
-2.27292e-16
0
0
0
0
0
0
0
0
0
0
0
0
0
0
0
0
0
0
0
0
0
0
0
0
0
4.47889e-15
1.96893e-15
0
0
2.49488e-15
-2.92506e-17
0
0
0
0
0
0
0
0
0
0
0
0
0
0
0
0
0
0
0
0
0
0
0
0
0
0
0
0
0
0
0
0
0
0
0
0
0
0
0
0
0
0
0
0
0
0
0
0
0
0
0
0
0
0
0
0
0
0
0
0
0
0
0
0
0
0
0
0
0
0
0
0
0
0
0
0
0
0
0
0
0
0
0
0
0
0
0
0
0
0
0
0
0
0
0
0
0
0
0
0
0
0
0
0
0
0
0
0
0
-7.99443e-18
-5.31429e-17
0
0
0
0
0
0
0
0
0
0
0
0
0
0
0
0
-1.72094e-15
4.49744e-16
0
0
-1.91929e-15
0
0
0
0
0
0
0
0
0
0
0
0
0
0
0
2.71917e-16
6.36127e-17
0
0
0
0
0
0
0
0
0
0
0
0
0
0
0
0
0
0
0
0
0
0
0
0
0
0
0
0
0
0
0
0
0
0
0
0
0
0
0
0
0
0
6.33567e-16
-2.27629e-16
0
0
0
0
0
0
0
0
0
0
-9.45476e-17
0
0
0
0
0
0
0
0
1.02558e-30
-1.77857e-17
0
0
0
0
0
0
0
0
0
0
0
0
0
0
0
1.19131e-15
-5.23946e-08
3.74998e-08
0
0
0
0
0
0
0
0
0
0
0
0
0
0
0
0
0
0
0
0
0
0
0
0
0
0
0
0
0
0
0
0
0
0
0
0
0
0
0
0
3.22114e-17
-1.02558e-30
4.68938e-16
0
0
0
0
0
0
0
0
0
0
0
0
0
0
0
0
0
0
0
0
0
0
0
0
0
0
0
0
0
0
0
0
0
0
0
0
0
0
0
0
0
5.84645e-16
0
0
0
0
0
0
0
0
0
0
0
0
0
0
0
0
0
0
0
0
0
0
0
0
0
0
0
0
0
0
0
0
0
0
0
0
0
0
0
0
0
-3.15843e-16
0
1.06128e-15
0
0
0
0
0
0
0
0
0
0
0
0
0
0
0
0
0
0
0
0
0
0
0
0
0
0
0
0
0
0
0
-2.77251e-15
1.00769e-14
0
0
0
0
0
0
0
0
0
0
0
0
0
0
0
0
0
0
0
0
0
0
0
0
0
0
0
0
0
0
0
0
0
0
0
0
0
0
0
0
0
0
0
0
0
0
0
0
0
0
0
0
0
0
0
0
0
0
0
0
0
0
0
0
0
0
0
0
0
0
0
0
0
0
0
0
0
0
0
0
0
0
0
0
0
0
0
0
0
0
0
0
0
0
0
0
0
0
0
0
0
0
0
0
0
0
0
0
0
0
0
0
0
0
0
0
0
0
0
0
0
0
0
0
0
0
0
0
0
0
0
0
0
0
0
0
0
0
0
0
0
-2.87961e-16
0
-1.15423e-16
0
0
0
0
0
0
0
0
0
0
0
0
0
0
0
0
0
0
0
0
0
0
0
0
0
0
0
0
0
0
0
0
0
0
0
0
0
0
0
0
0
0
0
0
0
0
0
0
0
0
0
0
0
0
0
0
0
0
0
0
0
0
0
0
0
0
0
0
0
0
0
0
0
0
0
0
0
0
0
0
0
0
0
0
0
0
0
0
0
0
0
0
0
0
0
0
0
0
0
0
0
0
0
-2.86335e-16
0
0
0
0
0
0
0
0
0
0
0
0
0
0
0
0
0
0
0
0
-1.17549e-16
-4.88971e-16
0
0
0
0
0
0
0
0
0
0
0
0
0
0
0
0
0
0
0
0
0
0
0
0
3.58131e-08
2.09457e-08
0
0
0
0
0
0
0
0
0
0
0
0
0
0
0
0
0
0
0
0
0
0
-1.1475e-15
0
0
0
0
0
0
0
0
0
0
0
0
0
0
0
0
0
3.27888e-16
-7.05737e-16
0
0
0
0
0
0
0
0
0
0
0
0
0
0
0
0
0
0
0
0
0
0
0
0
0
0
0
0
0
0
0
0
0
0
0
0
0
0
0
0
0
0
0
0
0
0
0
0
0
0
0
0
0
0
0
0
0
-9.87272e-16
0
0
0
0
0
0
0
0
0
0
0
0
0
0
0
0
0
0
0
0
0
0
0
0
8.8556e-17
0
0
0
0
0
0
0
0
0
0
0
0
0
0
0
0
0
0
0
0
0
0
0
-1.52033e-16
0
0
0
0
0
0
0
-1.07708e-15
6.82391e-17
0
0
0
0
0
0
0
0
0
0
0
0
0
0
0
0
0
0
0
0
0
0
0
0
0
0
0
0
0
0
0
0
0
0
0
0
0
0
0
-2.83794e-08
2.86819e-16
0
0
0
0
0
0
0
0
0
0
0
0
0
0
0
0
0
0
0
0
0
0
0
0
0
0
0
0
0
0
0
-1.70621e-15
2.0234e-14
0
0
0
0
0
0
0
0
0
0
0
0
0
0
3.25762e-17
0
0
0
0
0
0
0
0
0
0
0
0
0
0
0
0
0
0
0
0
0
0
0
0
0
0
0
0
0
0
0
0
0
0
0
0
0
0
0
0
0
2.93937e-16
-1.71838e-16
0
0
0
0
0
0
0
0
0
0
0
0
0
0
0
0
0
0
0
0
0
0
0
0
0
0
0
0
0
0
0
0
0
0
0
0
0
0
0
0
0
0
0
0
0
0
0
0
0
0
0
0
0
0
0
0
0
0
0
0
0
0
0
0
0
0
0
0
0
0
0
0
0
0
0
0
0
0
0
0
0
0
0
0
0
0
0
0
0
0
0
0
0
0
0
0
0
0
0
0
0
0
0
0
0
0
0
0
0
0
0
0
5.15715e-16
2.62842e-15
0
0
0
0
0
0
0
0
0
0
0
0
0
0
0
0
0
1.36631e-16
4.68946e-16
-4.52423e-16
0
0
0
0
0
0
0
0
0
0
0
0
1.39011e-15
0
0
0
0
0
0
0
0
0
0
0
0
0
0
0
3.68907e-16
0
-6.37182e-16
0
0
0
0
0
0
0
0
0
0
0
0
0
0
0
2.70807e-16
7.55913e-17
0
0
0
0
0
3.31442e-14
0
0
0
0
0
0
0
0
0
0
0
0
0
0
0
0
0
0
0
0
0
0
0
0
0
0
0
0
0
0
0
0
0
0
0
0
0
0
0
0
0
0
0
0
0
0
0
0
0
0
0
0
6.73065e-14
-2.75414e-14
0
0
0
-1.0388e-17
-3.53795e-17
0
0
0
0
0
0
0
0
0
0
0
0
0
0
0
0
0
0
0
4.37614e-16
0
-2.98325e-16
0
0
0
0
0
0
0
0
0
0
0
0
0
0
0
0
0
0
0
0
0
0
0
0
4.13591e-16
0
-1.07069e-14
0
0
0
0
0
0
0
0
0
0
0
0
0
0
0
0
0
0
0
0
0
0
0
0
0
0
0
0
0
0
0
0
1.5248e-16
0
0
0
0
0
0
0
0
0
0
0
0
0
0
0
0
0
0
0
0
0
0
0
0
0
0
-3.50647e-16
-2.12934e-16
0
0
0
0
0
0
0
0
0
0
0
0
0
0
0
0
0
0
0
0
0
0
0
0
0
0
0
0
0
0
0
0
0
0
0
0
0
0
0
0
0
0
0
0
0
0
0
0
0
0
0
0
0
0
0
0
0
0
0
0
0
0
0
0
0
0
0
0
0
0
0
0
0
0
0
0
0
0
0
0
0
0
0
0
0
0
0
0
0
0
0
0
0
0
0
0
0
0
0
0
0
0
0
0
0
0
0
0
0
0
0
0
1.7208e-16
0
0
0
0
0
0
0
0
0
0
0
0
0
0
0
0
0
0
0
0
0
0
0
0
0
0
0
0
0
0
0
0
0
0
0
0
0
0
0
0
0
0
0
0
0
0
0
0
0
0
0
0
0
0
0
0
0
0
0
0
0
0
0
0
0
0
0
0
0
0
0
0
0
0
0
0
0
4.08568e-17
0
0
0
0
0
0
0
0
0
0
0
0
0
0
0
0
0
0
0
0
0
0
0
0
0
0
0
0
0
0
0
0
0
0
0
0
0
0
0
0
0
0
0
0
0
0
0
0
0
0
0
0
0
0
0
4.5051e-16
0
4.61733e-16
0
0
0
0
0
0
0
0
0
0
0
0
0
0
0
0
0
0
3.9923e-16
-8.79662e-17
0
0
0
0
0
0
0
0
0
0
0
0
0
0
0
0
-6.86227e-16
-2.55894e-31
0
0
0
0
0
0
0
0
0
0
0
0
0
0
0
-9.47947e-15
0
0
0
0
0
0
0
0
0
0
0
0
0
0
0
0
0
0
0
0
0
0
0
0
0
0
0
6.69214e-17
-2.37955e-16
5.03766e-16
0
0
0
0
0
0
0
0
0
0
0
0
0
0
0
0
0
0
0
0
0
0
0
0
0
0
0
0
0
0
0
0
0
0
0
0
0
0
0
0
0
9.8326e-17
-1.48861e-17
0
-1.63125e-15
9.83511e-16
0
0
0
0
0
0
0
0
0
-6.09108e-17
0
0
0
0
0
0
0
0
0
0
0
0
0
0
0
0
0
0
0
0
0
0
0
0
0
0
0
5.97404e-16
-5.385e-16
0
0
0
0
0
0
0
0
0
0
0
0
0
0
0
-2.33425e-16
2.94529e-16
0
0
0
0
0
0
0
0
0
0
0
0
0
0
0
0
0
0
0
0
0
0
0
0
0
0
0
0
0
0
0
0
0
0
0
0
0
0
0
-3.62677e-16
4.86739e-16
0
0
0
0
0
0
0
0
0
0
0
0
0
0
0
0
0
0
0
0
0
4.80634e-15
0
-5.2646e-17
0
0
0
0
0
0
0
0
0
9.45109e-17
0
0
0
0
0
0
0
0
0
0
0
0
0
0
0
0
0
0
0
0
0
0
0
0
0
0
0
0
0
0
0
0
0
0
0
0
0
0
0
0
0
0
0
0
0
0
0
0
0
0
0
0
0
0
0
0
0
0
0
0
0
0
0
0
0
0
0
0
0
0
-1.24222e-16
0
0
0
0
0
0
0
0
0
0
0
0
0
0
0
0
0
0
0
0
0
0
0
0
0
0
0
0
0
0
0
0
0
0
0
0
0
0
6.41354e-17
1.65486e-15
0
0
0
0
0
0
0
0
0
0
0
0
0
0
0
0
0
0
3.16002e-16
0
0
0
0
0
0
0
0
0
0
0
0
0
0
0
0
0
0
0
0
0
0
0
0
0
0
0
0
0
0
0
0
0
-2.51896e-31
0
0
0
0
0
0
0
0
0
0
0
0
0
0
0
0
0
0
0
0
0
0
0
0
0
0
0
0
0
0
0
0
0
0
0
0
0
0
0
0
0
0
0
0
0
1.1266e-15
0
0
0
0
0
0
0
0
0
0
0
0
0
0
-1.87592e-17
1.81764e-17
0
0
0
0
0
0
0
0
0
0
0
0
0
0
0
0
0
0
0
0
0
0
0
0
0
0
0
0
0
0
0
0
0
0
0
0
0
0
0
0
0
0
0
0
-1.31083e-16
0
0
0
0
0
0
0
0
0
0
0
0
0
0
0
0
0
0
0
0
0
0
0
0
0
0
0
0
0
0
0
0
0
0
-1.06639e-15
0
0
0
0
0
0
0
0
0
0
0
0
0
0
0
0
0
0
0
0
0
0
0
0
0
0
0
0
0
0
0
0
0
0
0
0
0
0
0
0
0
0
0
0
0
1.55818e-16
0
0
0
0
0
0
6.15361e-15
-3.03365e-16
-6.45446e-17
0
0
0
0
0
0
0
0
0
0
0
0
0
0
0
0
0
0
0
0
6.72236e-17
8.01323e-17
0
0
0
0
0
0
0
0
2.80566e-17
1.02771e-17
0
0
0
0
0
0
0
0
0
0
0
0
0
0
0
0
0
0
0
0
0
0
0
0
0
0
0
0
0
0
0
0
0
0
0
0
0
0
0
0
0
0
0
0
0
0
0
0
0
0
0
0
0
0
0
0
0
0
0
0
0
0
0
0
0
0
0
0
0
0
0
0
0
0
-1.48743e-16
0
-2.55019e-31
0
0
0
0
0
0
0
0
0
0
0
0
0
0
0
0
0
0
0
0
0
0
0
0
0
0
0
0
0
0
0
0
0
0
0
0
0
0
0
0
0
-1.80564e-17
0
0
0
0
0
0
0
0
0
0
0
0
0
0
0
0
0
0
0
0
0
0
0
0
0
0
0
0
0
0
0
0
5.86792e-16
0
0
0
0
0
0
0
0
0
0
0
0
0
0
0
0
0
-6.53915e-17
0
2.03001e-15
0
0
0
0
0
0
0
0
0
0
0
0
0
0
0
0
0
1.67107e-14
0
0
0
0
0
0
0
0
0
0
0
0
0
0
0
0
0
0
0
0
0
0
0
0
0
0
0
0
0
0
0
0
0
0
0
0
0
0
0
0
0
0
0
0
0
0
0
0
0
0
0
0
0
0
0
0
0
0
0
0
0
0
0
0
-2.24555e-15
0
0
0
0
0
0
0
0
0
0
0
-1.74626e-15
0
1.49425e-17
0
0
0
0
0
0
0
0
0
0
0
0
0
0
0
0
0
0
0
0
0
0
0
0
0
0
0
0
0
0
0
0
0
0
0
0
0
0
0
0
0
0
0
0
0
0
0
0
0
0
0
0
0
0
0
0
0
0
0
0
-1.08543e-16
6.14594e-17
0
0
0
0
0
0
0
0
0
0
0
0
0
0
0
0
0
0
0
0
0
1.61956e-17
1.16735e-15
0
0
0
0
0
0
0
0
0
0
0
0
0
0
0
0
0
7.54745e-19
-2.89401e-17
0
0
0
0
0
0
0
0
0
0
0
0
0
0
0
0
0
0
0
0
0
0
0
0
0
0
0
0
0
0
0
0
0
0
0
0
5.53546e-16
0
0
0
-2.60159e-16
0
0
0
0
0
0
0
0
0
0
0
0
0
0
0
0
0
0
-2.366e-16
0
2.63101e-16
0
0
0
0
0
0
0
0
0
0
0
0
0
0
0
0
0
0
0
0
0
0
-1.88425e-16
-1.99538e-16
0
0
0
0
0
0
0
0
0
0
0
0
0
0
0
0
0
0
0
0
0
0
0
0
0
0
0
0
0
0
0
0
-2.51212e-16
7.67682e-31
0
0
0
0
0
0
0
0
-2.47536e-16
0
0
0
0
0
0
0
0
0
0
-1.13676e-15
-6.58133e-16
8.77583e-18
0
0
0
-2.12452e-16
0
-3.56195e-16
1.40966e-16
0
0
0
0
0
0
0
0
0
0
0
-1.26562e-15
-9.00772e-15
0
0
0
0
0
0
0
0
0
0
0
0
0
0
0
0
0
0
0
0
0
0
0
0
0
0
0
0
0
0
0
0
-1.65176e-17
7.81474e-16
0
0
0
0
1.45872e-16
0
0
0
0
0
0
0
0
0
0
0
0
0
0
0
0
0
5.29527e-17
0
0
0
0
0
0
0
0
0
0
0
0
0
0
0
0
0
0
0
0
0
0
0
0
0
0
0
0
0
0
0
0
0
0
0
0
0
0
0
0
0
0
0
0
0
0
0
0
0
0
0
0
0
0
0
0
0
0
0
0
0
0
0
0
0
0
0
0
0
0
0
0
0
0
0
0
0
0
0
0
0
0
0
0
0
0
0
0
0
0
0
0
0
0
0
0
0
0
-2.00631e-16
0
0
0
0
0
0
0
0
0
0
0
0
0
0
0
0
0
0
0
0
0
0
0
0
0
0
0
-3.57575e-16
0
-1.59441e-16
0
0
0
0
0
0
0
0
0
0
0
0
0
0
0
0
0
0
0
0
0
0
0
0
0
0
0
0
0
0
0
0
0
0
0
0
0
0
0
-2.21003e-15
3.58592e-17
0
0
0
0
0
0
0
0
-1.58776e-14
-1.92378e-15
0
0
0
0
0
3.77693e-15
-9.92356e-15
0
0
0
0
0
-1.0534e-15
0
0
0
0
0
0
0
0
0
0
0
0
0
0
-2.47488e-17
5.77473e-17
-1.18588e-17
0
0
0
0
0
0
0
0
0
0
0
0
0
0
0
0
0
0
0
0
0
0
0
0
0
0
-4.11391e-17
0
0
0
0
0
0
0
0
0
0
0
0
0
0
0
0
0
0
0
0
0
0
0
0
0
0
0
0
0
0
0
0
0
0
0
0
1.07879e-15
3.69874e-17
0
0
0
0
0
0
0
0
0
0
0
0
0
0
0
0
0
0
0
0
0
4.00681e-16
0
0
0
0
0
0
0
0
0
0
0
0
0
0
0
0
0
0
0
0
0
0
1.62325e-16
7.95208e-16
0
0
0
0
0
0
0
0
0
0
0
0
0
0
0
0
0
0
0
0
0
0
0
0
0
0
0
-1.54487e-17
0
0
0
0
0
0
0
0
0
0
0
0
0
0
0
0
0
0
0
0
0
0
0
0
0
0
0
0
0
0
0
0
0
-2.96689e-15
-9.05687e-17
0
0
0
0
0
0
0
0
0
0
0
0
0
0
0
0
0
0
0
0
0
0
0
0
0
0
3.09408e-17
0
0
0
0
0
0
0
0
0
0
0
0
0
5.14787e-31
1.38856e-16
8.43944e-17
0
0
0
0
0
0
0
0
0
0
0
0
0
0
0
0
0
0
0
0
0
0
0
0
0
0
0
0
0
0
0
0
0
0
-5.9759e-14
0
-2.16333e-15
0
-6.34464e-15
-2.7607e-16
0
0
-6.96415e-17
0
0
0
0
0
0
4.8765e-16
0
0
0
0
0
0
0
0
0
0
0
0
0
0
0
0
0
0
0
0
0
0
0
0
0
0
0
0
0
0
0
0
0
0
0
0
0
0
0
0
0
0
0
0
0
0
0
0
0
0
0
0
0
0
0
0
0
0
0
0
-2.70775e-16
1.45511e-16
0
0
0
0
0
9.66614e-15
1.39101e-14
0
0
0
0
-8.64824e-17
0
0
0
0
0
0
0
0
0
0
0
0
0
0
0
0
0
0
0
0
0
0
0
0
0
0
0
0
0
0
0
0
0
0
0
0
0
0
0
-9.00641e-17
-2.04739e-15
0
0
0
0
0
0
0
0
0
0
0
0
0
0
0
0
0
0
0
0
0
0
0
0
0
0
0
0
0
0
0
0
7.90874e-16
6.29537e-16
0
0
0
0
0
0
0
0
0
0
0
0
0
0
0
0
0
0
0
0
0
0
0
5.378e-16
1.97304e-15
0
0
0
0
0
0
0
0
0
0
0
0
0
0
0
0
0
0
0
0
0
0
0
0
0
0
0
0
0
0
0
0
0
0
0
0
0
0
0
0
0
0
0
0
0
0
0
0
0
0
0
0
0
0
0
0
0
0
0
0
0
0
0
0
0
0
0
0
0
0
0
0
0
0
0
0
0
0
0
0
0
0
0
0
0
0
0
0
0
0
0
0
0
0
0
0
0
0
0
0
0
0
0
0
0
0
0
0
0
1.33629e-17
-1.259e-18
4.93064e-16
0
0
0
0
0
0
0
0
0
0
2.7162e-17
9.11366e-17
0
0
0
0
0
0
0
0
0
0
0
0
0
0
0
-1.86968e-15
3.3317e-17
0
0
0
0
0
0
0
0
0
0
0
0
0
0
0
0
0
0
0
-2.68109e-16
-8.15996e-16
0
0
2.43473e-15
0
0
0
0
0
0
0
0
0
0
0
0
0
0
0
0
0
0
0
0
0
0
0
0
0
0
0
0
0
0
0
0
0
0
0
0
0
0
0
0
0
0
0
0
0
0
0
0
1.06168e-14
-3.92093e-16
0
0
0
0
0
0
0
0
0
0
0
0
0
0
0
0
0
0
0
0
0
0
0
0
0
0
0
0
0
0
0
0
0
0
0
0
0
0
0
0
0
0
0
0
0
0
0
0
0
0
0
0
0
0
0
0
0
0
0
0
0
0
0
0
0
0
0
0
0
0
0
0
0
0
0
0
0
0
0
0
0
0
0
0
0
0
0
0
0
0
0
0
0
0
0
0
0
0
0
3.46192e-16
1.24622e-15
0
0
0
0
0
0
0
0
0
0
0
0
0
0
0
0
0
0
0
0
0
0
0
0
0
0
0
0
0
0
0
0
0
0
1.98698e-18
5.09789e-31
0
0
0
0
0
0
0
0
0
0
0
0
0
0
0
0
0
0
0
0
0
0
0
0
0
8.82087e-18
0
0
0
0
0
0
0
-2.62343e-16
-2.69248e-16
0
0
0
0
0
0
0
0
0
0
0
0
0
0
0
0
0
0
0
0
0
0
0
0
0
0
0
0
0
0
0
0
0
0
0
0
0
0
0
0
0
0
-5.72357e-17
-2.22356e-16
0
0
0
0
0
0
0
0
0
0
0
0
0
0
0
0
0
0
0
0
-6.53152e-17
0
0
0
0
0
-2.67433e-15
0
0
0
0
0
0
0
3.05978e-16
-2.35631e-17
5.89602e-18
0
0
0
0
0
0
0
0
0
0
0
0
0
0
0
0
0
0
0
0
0
0
2.85411e-17
2.52895e-31
0
0
0
0
0
0
0
0
0
-6.46426e-16
-1.80929e-15
0
0
0
-3.69224e-15
0
0
0
0
0
0
0
0
0
-1.51867e-15
-2.0518e-16
0
0
0
0
0
0
0
0
0
0
0
0
0
0
-5.85971e-16
2.25449e-15
0
0
0
0
0
0
0
0
0
0
0
0
0
0
0
0
0
0
0
0
0
0
0
0
0
0
0
0
0
0
0
0
0
0
0
0
0
0
0
0
0
0
0
0
0
0
0
0
0
0
0
0
0
0
0
0
0
0
0
0
0
0
0
0
0
0
0
0
0
0
0
0
0
0
0
0
0
0
0
0
0
0
0
0
0
0
0
0
0
0
0
-8.72853e-16
2.15185e-16
0
0
0
0
0
0
0
0
0
0
0
0
0
0
0
0
0
-8.34589e-16
0
0
0
0
0
0
0
0
0
0
0
0
0
3.79566e-16
0
0
0
0
4.08631e-15
3.98653e-15
0
0
0
0
0
0
0
0
0
0
0
0
0
0
0
0
0
0
0
0
0
0
0
0
0
0
0
0
0
0
0
0
-1.1945e-15
-7.70121e-18
0
0
0
0
0
0
0
1.1574e-15
-1.46486e-17
0
0
0
0
0
0
0
0
0
0
0
0
0
0
0
0
0
0
0
0
0
0
0
0
0
0
0
0
0
0
0
0
0
0
3.85558e-18
1.01521e-16
0
0
0
0
0
0
0
0
0
0
0
0
0
0
1.90113e-17
1.43692e-15
0
0
0
0
0
0
0
0
0
0
0
0
0
0
0
0
0
0
0
0
0
0
0
0
0
0
-1.77622e-16
2.14625e-16
0
0
0
0
1.46835e-14
0
-2.96132e-15
0
0
0
0
0
0
0
0
0
0
0
0
0
0
6.39647e-17
0
0
0
0
0
0
0
0
0
0
0
0
0
0
0
1.57781e-17
0
0
0
0
0
-1.47254e-15
0
1.51889e-14
0
0
0
0
0
0
0
0
0
0
0
0
0
-7.67682e-31
8.49362e-17
3.02814e-15
0
0
0
0
0
0
0
0
0
0
0
0
0
0
0
0
0
0
0
0
0
0
0
0
0
0
0
0
0
0
-1.59155e-16
0
1.65214e-16
5.54088e-09
0
-4.21214e-08
0
0
0
0
0
0
0
0
0
8.26616e-17
-4.63152e-15
0
0
0
0
0
0
0
0
0
0
0
0
0
0
0
1.87506e-16
5.67993e-16
0
0
0
0
0
0
0
0
0
-1.8584e-16
2.51896e-31
0
0
0
0
0
0
0
0
0
0
0
0
0
0
0
0
0
0
0
0
0
0
0
0
0
0
0
0
0
0
0
0
0
0
0
0
0
0
0
0
0
0
0
0
0
0
0
0
0
0
0
0
0
0
0
0
0
0
0
0
-1.12696e-14
0
0
0
0
0
0
0
0
0
0
0
0
0
0
0
0
0
0
0
-1.15903e-15
0
0
0
0
0
0
0
0
0
0
0
0
0
0
0
0
0
0
0
0
0
0
0
0
0
0
0
0
0
0
-8.37742e-18
0
0
0
0
0
0
6.72851e-15
0
0
0
0
0
0
0
0
0
0
0
0
0
0
0
0
0
0
0
0
0
0
0
0
0
0
0
0
-5.72351e-15
0
0
0
0
0
-2.92614e-16
0
0
0
0
0
0
0
0
0
0
0
0
0
0
0
0
0
0
0
0
0
0
0
0
0
0
0
0
0
0
0
-2.06975e-15
0
6.98766e-16
0
0
0
0
0
0
0
0
0
0
0
0
0
0
0
8.50347e-17
1.50148e-15
0
0
0
0
0
1.72039e-17
3.01174e-17
0
0
0
0
0
0
0
0
0
0
0
0
0
0
0
0
0
4.34194e-17
0
0
0
0
0
0
0
0
0
0
0
0
0
0
0
0
0
0
0
0
0
0
0
0
0
0
0
0
1.98146e-17
-1.52906e-15
0
0
0
0
1.98942e-15
-3.13543e-17
0
0
0
0
0
0
3.037e-15
0
0
0
0
0
0
0
0
0
0
0
0
0
0
0
0
1.11951e-15
0
0
0
0
0
0
0
0
2.88776e-15
0
0
0
0
0
0
-7.53816e-17
0
0
0
0
0
0
0
8.84569e-16
-6.36377e-15
-3.60445e-08
0
0
0
0
0
0
0
0
0
0
0
0
0
0
0
0
0
0
0
0
0
0
0
0
0
0
0
0
-2.06151e-17
-6.2165e-16
0
0
0
0
0
0
0
0
0
0
0
0
0
0
0
0
0
0
0
0
0
0
0
0
0
0
0
0
0
0
0
1.86759e-17
0
0
0
0
0
0
0
0
0
0
0
0
0
0
6.23748e-17
4.1032e-16
0
0
0
0
0
0
0
0
0
0
0
0
0
0
0
0
0
0
0
0
0
0
0
0
0
0
0
0
2.977e-16
1.47981e-16
-2.29908e-16
0
0
0
0
0
0
0
0
0
0
0
0
0
0
0
0
0
0
0
0
0
0
0
0
0
0
0
0
0
0
0
0
0
0
0
0
0
0
0
0
0
0
0
0
0
0
0
0
0
0
0
0
-1.27504e-17
0
0
0
0
0
0
0
0
0
0
0
0
0
0
0
8.16409e-17
0
1.83669e-15
0
0
0
0
0
0
0
0
0
0
0
0
0
0
0
0
0
0
0
0
0
0
0
0
0
0
7.37719e-16
7.11621e-17
0
0
0
0
0
0
-2.65379e-17
0
0
1.02533e-14
0
0
0
0
0
0
0
0
0
0
0
0
0
0
0
0
0
0
0
0
0
0
0
0
0
0
0
0
0
0
0
0
0
0
0
0
0
0
0
0
0
0
0
0
6.95222e-17
1.53771e-15
0
-5.7227e-16
5.12038e-31
0
0
0
0
0
0
-6.48923e-17
-3.01336e-15
0
-4.05346e-16
0
5.9131e-17
-2.31973e-16
0
0
0
0
0
0
0
0
0
0
0
0
2.34004e-16
0
0
0
0
0
0
0
0
0
0
0
-6.2788e-17
-8.25111e-17
0
0
0
0
0
0
-1.53123e-16
0
0
0
0
0
0
0
0
0
0
-8.13433e-16
4.51356e-16
4.59244e-16
0
-5.60355e-16
0
0
0
0
0
0
0
0
0
0
0
0
0
0
0
0
0
0
0
0
0
0
0
0
0
0
0
0
0
0
0
0
0
0
0
0
0
0
0
0
0
0
0
0
0
0
0
0
0
0
0
0
0
0
0
0
0
0
0
0
0
0
0
0
0
0
0
0
0
0
0
0
0
0
0
0
0
0
0
0
0
0
0
0
0
0
0
0
0
0
0
0
0
0
0
-7.33693e-17
0
0
0
0
0
0
0
0
0
0
0
0
0
1.08545e-15
0
0
0
0
0
0
0
0
0
0
0
0
0
0
9.50367e-17
0
0
0
0
0
0
0
0
0
0
0
0
0
0
0
0
0
0
0
0
0
0
0
0
0
0
0
0
0
0
0
0
0
0
0
0
0
0
0
0
0
0
0
0
0
0
0
0
0
0
0
-2.14722e-17
0
0
0
0
0
0
-3.46415e-16
5.68192e-16
0
0
0
0
0
0
0
0
0
0
0
0
0
0
0
0
0
0
0
0
0
0
0
0
0
0
0
0
0
0
-3.52526e-08
2.28213e-16
0
0
0
0
0
0
0
0
0
0
0
0
0
0
0
0
0
0
0
0
0
0
0
0
0
0
0
0
0
0
0
0
0
0
0
0
0
-6.70583e-16
0
0
0
0
0
0
0
0
2.69254e-17
0
0
0
0
0
0
0
0
0
0
0
0
0
0
0
0
0
0
0
0
0
0
0
0
-1.80382e-15
0
0
0
0
0
0
0
0
0
0
0
0
0
0
0
0
0
0
0
0
0
0
0
0
0
0
0
0
0
0
0
0
0
0
0
0
0
0
0
-4.75445e-15
0
0
0
0
0
2.51551e-15
0
0
0
0
0
0
0
0
0
0
0
0
0
0
0
0
0
0
0
0
0
0
0
0
0
0
0
0
0
0
0
0
0
0
0
0
0
0
0
0
0
0
0
0
0
0
0
0
0
0
0
0
0
0
0
0
0
0
0
0
0
0
0
0
0
0
0
0
0
0
0
0
0
0
0
0
0
0
0
0
0
0
0
0
0
0
0
0
0
0
0
0
0
0
0
0
0
0
0
0
0
0
0
0
0
0
0
0
0
0
0
0
0
0
0
0
0
0
0
0
0
0
0
0
0
0
7.72693e-16
1.50178e-15
0
0
0
0
0
0
0
0
0
0
0
0
0
0
0
0
0
0
0
0
0
0
0
0
0
-6.92303e-16
0
0
-3.6464e-15
0
0
0
0
0
0
0
0
0
0
0
0
0
0
1.96763e-15
0
0
0
0
0
0
0
0
0
0
0
0
0
0
0
0
0
0
0
0
0
0
0
0
0
0
0
0
0
0
0
0
0
0
0
0
0
0
0
0
0
0
0
0
0
0
0
0
0
0
0
0
0
0
0
0
0
0
0
0
0
0
0
0
0
-3.74829e-16
0
0
0
0
0
0
0
0
0
0
0
-2.09158e-15
0
0
0
0
0
0
0
0
0
0
0
0
0
0
0
0
0
0
0
0
0
0
0
0
0
0
0
0
0
0
0
0
0
0
0
0
0
0
0
0
0
0
0
-3.13082e-15
2.21455e-15
0
0
0
0
0
0
0
0
0
0
0
0
0
0
0
0
0
0
0
0
0
0
0
0
0
0
0
0
0
0
0
0
0
0
0
0
0
0
0
0
0
0
0
0
0
0
0
0
0
0
0
0
1.46421e-15
0
0
0
0
0
0
0
0
0
0
0
0
0
0
0
0
0
0
0
0
0
0
0
0
0
0
0
0
0
0
0
0
0
0
0
0
0
0
0
0
0
0
0
0
0
0
0
-2.55086e-15
1.19193e-15
0
0
0
0
0
0
0
0
-1.20683e-16
0
-1.61314e-16
0
0
0
0
0
0
0
-1.01623e-16
8.33775e-17
0
0
0
0
0
0
0
0
0
0
0
0
0
0
0
0
0
0
0
0
0
0
0
0
0
0
0
0
0
0
0
0
0
0
0
0
0
0
-2.73001e-17
0
0
0
0
0
0
0
0
2.25842e-15
0
0
0
0
0
0
0
0
0
-2.66346e-15
0
0
0
0
0
0
0
0
0
0
0
0
0
0
0
0
0
0
0
0
0
0
0
0
0
0
1.04872e-16
0
8.48829e-17
0
0
0
0
0
0
0
0
1.87546e-16
0
0
0
-1.60595e-15
3.01581e-17
0
0
0
0
0
1.47199e-16
-1.32009e-16
0
0
0
0
0
-4.80366e-16
4.8469e-16
0
0
0
0
0
0
0
0
0
0
0
0
2.18961e-16
-4.11483e-16
0
0
0
0
0
0
0
0
0
0
0
-7.53101e-17
0
0
0
0
0
0
0
0
0
0
0
0
0
0
0
0
0
0
0
0
0
0
0
0
0
0
0
0
0
1.64458e-15
0
0
0
0
0
3.97617e-16
0
0
0
0
0
0
0
0
0
5.87084e-16
0
0
0
0
0
-1.90127e-16
-3.99646e-16
0
0
0
0
0
0
0
0
0
5.50519e-16
0
1.5598e-15
0
0
0
0
0
0
0
0
0
0
0
0
0
0
0
0
0
0
0
0
0
0
0
0
0
0
0
0
0
0
0
0
0
0
0
0
0
0
0
0
0
0
0
0
0
0
0
0
0
0
0
0
0
0
0
0
0
0
0
0
0
0
0
0
0
0
0
0
0
0
0
0
0
0
0
0
0
0
0
0
0
0
-3.61502e-16
0
0
0
0
0
0
0
0
0
0
0
0
0
0
0
0
0
0
0
0
0
0
0
0
0
0
0
0
0
0
0
0
0
0
0
0
0
0
0
0
0
0
0
0
0
0
0
0
0
0
0
0
0
0
0
0
0
0
0
0
0
0
0
0
0
0
0
-5.71137e-17
1.38634e-16
0
0
-1.3062e-16
0
-1.38603e-17
0
0
0
0
0
0
0
0
0
0
0
0
0
0
0
0
0
0
0
0
0
0
0
0
0
0
0
0
0
0
0
0
0
0
0
0
0
0
0
0
0
0
0
0
0
0
0
0
0
0
0
0
0
0
-2.45461e-16
0
0
0
0
0
0
0
0
0
0
0
0
0
0
0
0
0
0
0
0
0
-2.16164e-17
0
0
0
0
0
0
0
0
0
0
0
0
0
0
0
0
0
0
0
0
0
0
0
0
0
0
0
0
0
0
0
0
0
0
0
0
0
0
0
0
0
0
0
0
0
0
0
0
0
0
0
0
0
0
0
0
0
0
0
0
0
0
0
0
0
0
0
-2.36709e-16
8.98483e-17
-9.10696e-17
0
0
0
0
0
0
0
0
0
0
0
0
0
0
0
0
0
0
0
0
0
0
0
0
0
0
0
0
0
0
0
0
0
0
0
0
0
0
0
0
0
0
0
0
0
0
0
-7.75749e-16
0
0
0
0
0
0
0
0
0
0
0
0
0
0
0
0
0
0
0
0
0
0
0
0
0
0
0
0
0
0
0
0
0
0
0
0
0
0
0
0
0
0
0
0
0
0
0
0
0
0
0
0
0
0
0
0
0
0
0
0
0
0
0
0
-4.63784e-16
0
0
0
0
0
0
0
0
0
0
0
0
0
0
0
0
0
0
0
0
0
0
0
0
0
0
0
0
5.62801e-15
0
0
0
0
0
0
0
0
0
0
0
0
0
0
0
0
0
0
0
0
0
0
0
0
0
0
0
0
0
0
0
8.18837e-17
0
0
0
0
0
0
0
0
-2.72466e-16
0
0
0
0
0
0
0
0
0
0
0
0
0
0
0
0
0
0
0
0
0
0
0
0
0
0
0
0
0
0
0
0
3.2397e-15
4.60533e-16
0
0
0
0
0
0
0
0
0
0
0
0
0
0
0
0
0
0
0
0
0
0
0
0
0
0
0
0
0
0
0
0
0
2.23139e-16
0
-1.6484e-16
0
0
0
0
0
0
0
0
0
0
0
0
0
0
0
0
0
0
0
0
0
0
0
0
0
0
-2.83794e-08
0
0
0
0
0
0
-7.06741e-16
2.63975e-16
0
-2.89193e-15
0
0
0
0
0
0
0
0
-2.55569e-17
0
0
0
0
0
0
0
0
0
0
0
0
0
0
0
0
0
0
0
0
0
0
0
0
0
0
0
0
0
0
0
0
0
0
0
0
0
0
0
0
0
0
0
0
0
0
0
0
0
0
0
0
0
0
0
0
0
0
0
0
0
0
0
0
0
0
0
0
0
0
0
0
0
0
0
0
0
0
0
0
0
0
0
0
0
0
0
0
0
0
0
0
1.40135e-16
0
0
0
0
0
0
0
0
0
0
0
0
0
0
0
0
0
0
0
0
0
0
0
0
0
0
0
0
0
0
0
0
0
0
0
1.29404e-16
-2.69471e-15
0
0
0
0
0
0
0
0
0
0
0
0
0
0
0
0
0
0
0
0
0
0
0
0
0
0
0
0
1.2715e-16
-5.33989e-17
0
0
0
0
0
0
0
0
0
0
0
-1.05964e-15
0
0
0
0
0
0
0
1.51922e-15
0
0
0
0
0
0
0
0
0
0
0
0
0
0
0
0
0
0
0
0
0
0
0
0
0
0
0
0
0
1.49535e-16
0
0
0
0
-3.11495e-15
5.29321e-16
-4.89301e-15
0
0
0
0
0
0
0
0
0
0
0
0
0
0
0
0
0
-5.12767e-17
0
-1.67315e-16
0
-1.47179e-16
0
0
0
0
0
0
0
0
0
0
0
0
0
0
0
0
0
0
0
0
0
0
6.90728e-17
0
0
0
0
0
0
0
0
0
0
0
0
0
0
0
0
0
0
0
0
1.09812e-16
0
0
0
0
0
0
0
0
0
0
0
0
0
0
0
0
0
0
0
0
0
0
0
0
0
0
0
0
0
0
0
0
0
0
0
0
0
0
0
0
0
0
0
0
0
0
0
0
0
0
0
0
0
0
0
0
0
0
0
0
0
0
0
0
0
0
0
0
0
0
0
0
0
0
0
0
0
0
0
0
0
0
0
0
0
0
0
0
0
0
0
0
0
0
0
0
0
0
0
0
0
0
0
0
0
0
0
0
0
0
0
0
0
0
0
0
0
0
0
0
0
0
0
0
0
0
0
0
0
0
0
0
0
0
0
0
0
-2.72687e-15
0
0
0
0
0
0
0
0
0
0
0
0
0
0
0
0
0
0
0
0
0
0
0
0
0
0
0
0
0
0
0
0
0
0
0
0
0
0
0
0
0
0
0
0
0
0
0
0
0
0
0
0
0
-2.5324e-16
0
0
0
0
0
0
0
0
0
0
0
0
0
0
0
0
0
0
0
0
0
0
0
0
0
0
0
0
0
-3.35351e-16
0
0
0
0
0
0
0
0
0
-2.35802e-17
0
0
0
-2.59028e-16
0
0
0
0
0
0
0
0
0
0
0
0
0
0
0
0
0
0
0
0
0
0
0
0
0
0
0
0
0
0
0
0
0
0
0
0
0
0
0
0
0
0
0
0
0
0
0
0
0
0
0
0
0
0
0
0
0
0
0
0
0
0
0
0
0
0
0
0
0
0
0
0
0
0
0
0
0
0
0
0
0
0
0
0
0
0
0
0
0
0
0
0
0
0
0
0
0
0
0
0
0
0
0
0
0
0
0
0
0
0
0
0
0
0
0
0
0
0
0
0
0
0
0
0
0
0
0
0
0
0
0
0
0
0
0
0
0
0
0
0
0
0
0
1.44623e-16
0
0
0
0
0
0
0
0
0
0
0
0
0
0
0
0
0
0
0
0
0
0
0
0
0
0
0
0
0
0
0
0
0
0
0
0
0
0
0
0
0
0
0
0
0
0
0
0
0
0
0
0
0
0
0
0
0
0
0
0
0
0
0
-2.66565e-16
0
0
0
0
0
0
0
0
0
0
0
0
0
0
0
1.23669e-15
-4.07981e-15
0
0
0
0
0
0
0
0
0
0
0
0
0
0
0
0
0
0
0
0
0
0
0
0
0
0
0
0
0
0
0
0
0
0
0
0
0
0
0
0
0
0
0
0
0
0
0
0
0
0
0
0
0
0
0
0
0
0
0
0
0
0
0
0
0
0
0
0
0
0
0
0
0
0
0
0
0
0
0
0
0
0
0
0
0
0
0
0
0
0
0
0
0
0
0
0
0
0
0
0
0
0
0
0
0
0
0
0
0
0
0
0
0
0
0
0
0
0
0
0
0
0
0
0
0
0
0
5.0679e-31
0
0
0
0
0
0
0
0
0
0
0
0
0
0
0
0
0
0
0
0
0
0
0
0
-6.2129e-17
7.36682e-17
0
0
0
0
0
0
0
0
0
0
0
0
0
0
0
0
0
0
0
0
0
0
0
0
0
0
0
0
0
0
0
0
0
0
0
0
0
0
0
0
0
0
0
0
0
0
0
0
0
0
0
0
0
0
0
0
0
0
0
-5.43077e-15
0
0
0
0
0
0
0
0
0
0
0
0
0
0
0
0
0
0
0
0
0
0
0
0
0
0
0
0
0
0
0
0
0
0
0
0
0
0
0
0
0
0
0
0
-3.48425e-16
0
0
0
0
0
0
0
0
0
0
0
0
0
0
2.52813e-16
0
0
0
0
0
0
0
0
0
0
0
0
0
0
0
0
0
0
0
0
0
0
0
0
0
0
0
0
0
0
0
0
0
-1.8875e-16
0
0
0
0
0
0
0
0
0
-3.12265e-15
4.94885e-16
0
0
0
0
0
0
0
0
0
0
0
0
-9.31979e-17
2.94097e-17
0
0
0
0
0
0
0
0
0
0
0
0
0
0
0
0
0
0
0
0
0
0
0
0
0
0
0
0
0
0
0
0
0
0
0
3.77332e-16
0
0
0
0
0
0
0
0
0
0
0
0
0
0
0
0
0
0
0
0
0
0
0
0
0
0
0
0
0
0
0
0
0
0
0
0
0
0
0
0
0
0
0
0
0
0
0
0
0
0
0
-7.11067e-16
-5.63166e-15
0
-9.1606e-16
0
4.56972e-18
0
0
0
0
0
0
0
0
0
0
0
0
0
0
0
0
0
0
0
0
0
0
0
0
0
0
0
0
0
0
0
0
0
0
0
0
0
0
0
0
0
0
0
0
0
0
0
0
0
0
0
0
0
0
0
0
0
0
0
0
0
0
0
0
0
0
0
0
0
0
0
0
0
0
0
0
0
0
0
0
0
0
1.14337e-16
0
0
0
0
0
0
0
0
0
0
0
0
0
0
0
0
0
0
0
0
0
0
0
0
0
0
0
0
0
0
0
0
0
0
0
0
0
0
0
0
0
0
0
0
0
0
0
0
0
0
0
0
0
0
0
0
0
0
0
0
0
0
0
-5.69812e-17
-9.20293e-17
0
0
0
0
0
0
0
0
0
0
0
0
0
0
0
0
0
0
0
0
0
0
0
0
0
0
0
0
0
0
0
0
0
0
0
0
0
0
0
0
0
0
0
0
0
0
0
0
0
7.88727e-18
0
0
0
0
0
0
0
0
0
0
0
0
0
0
0
0
0
0
0
0
0
0
0
0
0
0
0
0
0
0
0
0
0
0
0
0
0
0
0
0
0
0
0
0
0
0
0
0
0
0
0
0
0
0
0
0
0
0
0
0
0
0
0
0
0
0
0
0
0
0
0
0
0
0
0
0
0
0
0
0
0
0
0
0
0
0
0
0
0
0
0
0
0
3.03715e-16
0
0
0
0
0
0
0
0
0
0
0
0
0
0
0
0
0
0
0
1.01836e-16
-9.89629e-17
0
0
0
0
-1.01862e-16
2.334e-16
0
0
0
0
0
0
0
0
0
0
0
0
0
0
0
0
0
0
0
0
0
0
0
0
1.38555e-17
0
1.16466e-18
0
0
0
0
0
0
0
0
0
0
0
0
0
1.37901e-16
0
0
0
0
0
0
0
0
0
0
0
0
0
0
0
0
-2.11273e-17
0
0
0
0
0
0
0
0
0
0
0
0
0
0
0
0
0
0
0
0
0
0
0
0
0
0
0
0
0
0
0
0
0
0
0
0
0
0
0
0
0
0
0
0
0
0
0
0
0
0
0
0
0
0
0
2.57029e-16
-6.23922e-16
0
0
0
0
0
0
0
0
0
0
0
0
0
0
0
0
0
0
0
0
0
0
0
0
0
0
0
0
0
0
0
-1.44876e-15
0
0
0
0
0
0
0
0
0
0
0
0
0
0
0
0
0
0
-2.03916e-30
0
0
0
0
0
0
0
0
0
0
0
0
0
0
0
0
0
0
0
0
0
0
0
0
0
0
0
0
0
0
0
0
0
0
0
0
0
0
0
0
-8.45716e-15
0
0
0
0
0
0
0
0
0
0
0
5.98496e-17
0
0
0
0
0
0
0
0
0
0
0
-7.24008e-16
0
1.00579e-14
0
0
0
0
0
0
0
0
0
0
0
0
0
0
0
0
0
0
0
0
0
0
0
0
0
0
0
0
0
0
0
0
-8.19019e-17
1.18974e-16
0
0
0
0
0
0
0
0
0
0
0
0
0
0
0
0
0
0
0
0
0
0
0
0
0
0
0
0
0
0
0
0
0
0
0
0
0
0
0
0
0
0
0
0
0
0
0
0
0
0
0
0
0
0
0
0
0
0
0
0
0
0
0
0
0
0
0
0
0
0
0
6.39461e-16
0
0
0
0
0
0
0
0
0
0
0
0
-3.67449e-17
0
0
0
0
0
0
0
0
0
0
0
0
0
0
0
0
0
0
0
0
0
0
0
0
0
0
0
0
0
0
0
0
0
0
0
0
0
0
0
0
0
0
0
0
0
0
0
0
0
0
0
0
0
0
0
0
0
0
0
0
0
0
0
0
0
0
0
0
0
0
0
0
0
0
0
0
0
0
0
0
0
0
0
0
0
0
0
0
0
0
0
0
0
0
0
0
1.00155e-14
0
0
0
0
0
0
0
0
0
0
0
0
0
0
0
0
0
0
0
0
0
0
0
0
0
-1.09886e-15
7.53215e-16
0
-2.53168e-16
3.09676e-17
3.9332e-17
0
0
0
0
-2.04259e-14
0
0
0
0
0
0
0
0
0
0
0
0
0
0
0
0
0
0
0
0
-7.371e-16
1.14239e-15
0
0
0
0
0
0
0
0
0
0
0
0
0
0
0
0
0
0
0
0
0
0
0
0
0
0
0
-2.74272e-17
0
0
0
0
0
0
0
0
0
0
0
0
0
0
0
0
0
0
0
0
0
0
0
0
0
0
0
0
0
0
1.97518e-16
6.72994e-16
2.47859e-16
0
0
0
0
0
0
0
0
0
0
0
0
0
0
0
0
0
0
0
0
0
0
0
0
0
0
0
0
0
0
0
0
0
0
0
0
0
0
0
0
0
0
0
0
0
0
0
0
0
0
0
0
0
0
0
-1.65982e-17
-9.61924e-18
0
0
0
0
0
0
0
0
0
0
0
0
0
0
0
0
0
0
0
0
0
0
0
0
0
0
0
0
0
0
0
0
0
0
0
0
0
5.98484e-15
4.55801e-16
0
0
0
0
0
0
0
0
0
0
0
0
0
0
0
0
0
0
0
0
0
0
0
0
0
0
0
0
0
0
0
0
0
0
0
0
0
0
0
0
0
0
0
0
0
0
0
0
0
0
0
0
0
0
0
0
0
0
0
0
0
0
0
0
0
0
0
0
0
0
0
0
0
0
0
0
0
0
0
0
0
0
0
0
0
0
0
0
0
0
0
0
0
0
0
0
0
0
0
0
0
0
0
0
0
0
0
0
0
0
0
0
0
0
0
0
0
0
0
0
0
0
0
0
0
0
0
0
0
0
0
0
0
0
0
0
0
0
0
0
0
0
0
0
0
0
0
0
0
0
0
0
0
0
0
0
0
0
0
0
0
0
0
0
0
0
0
0
0
0
0
0
0
0
0
0
0
0
0
0
0
0
0
0
0
0
0
0
0
0
0
0
0
0
0
0
0
0
0
0
0
0
0
0
0
0
0
0
0
0
0
0
0
0
0
0
0
0
0
0
0
0
0
0
0
0
0
0
0
0
0
0
0
0
0
0
0
0
0
0
0
8.87643e-17
-9.2954e-17
0
0
0
0
0
0
0
0
0
0
0
0
0
0
0
0
0
0
0
0
0
0
0
0
0
0
0
0
0
0
0
0
0
0
0
0
0
0
0
0
0
0
0
0
0
0
0
0
0
0
0
0
0
0
-2.52982e-15
0
0
0
0
0
0
0
0
0
0
0
0
0
0
0
0
0
0
0
0
0
0
0
0
0
0
0
0
0
0
0
0
0
0
0
0
0
0
0
0
0
0
0
0
0
0
0
0
0
0
0
0
0
0
0
0
0
0
0
0
0
0
0
0
0
0
0
0
1.55212e-16
0
0
0
0
0
0
0
0
0
0
0
0
0
0
0
0
0
0
0
0
0
0
0
0
-8.05012e-16
-1.28117e-15
0
0
0
0
0
0
0
0
0
0
0
0
0
0
0
0
0
0
0
0
0
0
0
0
0
0
0
0
-2.56394e-31
-7.64811e-17
0
0
0
0
0
0
0
0
0
0
0
0
0
0
0
0
0
0
0
0
0
0
0
0
0
0
0
0
0
0
0
0
0
0
0
0
0
0
0
0
0
0
0
0
0
0
0
0
-6.33515e-17
0
1.28915e-16
0
0
0
0
0
0
0
0
0
0
0
0
0
0
0
0
0
6.99879e-17
3.4142e-16
-4.48535e-16
0
0
0
0
0
0
0
0
0
0
0
0
0
0
0
0
0
0
0
0
0
0
0
0
0
0
0
0
0
0
0
0
0
0
0
0
0
0
0
0
0
0
0
0
0
0
0
0
0
0
0
0
0
0
5.90163e-16
0
0
0
0
0
0
0
0
0
0
0
0
0
0
0
0
0
0
0
0
0
0
0
0
0
0
0
0
0
0
-4.70395e-17
0
0
0
0
0
0
0
0
0
0
0
0
0
0
0
0
0
0
0
0
0
1.33842e-16
-3.94423e-16
0
0
-8.60503e-16
0
0
0
0
0
0
0
0
0
0
0
0
0
0
0
0
0
0
0
0
0
0
0
0
0
0
0
0
0
0
0
0
0
0
0
0
0
0
0
0
0
0
0
0
0
0
0
-1.53203e-16
-2.72365e-16
0
0
0
0
0
0
0
0
0
0
0
0
0
0
0
0
0
0
0
0
0
0
0
0
0
0
-6.55067e-16
-2.02435e-16
0
0
0
0
0
0
0
0
0
0
0
0
0
0
0
0
0
0
0
0
0
0
0
0
0
0
0
0
0
0
0
0
0
0
0
0
0
0
0
0
0
0
0
0
-1.33711e-15
-8.51189e-16
0
0
0
-1.77259e-15
0
0
0
0
0
0
-7.13037e-17
0
0
-4.31236e-16
-3.74845e-34
2.45851e-17
0
0
0
0
0
0
0
0
0
0
0
0
0
0
0
0
2.69077e-17
0
0
0
0
0
0
0
0
0
0
0
0
0
0
0
0
0
0
0
0
0
0
0
0
0
0
0
0
-5.27564e-16
0
0
0
0
0
0
0
0
0
0
0
0
0
0
0
0
0
0
0
0
0
0
0
0
0
0
0
0
0
0
0
0
0
0
0
0
0
0
0
0
0
0
0
0
0
0
0
0
0
0
0
0
0
0
0
0
0
0
0
8.05053e-17
-2.9204e-17
0
0
0
0
0
0
0
0
0
0
0
0
0
0
0
0
0
0
0
0
0
0
0
0
0
0
0
0
0
0
0
0
0
0
0
0
0
0
0
0
0
0
0
0
0
0
0
0
0
0
0
0
0
0
0
0
0
0
0
0
0
0
0
0
0
0
0
0
0
0
0
0
0
0
0
0
0
0
0
0
0
0
0
0
0
0
0
0
0
-9.26688e-18
0
0
0
0
0
0
0
0
0
0
0
0
0
0
0
0
0
0
0
0
0
0
0
0
0
0
0
0
0
0
0
0
0
0
0
2.16796e-16
-1.98259e-16
0
0
0
0
0
0
0
0
0
0
0
0
0
0
0
0
0
0
0
0
0
0
0
0
0
0
0
0
0
0
0
0
0
0
0
0
0
0
0
0
0
0
0
0
0
0
0
0
0
0
0
0
0
0
0
0
0
0
0
0
0
0
0
0
0
0
0
0
0
0
0
0
0
0
0
0
0
0
0
0
0
0
0
0
0
0
-2.22535e-15
0
0
0
0
0
0
0
0
0
0
0
0
0
0
0
0
0
0
0
0
0
0
0
0
0
0
0
0
0
0
0
0
0
0
0
0
0
0
0
0
0
0
0
0
0
0
0
0
0
0
1.34245e-15
-3.74619e-15
0
0
0
0
0
0
0
0
0
0
0
0
-5.09789e-31
0
0
0
0
0
0
0
0
0
0
0
0
0
0
0
0
0
0
0
0
0
0
0
0
0
0
0
0
0
0
0
0
0
0
0
0
0
0
0
0
0
0
0
0
0
0
0
0
0
0
0
0
0
0
0
0
0
0
0
0
0
0
0
0
0
0
0
0
0
0
0
0
0
0
0
0
-1.29217e-14
0
0
0
-1.86565e-15
0
0
0
0
0
4.65801e-15
0
0
0
0
0
0
0
0
0
0
0
0
0
0
0
0
0
0
0
0
0
0
0
0
-3.56855e-16
3.70175e-16
0
0
0
0
0
0
0
0
0
0
0
0
0
0
0
0
0
0
0
0
0
0
0
0
0
0
3.46646e-15
1.9954e-15
0
0
0
0
0
0
0
0
0
0
0
0
1.64147e-17
-1.61285e-17
0
0
0
0
0
0
0
0
0
0
0
0
0
0
0
0
0
0
0
0
0
0
0
0
3.59215e-17
0
0
0
0
0
0
0
0
0
0
0
0
0
0
0
0
0
0
0
0
0
0
0
0
0
0
0
0
0
0
0
0
0
0
0
0
0
0
0
0
0
0
0
0
0
0
0
0
0
0
0
0
0
0
0
0
0
0
0
0
0
0
0
0
0
0
0
0
0
0
0
0
0
0
0
0
0
0
0
0
0
0
0
0
0
0
0
0
0
0
0
0
0
0
0
0
0
0
0
0
0
0
0
0
0
0
0
0
0
0
0
0
0
0
0
0
0
0
0
0
0
0
0
0
0
0
0
0
0
0
0
0
0
0
0
0
0
0
0
0
0
0
0
0
0
0
0
0
0
0
0
0
0
0
-3.41339e-15
0
0
0
0
0
0
0
0
0
0
0
0
0
0
0
0
0
0
0
0
0
0
0
0
0
0
0
0
0
0
0
0
0
0
0
0
0
0
-1.77942e-16
0
-9.0703e-16
-5.71199e-16
0
0
0
0
0
0
0
0
0
0
0
0
0
0
0
0
0
0
0
0
0
0
0
0
0
0
0
0
0
0
0
0
0
0
0
0
0
0
0
0
0
0
0
0
0
0
0
0
0
0
0
0
0
0
0
0
0
0
0
0
0
0
0
0
0
0
0
0
0
0
0
0
0
0
0
0
0
0
0
0
0
0
0
0
0
0
0
0
0
0
1.27171e-15
-2.57142e-15
0
0
0
0
0
0
0
0
0
0
0
0
0
0
0
0
0
0
0
0
9.97895e-17
0
0
0
0
0
0
0
0
0
0
0
0
0
0
0
0
0
0
0
0
0
0
0
0
0
0
0
0
0
0
0
0
0
0
0
0
0
0
0
0
0
0
0
0
0
0
0
0
0
0
0
0
0
0
0
0
0
0
0
0
0
0
0
0
0
0
0
0
0
0
0
0
0
0
0
0
0
0
0
0
0
0
0
1.61233e-16
0
0
0
0
0
0
0
0
0
0
0
0
0
0
0
0
0
0
0
0
0
0
0
0
0
0
0
0
0
0
0
0
0
0
0
0
0
0
0
0
0
0
0
0
0
0
0
0
0
0
0
0
0
0
4.48718e-15
0
0
0
0
0
0
0
0
0
0
0
0
0
0
0
0
0
0
0
0
0
0
0
0
0
0
0
0
0
0
4.99524e-16
0
0
0
0
0
0
0
0
0
0
0
0
0
0
0
0
0
0
0
0
0
0
0
0
0
0
0
0
0
0
0
0
0
0
0
0
0
0
0
0
0
0
0
0
0
0
0
0
0
0
0
0
0
0
0
0
0
0
0
0
0
0
0
0
0
0
0
0
0
0
0
0
0
0
0
0
0
0
0
0
0
2.44831e-15
0
0
0
0
0
0
0
0
0
0
0
0
0
2.59616e-16
0
0
0
0
0
0
0
0
0
0
0
0
0
0
0
0
0
0
0
0
0
0
0
0
0
0
0
0
0
0
0
0
0
-2.90347e-16
0
0
0
0
0
0
0
0
0
0
0
0
0
0
0
0
0
0
0
0
0
0
0
0
0
0
0
0
0
0
0
0
0
0
0
0
-3.82494e-15
0
0
0
0
0
0
0
0
0
0
0
0
0
0
0
0
0
0
0
0
0
0
0
0
0
0
0
0
0
1.05556e-30
-7.15111e-16
0
0
0
0
0
0
0
0
0
0
0
0
0
0
0
0
0
0
0
0
0
0
0
0
0
0
0
0
0
0
0
0
0
0
0
0
0
0
0
0
0
0
0
0
0
0
0
0
0
0
0
0
0
0
0
0
0
0
0
0
0
0
0
0
0
0
0
0
0
0
0
0
0
0
0
0
0
0
0
0
0
0
0
0
0
0
0
0
-4.83916e-16
0
0
0
0
0
0
0
0
0
0
0
0
0
0
0
0
0
0
0
0
0
0
0
0
4.01798e-15
0
0
0
0
0
0
0
0
0
0
0
0
0
0
0
0
0
0
0
0
0
0
0
0
0
0
0
0
0
0
0
0
0
0
0
0
0
0
0
0
0
0
0
0
0
0
0
0
0
0
0
0
0
0
0
0
0
0
0
0
0
0
0
0
0
0
0
0
0
0
0
0
0
0
0
0
0
0
0
0
0
0
0
0
0
0
0
0
0
0
0
0
0
0
0
0
0
0
0
0
0
0
0
0
0
0
0
0
0
0
0
0
0
0
0
0
0
0
0
0
0
0
0
0
0
0
0
0
0
0
0
0
0
0
0
0
0
0
0
0
0
0
0
0
0
0
0
0
0
0
0
0
0
0
0
0
0
0
0
0
0
0
0
0
0
0
0
0
0
0
0
0
0
0
0
0
0
0
0
0
0
0
0
0
0
0
0
0
0
0
0
0
0
0
0
0
0
0
0
0
0
0
0
0
0
0
0
0
0
0
0
0
0
0
0
0
0
0
0
0
0
0
0
0
0
0
0
0
0
0
0
0
0
0
0
0
0
0
0
0
0
0
0
0
0
0
0
0
0
0
0
0
0
0
0
0
0
0
0
0
0
0
0
0
0
0
0
0
0
0
0
0
0
0
0
0
0
0
0
0
0
0
0
0
0
0
0
1.12949e-17
0
0
0
0
0
0
0
0
0
4.50171e-17
-4.64538e-17
0
0
0
0
0
0
0
0
0
0
0
0
0
0
0
0
0
0
0
0
0
0
0
0
0
0
0
0
0
0
0
0
0
0
0
0
0
0
0
0
0
0
0
0
0
0
0
0
0
0
0
0
0
0
0
0
0
0
0
0
0
0
0
0
0
0
0
0
0
0
0
0
0
0
0
0
0
0
0
0
0
0
0
0
0
0
0
0
0
0
0
0
0
0
0
0
0
0
0
0
0
0
0
0
0
0
0
0
0
0
0
0
0
0
0
0
0
0
0
0
0
0
0
0
0
0
0
0
0
0
0
0
0
0
0
0
0
0
0
0
0
0
0
0
0
0
0
0
0
0
0
0
0
0
0
0
0
0
0
0
0
0
0
0
0
0
0
0
0
0
0
0
0
0
0
0
0
0
2.59267e-16
0
0
0
0
0
0
0
0
0
0
0
0
0
1.55496e-16
0
0
0
0
0
0
0
0
0
0
0
0
0
0
0
0
0
0
0
0
0
0
0
0
0
0
0
0
0
0
0
0
0
0
0
0
0
0
0
0
0
0
0
0
0
0
0
0
0
0
0
0
0
0
0
0
0
0
0
0
0
0
0
0
0
0
0
0
0
0
0
0
0
0
0
0
0
0
0
0
0
0
0
-2.05212e-16
0
0
0
0
0
0
0
0
0
0
0
0
0
0
0
0
0
0
0
0
0
0
-1.97247e-16
0
0
0
0
0
0
0
0
-5.15786e-31
0
0
0
0
0
0
0
0
0
0
0
0
0
-1.09561e-16
0
0
0
0
0
0
0
0
0
0
0
0
0
0
0
0
0
0
0
0
0
0
-9.32418e-16
0
0
0
0
0
0
0
0
0
0
0
0
7.50586e-16
4.42472e-16
0
0
0
0
0
0
0
0
0
0
0
0
0
0
0
0
0
0
0
0
0
0
0
0
0
0
0
0
0
0
0
0
0
0
0
0
0
0
0
0
0
0
0
0
0
0
0
0
0
0
0
0
0
0
0
0
-2.57567e-16
0
0
0
-2.69715e-16
0
-6.37315e-17
0
0
0
0
0
0
0
0
0
0
0
0
0
0
0
0
-1.04975e-16
0
0
0
0
0
0
0
0
0
0
0
0
0
0
0
0
0
0
0
0
0
0
0
0
0
0
0
0
0
0
0
0
0
0
0
0
0
0
0
0
0
0
0
0
0
0
0
0
0
0
0
0
1.3593e-16
0
0
0
5.68028e-16
0
0
0
0
0
0
0
0
0
0
0
0
0
0
0
0
0
0
0
0
0
0
0
0
0
0
0
0
0
0
0
0
0
0
0
0
0
0
0
0
0
0
0
0
0
0
0
0
0
0
0
-1.86286e-15
0
0
0
0
0
0
0
0
0
0
0
0
0
0
0
0
0
0
0
0
0
0
0
0
0
0
2.12269e-15
0
0
0
0
0
0
0
0
0
0
0
0
0
0
0
0
0
0
0
0
0
0
0
0
0
0
0
1.60623e-14
0
0
0
0
0
0
0
0
0
0
0
0
0
0
0
0
0
0
0
0
0
0
0
0
0
0
0
0
0
0
0
0
0
0
0
0
0
0
0
0
0
0
0
0
0
0
0
0
0
0
0
0
0
0
0
0
0
0
0
0
0
0
0
0
0
0
0
0
0
0
0
-3.05861e-17
0
0
0
0
0
0
0
0
0
0
0
0
0
0
-1.39421e-15
0
0
0
0
0
0
0
0
0
0
0
0
0
0
0
0
0
0
0
0
0
0
0
0
1.97917e-14
2.69945e-14
0
2.25061e-15
0
0
0
0
0
0
0
0
0
0
0
0
0
0
0
0
0
0
0
0
0
0
0
0
0
0
0
0
0
0
0
0
0
0
0
0
0
0
0
0
0
0
0
0
0
0
0
0
0
0
0
0
0
0
0
0
0
0
0
0
0
0
0
0
0
0
0
0
0
0
0
0
0
0
0
0
0
0
0
0
0
0
0
0
0
0
0
0
0
0
0
0
0
0
0
7.43622e-17
-3.45884e-15
0
0
0
0
0
0
0
0
0
0
0
0
0
0
0
0
0
0
0
0
0
0
0
0
0
0
0
0
0
0
0
0
0
0
0
0
0
0
0
0
0
0
0
0
0
0
0
0
0
0
0
0
0
0
0
0
0
0
0
0
0
0
0
0
0
0
0
0
0
0
0
-5.84577e-16
0
0
0
0
0
0
0
0
0
0
0
0
0
0
0
0
0
0
0
-1.18173e-15
0
0
0
0
0
0
0
0
0
0
0
0
0
0
0
0
0
0
0
0
0
0
0
0
0
0
0
8.92331e-17
0
0
0
0
0
0
0
0
0
0
0
1.67156e-15
-4.4489e-16
0
0
0
5.76425e-16
0
0
0
0
0
0
0
0
0
0
0
0
3.9637e-16
0
0
0
0
0
0
0
0
0
0
0
0
0
0
0
0
0
0
0
0
0
1.07377e-19
0
0
0
0
0
0
0
0
0
-1.01817e-15
0
0
-2.97525e-15
0
0
0
0
0
0
0
0
0
0
0
0
0
0
0
0
-1.03538e-16
0
0
0
0
0
0
-2.95551e-20
0
0
0
0
0
0
0
0
0
-2.03124e-15
0
0
0
0
0
0
0
0
0
0
0
0
0
0
0
0
0
0
0
0
0
0
0
0
0
0
0
0
0
0
0
0
0
0
0
0
0
0
0
0
0
0
0
0
0
0
0
0
0
0
0
0
0
0
0
0
0
0
0
0
0
0
0
0
0
0
0
0
0
0
0
0
0
0
0
0
0
0
0
0
0
-1.75193e-17
0
1.4713e-16
0
0
0
0
0
0
0
0
0
0
0
0
0
0
0
0
0
0
0
0
0
0
0
0
0
0
0
0
0
0
0
0
0
0
0
0
0
0
0
0
0
0
0
0
0
0
0
0
0
0
0
0
0
0
0
0
1.75284e-16
-8.98555e-17
0
0
0
0
0
0
0
0
0
0
2.99545e-15
0
0
0
0
0
0
0
0
0
0
0
0
0
0
0
-3.02494e-17
8.90987e-17
0
0
0
0
0
0
0
0
0
0
0
0
0
0
0
0
0
0
0
0
0
6.0507e-15
0
0
0
0
0
0
0
0
0
0
0
0
0
0
0
0
0
0
0
0
3.57821e-17
0
0
0
0
0
0
0
0
0
0
0
0
0
0
0
0
0
0
0
0
0
0
0
0
0
0
0
0
0
0
0
0
0
0
0
0
0
0
0
0
0
0
0
0
0
0
0
0
0
0
0
0
0
0
3.02546e-15
0
0
0
0
0
0
0
0
0
0
0
0
0
0
0
0
0
0
0
0
0
0
0
0
0
0
0
0
0
0
0
0
0
0
0
0
0
0
0
0
0
0
0
0
0
0
0
0
0
0
0
0
0
0
0
0
0
0
0
0
0
0
0
0
0
0
0
0
0
0
0
0
0
0
0
0
0
0
0
0
0
0
0
0
0
0
0
0
0
0
0
0
0
0
0
0
0
0
0
0
0
0
0
0
0
0
0
0
0
0
-4.38715e-14
7.88753e-14
0
0
-2.51939e-15
4.87522e-15
0
0
0
0
0
0
0
0
0
0
0
0
0
0
0
0
0
0
0
0
0
0
0
0
0
0
0
0
0
0
-2.13363e-15
0
0
0
0
0
0
0
0
0
0
0
0
0
0
0
0
0
0
0
0
0
0
0
0
0
0
0
0
0
0
0
0
0
0
0
0
0
0
0
0
9.10314e-17
2.37665e-15
0
0
0
0
0
0
0
0
0
0
0
0
0
0
0
0
0
0
0
0
0
0
0
0
0
0
0
0
0
0
0
0
0
0
0
0
0
0
0
0
0
0
0
0
0
0
-1.08754e-15
0
-4.50813e-15
0
0
0
0
0
0
0
1.68568e-14
4.6636e-17
0
0
0
0
0
0
0
0
0
0
-6.17806e-16
0
0
0
0
0
0
0
0
0
0
0
0
0
0
0
0
0
0
0
0
0
0
0
0
0
0
0
0
0
0
0
0
0
0
0
0
0
0
0
0
0
0
0
0
0
0
0
0
0
0
0
0
0
0
0
0
0
0
0
0
0
0
0
0
0
0
0
0
0
0
0
0
0
0
0
0
0
0
0
0
0
0
0
0
0
0
0
0
0
0
0
0
-1.65996e-16
0
6.36328e-19
0
0
0
0
0
0
0
0
0
0
0
0
0
0
0
0
1.43323e-14
0
0
0
0
0
0
0
0
0
0
0
0
0
0
0
0
0
0
0
0
0
0
0
0
0
0
0
0
0
0
0
0
-1.44298e-15
0
0
0
0
0
0
0
0
0
0
0
0
0
0
0
0
0
0
0
0
0
2.28989e-17
-5.47304e-17
0
0
0
0
0
0
0
0
0
0
0
0
0
0
0
0
0
0
0
0
0
0
0
0
0
0
0
0
0
0
0
0
0
0
0
0
0
0
0
0
0
0
0
0
0
0
0
0
0
0
0
0
0
0
0
0
0
0
0
0
0
0
0
0
0
0
0
0
0
0
0
0
0
0
0
0
0
0
0
0
0
0
0
0
0
0
0
0
0
0
0
0
0
0
0
0
0
0
0
0
0
0
0
0
0
0
0
0
1.03268e-15
4.72949e-15
0
0
0
0
0
0
0
0
0
0
0
0
0
0
0
0
-1.06665e-15
0
0
0
0
2.6437e-15
-4.57754e-16
0
0
0
0
0
0
0
0
0
0
0
2.83794e-08
2.83794e-08
2.58796e-08
3.08792e-08
3.06765e-08
2.60824e-08
3.62254e-08
2.05335e-08
3.38366e-08
2.29222e-08
2.72442e-08
2.95147e-08
2.65925e-08
3.01663e-08
3.40956e-08
2.26633e-08
2.75498e-08
2.9209e-08
3.4973e-08
2.17859e-08
2.83794e-08
2.83794e-08
2.83794e-08
2.83794e-08
2.82377e-08
2.85211e-08
3.64047e-08
2.03541e-08
2.90565e-08
2.77023e-08
3.28862e-08
3.62676e-08
2.04912e-08
3.23349e-08
2.44239e-08
3.11669e-08
2.5592e-08
2.32215e-08
3.35373e-08
2.83794e-08
3.36653e-08
2.30935e-08
2.89695e-08
2.77894e-08
2.83794e-08
2.83794e-08
2.71686e-08
2.95902e-08
2.87104e-08
2.80485e-08
3.44993e-08
2.22595e-08
2.44379e-08
3.2321e-08
2.53134e-08
3.14455e-08
0
0
0
0
0
0
0
0
0
0
0
0
0
0
0
0
0
0
0
0
0
0
0
0
0
0
0
0
0
0
0
0
0
0
0
0
0
0
0
0
0
0
0
0
6.4043e-17
0
0
0
0
0
0
0
0
0
0
0
0
0
0
0
0
0
0
0
0
0
0
0
0
0
0
0
0
0
0
0
0
0
0
0
0
0
0
5.58388e-18
0
2.10416e-16
0
0
0
0
0
0
0
0
0
0
0
0
0
0
0
0
0
0
0
0
0
0
0
0
0
0
0
-2.01496e-16
4.00669e-16
0
0
0
0
0
0
0
0
0
0
0
0
0
0
0
0
0
0
0
0
0
0
0
0
0
0
0
0
0
0
2.28434e-08
3.39154e-08
2.28938e-08
3.38651e-08
2.84112e-08
2.83477e-08
0
0
0
0
0
2.59689e-08
3.079e-08
0
3.68079e-08
1.9951e-08
0
0
0
0
0
0
0
0
0
2.87743e-08
2.79845e-08
2.83794e-08
2.83794e-08
0
0
0
0
-3.47853e-17
1.82329e-15
0
0
0
0
0
0
0
0
0
0
2.93163e-08
2.74425e-08
0
0
0
0
0
0
0
3.02675e-08
2.64914e-08
2.70304e-08
2.97285e-08
0
0
0
0
2.52255e-08
3.15333e-08
0
0
0
0
0
0
0
0
0
0
0
0
0
0
0
0
0
0
0
0
0
0
0
0
0
0
3.36538e-08
2.3105e-08
0
0
0
0
0
0
0
0
2.83794e-08
2.83794e-08
0
0
0
0
0
0
0
2.80966e-08
2.86622e-08
3.03589e-08
2.64e-08
0
0
0
2.59722e-08
3.07866e-08
0
0
0
0
3.22346e-08
2.45242e-08
0
0
3.40434e-08
2.27155e-08
0
0
0
0
-1.2607e-17
-8.44614e-15
0
0
0
0
0
0
0
0
2.88615e-08
2.78973e-08
0
0
0
0
0
0
0
0
0
0
0
0
0
0
0
0
0
2.76463e-08
2.91125e-08
0
0
0
0
2.97434e-08
2.70155e-08
0
2.80807e-08
2.86782e-08
-1.34996e-18
0
0
0
0
0
0
0
3.62434e-08
2.05155e-08
2.57573e-08
2.73261e-08
2.94327e-08
2.83794e-08
2.83794e-08
2.60513e-08
3.07076e-08
2.83794e-08
2.83794e-08
2.82464e-08
2.85124e-08
0
0
0
0
0
0
0
0
0
0
0
0
0
0
0
0
0
0
0
2.83794e-08
2.83794e-08
0
2.77884e-08
2.89705e-08
2.90397e-08
2.77191e-08
0
0
0
0
0
-1.17057e-15
3.14258e-08
2.5333e-08
0
0
2.39727e-08
3.27861e-08
2.83794e-08
2.83794e-08
0
0
0
0
0
0
2.78707e-08
2.88882e-08
0
0
0
0
0
0
0
3.22139e-08
2.45449e-08
0
0
0
0
-3.39228e-15
0
0
0
0
0
0
2.83794e-08
2.83794e-08
0
0
3.08661e-08
2.58927e-08
0
0
0
0
0
0
0
0
0
3.5532e-08
2.12269e-08
0
0
0
2.83794e-08
2.83794e-08
0
2.83794e-08
2.83794e-08
0
3.45775e-08
2.21813e-08
0
0
0
0
0
0
0
4.25243e-08
4.22113e-08
-4.22113e-08
-4.67148e-08
4.67148e-08
5.1793e-08
-5.1793e-08
-5.37437e-08
5.37437e-08
0
0
0
0
0
0
0
0
0
0
0
0
0
0
-6.48723e-17
0
0
0
0
0
0
0
0
0
-3.81984e-17
-3.87411e-17
0
0
3.50025e-08
2.17563e-08
0
0
0
0
0
0
0
0
0
0
0
0
0
0
0
2.83794e-08
2.83794e-08
0
0
0
0
0
0
0
0
0
0
0
2.66828e-08
3.00761e-08
0
0
0
0
0
0
0
0
0
0
0
0
3.17896e-08
2.49692e-08
0
0
0
3.89627e-08
1.77961e-08
0
0
0
0
0
0
0
0
0
0
0
0
0
0
0
0
0
0
3.1272e-08
2.54869e-08
0
0
0
0
0
0
0
0
0
0
0
0
0
2.72851e-08
2.94737e-08
3.57321e-08
2.10268e-08
0
0
0
0
2.90547e-08
2.77041e-08
0
0
0
0
0
0
0
3.2409e-08
2.43499e-08
0
0
0
0
0
0
0
0
0
0
0
0
0
0
0
0
0
2.65869e-08
3.0172e-08
0
0
0
0
0
0
0
0
0
0
0
0
0
0
0
0
0
2.87812e-08
2.79777e-08
2.83794e-08
2.83794e-08
0
2.87922e-08
2.79666e-08
0
0
0
0
0
0
0
0
0
0
0
0
0
0
0
0
0
0
0
0
0
0
0
0
0
0
-1.31074e-15
0
0
0
0
0
0
0
0
0
0
0
0
0
0
0
0
0
0
0
0
0
0
1.59188e-16
0
0
0
0
0
0
0
0
0
0
0
0
0
0
0
0
0
0
0
0
0
0
0
0
0
5.13489e-15
0
0
0
0
0
0
0
0
0
0
0
0
0
0
0
0
0
1.36247e-16
-9.33805e-17
3.85941e-14
0
0
0
0
0
0
0
0
0
0
0
0
0
0
0
0
0
0
-1.16639e-16
0
0
0
2.83794e-08
2.83794e-08
0
0
0
0
0
0
0
0
0
0
0
0
0
0
0
0
0
0
0
0
0
0
0
0
0
0
0
0
0
0
0
0
0
0
0
0
0
0
0
0
0
0
0
0
0
0
0
0
0
0
0
0
0
0
3.07412e-08
2.60176e-08
2.90193e-08
2.77396e-08
0
0
0
0
0
0
0
1.71968e-15
0
0
0
0
0
0
0
-1.20887e-15
0
0
0
0
0
0
0
0
0
0
0
0
0
0
0
0
0
0
0
0
0
0
0
0
0
0
0
0
0
0
0
0
0
0
0
0
0
0
0
0
0
4.19054e-16
0
0
0
0
0
0
0
0
0
0
0
0
0
0
0
0
0
0
0
0
0
0
0
3.07363e-08
2.60226e-08
0
0
0
0
0
0
0
0
0
0
0
0
0
0
0
0
0
0
0
0
0
0
0
0
0
0
0
0
0
0
0
0
0
0
0
0
0
0
0
0
0
0
0
0
0
0
0
0
0
0
0
0
0
0
0
0
0
0
0
0
0
0
0
0
0
0
0
0
0
0
0
0
0
0
0
0
0
0
0
0
0
0
0
0
0
0
0
0
0
0
0
0
0
0
0
0
0
0
0
0
0
0
3.1792e-08
2.49668e-08
1.95115e-18
0
0
0
0
0
0
0
0
0
0
0
0
0
0
1.44467e-15
0
0
0
0
0
0
0
0
0
0
0
0
0
0
0
0
0
0
0
0
0
0
0
0
0
0
0
0
0
0
0
0
0
0
2.96599e-15
0
0
0
0
0
0
0
0
0
0
0
0
0
0
0
0
0
0
0
0
1.4547e-15
0
0
0
0
0
0
0
0
0
0
0
0
0
1.00367e-14
-4.92311e-15
0
0
0
0
0
0
0
0
0
0
0
0
0
0
0
0
0
2.94527e-08
2.73061e-08
0
0
0
-8.79427e-15
0
0
0
0
0
0
0
0
1.51404e-16
0
0
0
0
9.22424e-15
0
2.12545e-15
-1.00508e-16
0
0
0
0
0
0
-5.19627e-18
0
0
0
0
0
0
0
0
0
0
0
0
0
0
0
0
0
2.36588e-16
0
0
0
0
0
0
0
0
0
0
0
0
0
0
0
0
0
0
0
0
0
0
0
0
0
0
0
0
0
0
0
0
0
0
0
0
0
0
0
0
0
0
0
0
0
0
0
0
0
0
0
0
0
0
0
0
0
0
0
0
0
8.64938e-16
0
0
0
0
0
0
0
0
0
0
0
0
0
0
3.64384e-15
0
0
0
0
0
0
0
0
0
0
0
0
0
0
0
0
0
0
0
0
0
0
0
8.49696e-17
0
0
0
0
0
0
0
0
0
0
0
0
0
4.82806e-08
-4.82806e-08
2.83794e-08
2.83794e-08
0
0
0
0
0
0
0
0
0
0
0
0
0
0
0
0
0
3.02869e-08
2.64719e-08
0
0
0
0
0
0
0
0
0
0
0
0
0
0
0
0
0
0
0
0
0
0
0
0
0
0
0
0
0
0
0
0
0
0
0
0
0
0
0
0
0
0
0
0
0
0
0
0
0
0
0
0
0
0
0
0
0
0
0
0
0
0
0
0
0
0
0
0
0
0
0
0
0
0
0
0
0
0
0
0
0
0
0
0
0
0
0
0
0
0
0
0
0
0
0
0
0
0
0
0
0
0
0
0
0
0
0
0
0
0
0
0
0
0
0
0
0
0
0
0
0
0
0
0
0
0
0
0
0
0
0
0
0
0
0
0
0
0
0
0
5.61872e-08
-5.61872e-08
-5.70532e-08
5.70532e-08
0
0
0
0
-4.72098e-08
4.72098e-08
0
0
0
0
0
0
0
0
0
0
0
0
0
0
0
0
0
0
0
0
0
0
0
0
0
0
0
0
0
0
0
0
0
0
0
0
0
0
0
0
0
0
0
0
0
0
0
0
0
0
0
0
0
0
0
0
0
0
0
0
0
0
0
0
0
0
0
0
0
0
0
3.00488e-15
0
0
0
0
0
0
0
0
0
0
-5.13969e-08
5.13969e-08
0
0
0
0
0
0
0
0
0
0
0
0
0
0
0
0
0
0
0
0
0
0
0
0
0
0
0
1.85512e-15
0
3.10776e-08
2.56813e-08
0
0
0
0
0
0
0
0
0
0
0
0
0
0
0
0
0
0
0
0
0
0
0
0
0
0
0
0
0
0
0
0
0
0
0
0
0
0
0
0
0
0
0
0
0
0
0
0
0
0
0
0
0
0
0
0
0
0
0
0
0
0
0
0
0
0
0
0
0
0
0
0
0
0
0
0
0
0
0
0
-1.4883e-15
0
0
0
0
0
0
0
0
0
0
0
0
0
0
0
0
0
0
0
0
0
0
0
0
0
0
2.83794e-08
2.83794e-08
0
0
0
0
0
0
0
0
2.84445e-18
0
0
0
0
0
0
0
0
2.3376e-08
3.33828e-08
0
0
0
0
0
0
0
0
0
0
0
0
0
0
0
0
0
0
0
0
0
0
0
0
0
0
0
0
0
0
0
0
0
0
0
0
0
0
0
0
-3.92976e-16
-1.05762e-14
0
0
0
0
2.82124e-15
0
0
0
0
0
0
0
0
0
0
0
0
0
0
0
0
0
0
0
1.79017e-16
0
0
0
-2.03916e-30
0
0
0
0
0
0
0
0
0
0
0
0
0
0
0
-1.338e-17
0
0
0
0
0
0
0
0
0
0
0
0
0
0
0
0
2.91242e-08
2.76347e-08
0
0
0
0
0
0
2.42576e-08
3.25013e-08
0
0
0
0
0
-1.33035e-17
0
0
0
0
0
0
0
0
0
0
0
0
0
0
0
0
0
0
0
0
0
0
0
0
0
0
0
0
0
1.79879e-16
0
0
0
0
0
0
0
0
0
0
0
0
0
0
0
0
0
0
0
0
0
0
0
0
0
0
0
0
0
0
0
0
0
0
0
0
0
0
0
0
0
0
0
0
0
0
0
0
0
0
0
0
0
-5.67019e-15
0
0
0
0
0
0
0
0
0
0
2.94266e-16
0
0
0
0
-4.99407e-08
4.99407e-08
0
0
0
0
0
0
0
0
5.36136e-17
0
0
0
0
0
0
0
0
0
0
0
0
0
0
0
0
0
0
-4.76862e-17
0
0
-3.21531e-16
0
0
0
0
0
0
0
0
0
0
0
0
0
0
0
-6.59727e-32
1.382e-16
0
0
0
0
0
0
0
0
0
0
0
0
0
0
0
0
0
0
0
0
0
0
0
0
0
0
0
0
0
0
0
0
0
0
0
0
0
0
0
0
0
0
0
0
0
0
0
0
0
0
0
0
0
0
0
0
0
0
0
0
0
0
0
0
0
0
0
0
0
0
0
0
0
0
0
0
0
0
0
0
0
0
0
0
0
0
0
0
0
0
0
0
0
0
0
0
0
0
0
0
0
0
0
0
0
0
0
0
0
0
0
0
0
0
0
0
0
0
0
7.71318e-16
0
0
0
0
0
0
0
0
0
0
0
0
0
0
0
0
0
0
0
0
0
0
0
0
0
0
0
2.74503e-16
-3.24002e-16
0
0
0
0
0
0
0
0
0
0
0
0
0
0
0
0
0
0
0
0
0
0
0
0
0
0
0
0
0
1.66288e-15
0
0
0
0
0
0
0
0
0
-2.0499e-16
0
0
0
0
0
0
0
0
0
0
0
0
0
0
0
0
0
0
0
0
0
0
0
0
0
0
0
0
0
0
0
0
0
0
0
0
-1.31021e-15
0
0
0
0
0
0
0
0
0
0
0
0
0
0
0
-3.61119e-15
3.2407e-15
0
0
0
0
0
0
0
0
0
0
0
0
0
0
0
0
0
0
0
0
0
0
0
0
0
0
0
0
0
6.86888e-16
0
0
0
0
0
0
1.90637e-16
0
0
0
0
0
0
0
0
0
0
0
0
0
0
0
0
0
0
0
0
0
0
0
0
0
0
0
0
0
0
0
0
0
0
0
0
0
1.28739e-17
2.50842e-17
0
0
0
0
0
3.1094e-14
0
0
0
0
0
0
0
0
0
0
0
0
2.34842e-16
0
-2.74641e-16
0
-1.72543e-16
0
0
0
0
0
0
0
0
0
0
0
0
0
0
0
0
0
0
0
0
0
0
0
0
0
0
0
0
0
0
0
0
0
0
0
0
0
0
0
0
0
0
0
0
0
0
0
0
0
0
0
0
0
0
0
0
0
0
0
0
0
0
0
0
0
0
-1.39955e-15
1.01182e-14
5.03804e-08
-5.03804e-08
0
0
0
0
0
0
0
0
0
0
0
0
0
0
0
0
2.82895e-15
0
0
0
0
0
0
-5.37984e-08
5.37984e-08
0
0
0
0
0
0
0
0
0
0
0
0
0
-2.75747e-15
0
0
0
0
0
0
0
0
0
0
0
0
0
0
0
0
0
0
0
0
0
0
0
0
0
0
0
0
2.29276e-16
2.77383e-08
2.90206e-08
0
0
0
0
0
0
0
0
0
0
0
0
0
0
0
2.34866e-16
0
0
0
0
0
0
0
0
0
0
0
0
0
0
0
0
0
0
0
0
0
0
0
0
0
0
0
0
0
0
0
0
0
0
0
0
0
0
0
0
0
0
0
0
0
0
0
0
0
0
0
0
1.32053e-16
0
0
0
0
-1.60563e-16
2.57317e-08
3.10271e-08
0
0
0
0
9.87581e-16
0
0
0
0
0
0
0
0
0
0
0
0
0
0
0
0
0
0
0
0
0
0
0
0
0
0
0
0
0
0
0
0
0
0
0
0
0
0
0
0
0
0
0
0
0
-4.55571e-08
4.55571e-08
0
0
0
0
0
0
0
0
0
0
0
0
0
0
0
0
0
0
0
0
0
0
0
0
0
0
0
0
0
0
0
0
0
0
5.74178e-15
0
0
0
0
0
0
0
0
0
0
0
0
0
0
0
0
0
0
0
0
0
0
0
0
0
0
0
-8.29846e-16
0
0
0
0
0
0
0
0
0
0
0
0
0
0
0
0
0
0
0
0
0
0
0
0
0
0
0
0
0
0
0
0
0
0
0
0
0
0
0
0
0
0
0
0
0
0
0
0
0
0
0
0
0
0
0
0
0
0
0
0
0
0
0
0
0
0
0
0
0
0
0
0
0
0
0
0
0
0
0
0
0
0
0
0
0
0
0
0
0
0
0
0
0
0
0
0
0
0
0
0
0
0
-3.50395e-17
0
0
0
0
0
0
0
0
0
0
0
0
0
0
0
0
0
0
0
0
0
0
0
0
0
0
0
0
0
0
0
0
0
0
0
0
0
0
0
0
0
0
0
0
0
0
0
0
0
0
0
0
0
0
0
0
0
0
0
0
0
0
0
0
0
0
0
0
0
0
0
0
0
0
0
0
0
0
0
0
0
0
0
0
1.12374e-16
2.2934e-16
0
0
0
0
0
0
0
0
-5.58178e-16
0
-4.07831e-30
1.50104e-15
3.67584e-15
0
0
0
0
0
0
0
0
0
0
0
0
0
0
0
5.0262e-16
0
0
-1.66582e-16
-6.86712e-16
0
0
0
0
0
0
0
0
0
0
0
0
0
0
0
0
0
0
0
0
0
0
0
0
0
0
0
0
0
0
0
0
0
0
0
0
0
0
0
0
0
0
0
0
0
0
0
0
0
0
0
0
0
0
0
0
-9.16114e-17
0
0
0
0
0
0
0
0
0
0
0
0
3.94986e-16
0
0
0
0
0
0
0
0
0
0
3.53174e-16
0
0
0
0
0
0
0
0
3.16462e-16
0
0
0
0
0
0
0
-1.30513e-17
0
0
0
0
0
0
0
0
0
0
0
0
0
0
0
0
3.21333e-08
2.46256e-08
0
3.77287e-16
0
2.50351e-16
0
0
0
0
0
0
0
0
0
0
0
0
0
0
0
0
0
0
0
0
0
0
0
0
0
0
0
0
0
0
0
0
2.14396e-15
0
0
0
0
0
0
0
0
-6.23173e-16
-5.63031e-17
0
0
0
0
0
0
0
0
0
0
0
0
0
0
0
0
0
0
0
0
0
0
0
0
-1.68474e-16
2.1393e-15
0
0
0
0
0
0
0
-6.1756e-16
0
-2.46538e-16
0
1.91737e-17
0
0
0
0
0
0
0
0
0
0
0
0
0
0
0
0
0
0
0
0
0
0
0
0
0
0
0
0
0
-4.45944e-17
-8.78921e-17
9.39014e-17
0
0
0
0
0
0
0
0
0
0
0
0
0
0
0
0
0
0
0
0
0
0
0
0
0
0
0
0
0
0
0
0
0
0
0
0
0
0
0
0
0
0
0
0
0
0
0
0
0
0
0
0
0
0
0
0
0
-2.49707e-16
-3.79417e-16
0
0
0
0
0
0
0
0
0
0
0
0
0
0
0
0
0
0
0
0
0
0
0
0
0
0
0
0
0
0
0
0
0
0
0
0
0
-4.66215e-17
-4.45811e-16
0
1.13873e-16
0
0
0
0
0
0
0
0
0
0
0
0
0
0
0
0
0
0
0
0
0
0
0
0
0
0
0
0
0
0
0
0
0
0
0
0
0
0
0
0
0
0
0
0
0
0
0
0
0
0
0
0
0
0
-3.21945e-16
6.78821e-16
0
0
0
-1.63297e-17
0
0
0
0
0
0
0
7.7506e-16
2.59892e-16
0
0
0
0
0
0
0
0
0
0
0
0
0
0
0
0
0
0
0
0
0
0
0
0
0
0
0
0
0
0
0
0
-2.28613e-16
2.49514e-16
0
0
0
-3.55009e-17
0
0
0
0
0
0
0
0
0
0
0
0
0
0
0
0
0
0
0
0
0
0
0
0
-7.22551e-15
0
0
0
0
0
2.47959e-08
3.1963e-08
0
0
0
0
1.51401e-16
0
0
0
0
0
0
0
0
0
0
0
0
0
0
0
0
0
0
0
0
0
0
0
0
0
0
0
0
0
0
0
0
0
0
0
0
0
0
0
0
0
0
0
0
0
0
0
0
0
0
0
0
0
0
0
0
0
0
0
0
0
0
0
0
0
0
0
0
0
0
0
0
0
0
0
1.37178e-16
0
0
0
0
0
0
0
0
0
0
0
0
0
0
0
0
0
0
7.53386e-18
0
0
0
0
0
0
0
0
0
0
0
-5.0244e-19
0
0
0
0
0
0
0
0
0
0
0
0
0
0
5.63673e-16
0
0
0
0
0
0
0
0
0
0
0
0
0
0
0
0
0
0
0
0
1.6797e-17
0
0
0
0
0
0
0
0
0
0
0
0
0
0
0
0
0
0
0
-7.99528e-16
0
0
0
0
0
0
0
6.94261e-15
-3.1567e-15
0
0
0
0
0
0
0
0
0
0
0
0
0
0
0
0
0
0
0
0
2.15062e-08
-4.32551e-16
0
0
0
0
0
0
0
0
0
0
0
0
0
0
0
0
0
0
0
0
0
0
0
0
0
0
0
0
0
0
0
0
0
0
0
0
0
0
0
0
2.00899e-16
5.65649e-17
0
0
0
0
0
0
0
0
0
-1.1508e-17
0
0
0
0
0
0
0
0
0
0
0
0
0
0
0
0
0
0
0
0
0
0
0
-9.01425e-18
0
0
0
0
0
0
0
0
0
0
0
0
0
0
0
0
0
0
0
0
0
0
0
0
0
2.27101e-16
0
0
0
0
0
0
0
0
0
0
0
0
0
0
0
0
-3.48901e-14
0
0
0
0
0
0
0
0
0
0
0
0
0
0
0
0
0
0
0
0
0
0
0
0
0
0
0
0
0
0
0
0
0
0
0
0
0
0
0
0
0
0
0
0
0
0
0
0
0
0
0
0
0
0
0
0
0
0
0
0
0
0
0
0
0
0
0
0
0
-5.94897e-17
0
0
0
0
0
0
0
0
0
0
0
0
0
0
0
0
0
0
0
0
0
0
0
0
0
1.95659e-16
0
0
0
0
0
0
0
0
0
0
0
0
4.00072e-15
0
0
0
0
-3.03299e-15
-3.05322e-15
0
0
0
0
0
0
0
0
0
0
0
0
0
0
0
0
0
0
0
0
0
0
0
0
0
0
0
0
0
0
0
0
0
0
0
7.277e-17
0
0
0
0
0
0
0
0
0
0
0
0
0
0
0
0
0
0
0
0
0
0
0
0
0
0
4.2753e-16
0
0
0
0
0
0
0
0
0
-5.23946e-08
-6.0016e-16
0
0
0
0
0
0
0
0
0
0
0
0
0
0
0
0
0
0
0
0
0
0
0
6.42786e-15
0
0
0
0
0
0
0
0
0
0
0
0
0
0
0
0
0
0
0
0
0
0
0
0
0
0
0
0
0
0
0
0
0
0
0
0
0
0
0
0
0
0
0
0
0
0
0
0
0
0
0
0
0
0
0
0
0
0
0
0
0
0
0
0
0
0
0
0
0
0
0
0
0
0
0
0
0
0
0
0
0
0
0
0
0
0
0
0
0
0
0
0
0
-1.2515e-15
0
0
0
0
0
0
0
0
0
0
0
0
0
-2.09651e-08
0
0
0
0
0
0
0
0
0
0
0
0
0
0
-2.20511e-16
0
0
6.97864e-16
0
0
0
0
0
0
0
0
0
0
0
0
0
0
0
0
0
0
0
0
0
0
0
0
0
0
0
0
0
0
0
0
0
0
0
0
0
0
0
0
0
0
0
0
0
0
0
0
0
-1.80159e-17
0
0
0
0
0
0
0
0
0
0
0
0
0
0
0
0
0
0
0
0
0
0
0
0
0
0
2.99876e-32
0
0
-3.57938e-08
0
0
-3.32944e-08
0
0
0
0
0
0
0
0
0
0
0
0
0
0
0
0
0
0
0
0
0
0
0
0
0
0
0
0
0
0
0
0
0
0
0
0
3.41828e-16
0
0
0
0
0
0
0
0
0
0
0
0
0
0
0
0
0
0
0
0
0
0
0
0
0
0
0
0
0
0
0
0
0
0
0
0
0
0
0
0
0
0
0
-5.08078e-18
0
0
0
0
0
0
0
0
0
0
0
0
-2.95296e-08
0
0
0
0
0
0
0
0
0
-5.85273e-18
0
0
0
0
0
0
0
0
0
0
2.02382e-17
-2.00856e-17
0
-2.83794e-08
0
0
0
0
0
0
0
0
0
0
0
0
0
0
0
0
0
0
0
0
0
0
0
0
0
0
0
0
0
0
0
0
0
0
0
0
0
0
1.10051e-16
0
0
0
0
0
0
0
0
0
0
-2.34644e-08
0
0
-1.8905e-15
0
0
0
-6.41657e-16
-6.16933e-16
0
0
0
2.83794e-08
0
0
0
0
0
0
0
0
0
0
0
0
0
0
0
0
0
0
0
0
0
0
0
0
0
0
0
0
0
0
0
0
0
0
0
-1.03354e-15
1.40506e-16
0
0
-2.72293e-08
0
0
0
0
0
0
0
0
0
0
0
0
0
0
0
0
0
0
0
0
0
0
0
0
0
0
0
0
0
0
0
0
0
0
0
-1.58893e-15
0
-6.22414e-15
0
0
0
0
0
0
0
0
0
0
0
0
0
0
-2.4067e-16
0
0
0
0
0
0
0
0
0
0
0
0
0
0
0
0
0
0
0
0
0
0
0
0
-1.84821e-17
0
0
0
0
0
0
0
0
0
0
0
0
0
0
0
0
0
0
0
0
0
0
-2.55201e-16
0
0
0
-2.36652e-17
0
0
0
0
0
0
0
0
0
9.45452e-16
0
0
0
0
0
0
0
0
0
0
0
0
0
0
0
0
0
0
0
0
-2.83794e-08
0
0
0
0
0
0
0
0
0
0
0
0
0
0
0
0
0
0
7.29319e-17
0
0
0
0
0
0
0
0
0
0
0
0
0
0
0
0
0
0
0
0
0
0
0
0
0
0
0
0
0
0
0
0
0
0
0
0
0
0
0
0
0
0
0
0
0
0
0
0
2.54577e-17
7.8223e-16
0
0
0
0
0
0
0
0
0
0
0
0
-2.83794e-08
0
0
0
0
0
0
0
0
0
0
0
0
0
0
0
0
0
0
0
0
0
0
0
0
0
0
0
0
0
0
0
0
0
0
0
0
0
0
0
0
0
0
0
-1.34551e-16
0
0
0
0
0
0
0
0
0
0
0
0
0
0
0
0
0
7.21556e-15
2.59013e-16
0
0
0
0
0
0
0
0
-3.53458e-16
0
0
0
0
0
-2.22642e-16
0
0
0
0
0
-8.3694e-16
1.68971e-16
0
0
0
0
0
0
7.13612e-17
-3.84926e-17
0
0
0
0
7.36424e-17
0
0
0
0
0
0
6.13803e-17
0
0
0
0
0
0
0
0
0
0
-1.15244e-16
7.85628e-16
7.7281e-16
0
0
-3.44054e-08
0
0
0
0
0
0
0
-2.61305e-08
0
0
0
0
1.71579e-15
0
0
0
0
0
0
0
0
0
0
0
0
0
0
0
0
0
0
0
0
-1.59716e-15
0
0
5.50914e-16
0
0
0
0
0
-2.83794e-08
0
0
0
0
0
0
0
0
0
0
0
0
0
0
0
0
0
0
0
0
0
0
0
-2.23534e-08
0
0
0
0
-2.84995e-08
0
0
0
0
0
0
0
0
0
0
0
-2.9075e-08
0
0
0
0
0
9.131e-15
1.71966e-16
0
0
0
0
0
0
-2.54234e-16
0
0
0
0
0
-5.76869e-17
-1.24122e-16
-3.15185e-08
0
0
0
0
6.56947e-17
0
-3.06284e-08
-2.82593e-08
0
0
8.33824e-16
8.7595e-16
0
0
0
0
0
0
0
0
0
0
0
0
0
0
0
-1.00923e-16
0
0
0
0
0
0
0
0
0
0
0
0
0
0
0
0
5.71165e-17
0
0
0
0
0
0
0
-2.76838e-08
0
0
0
0
0
0
0
0
0
0
0
0
0
1.37322e-15
0
0
0
0
0
0
0
0
0
0
0
0
0
0
0
1.4052e-16
0
0
0
0
0
0
-2.67952e-16
0
1.34987e-16
0
0
0
0
0
0
0
0
0
0
0
0
0
0
0
0
0
0
0
0
0
0
0
0
0
0
7.22054e-16
0
0
0
0
0
0
0
0
0
0
0
0
0
0
0
0
0
0
0
0
0
0
0
0
0
0
0
0
0
0
0
0
7.27128e-18
6.16418e-17
0
0
0
0
0
0
0
0
0
0
0
0
0
0
0
0
0
0
0
0
0
0
0
0
0
0
0
0
0
0
0
0
2.2029e-16
0
0
0
0
0
0
0
0
0
-2.31043e-16
0
0
0
0
1.29671e-16
0
0
0
2.15814e-17
1.25688e-15
0
0
2.91218e-14
0
0
0
-4.58015e-18
-9.57441e-18
0
0
0
0
0
0
0
0
0
0
0
0
0
0
0
0
0
0
0
0
0
0
0
0
0
0
-4.99867e-17
0
0
0
0
0
0
0
0
0
0
0
0
0
0
0
0
0
0
0
0
0
0
0
0
0
0
0
0
0
0
0
0
0
0
0
0
-8.65727e-17
0
0
0
0
0
0
0
0
0
0
0
0
0
0
0
0
0
0
0
0
0
0
0
0
0
0
0
0
0
0
0
0
0
0
0
0
0
0
0
0
0
0
0
0
0
0
0
0
0
0
0
0
3.3874e-16
0
0
0
0
0
0
0
0
0
-5.17785e-31
-2.64508e-08
0
0
0
0
0
0
0
0
0
0
0
0
0
0
0
0
0
0
0
0
0
0
0
0
0
0
0
0
-2.77688e-08
0
0
0
5.84793e-17
0
0
0
0
0
0
-3.15183e-08
0
0
0
0
0
0
0
0
0
0
0
-7.404e-17
0
0
0
0
0
0
0
0
-2.80951e-08
0
0
0
0
0
0
0
0
0
0
0
0
0
0
0
0
0
0
0
-2.899e-08
0
0
0
0
0
0
0
0
0
4.62653e-16
0
0
0
0
0
0
2.69206e-16
0
0
0
0
0
0
0
0
0
0
0
0
0
0
0
0
0
0
0
-9.48963e-17
0
0
0
-1.03605e-15
0
0
0
0
0
0
0
0
0
0
0
0
0
0
0
0
-3.0308e-08
0
-2.86638e-08
0
0
0
0
0
0
0
0
0
0
0
0
0
0
0
0
0
0
0
0
0
0
0
0
0
0
0
0
0
-2.83794e-08
0
0
0
0
0
0
0
0
0
0
0
0
0
0
0
0
0
3.77743e-15
0
0
0
0
0
0
0
0
0
0
0
-2.78115e-08
0
0
0
0
0
0
0
0
0
0
0
0
0
0
0
0
1.13426e-16
0
0
0
0
0
2.09389e-15
0
8.10244e-17
0
0
0
0
0
0
0
0
0
0
0
0
0
6.62338e-16
8.48881e-17
0
0
1.50002e-15
-2.52405e-08
0
3.68886e-17
0
0
0
0
0
1.46374e-08
0
0
0
-6.39489e-18
0
0
0
0
0
-2.07144e-08
0
0
0
0
0
0
0
0
0
0
0
0
0
-1.20531e-17
0
0
0
0
0
0
0
0
0
0
1.57519e-15
-2.21248e-17
0
0
0
0
0
0
0
0
0
7.29224e-15
-9.23883e-15
0
0
0
0
0
0
0
0
0
0
0
0
0
0
0
0
0
0
0
0
0
-2.83794e-08
0
0
-3.76333e-08
0
0
0
0
0
0
0
0
0
0
0
0
0
0
0
0
0
0
0
0
0
0
1.86839e-15
5.38625e-17
0
0
0
0
0
0
-3.0887e-08
0
0
0
0
0
0
-2.7585e-16
3.55214e-16
0
0
0
0
0
0
0
0
-1.91191e-15
-6.11928e-17
0
0
0
4.7398e-17
-3.02725e-15
0
0
0
0
0
-3.28614e-15
0
0
0
-2.83794e-08
0
0
0
0
0
0
0
0
0
0
0
0
0
0
0
0
0
0
0
0
0
0
0
0
0
0
0
0
0
0
0
0
0
-3.31751e-08
0
0
0
0
0
0
0
0
0
0
0
-2.78276e-08
0
0
0
0
0
0
0
0
0
0
0
0
0
0
0
3.89966e-08
2.52403e-08
0
0
0
0
0
0
0
0
0
0
-2.89362e-08
0
0
-2.83794e-08
0
0
0
0
0
0
0
0
0
0
0
0
0
0
0
0
0
0
0
0
0
0
0
0
0
0
0
0
0
-2.84626e-08
0
0
-2.83794e-08
0
0
0
0
2.97404e-16
0
0
0
0
0
0
0
0
0
0
0
0
0
0
0
0
0
0
0
0
0
0
0
0
0
0
0
0
0
0
0
0
0
0
0
0
0
0
0
0
0
0
0
0
0
0
0
0
0
0
0
0
0
0
0
0
0
0
0
-5.00495e-17
0
0
0
0
0
0
0
0
0
0
9.37799e-17
0
0
0
0
0
0
-2.0508e-15
0
0
0
-2.82963e-08
0
0
0
0
0
0
0
0
0
0
0
0
0
0
0
0
0
-3.36413e-08
1.52509e-16
0
0
0
0
0
-5.3751e-17
0
0
-3.61262e-08
0
5.94492e-16
0
0
0
0
0
0
0
0
0
0
0
0
0
0
0
0
0
0
0
0
0
0
0
0
0
-1.59102e-17
0
0
4.15424e-15
0
0
0
0
0
0
0
0
2.09146e-17
0
0
0
0
2.53546e-17
-1.26653e-17
0
0
0
0
0
0
0
0
0
5.11353e-17
0
0
0
0
0
0
0
0
0
0
0
0
0
0
0
0
0
0
0
0
0
0
0
0
-8.378e-17
1.19398e-17
0
0
0
0
0
0
0
0
0
0
0
-5.29042e-16
0
0
0
0
0
0
0
0
0
0
0
0
0
0
0
0
0
0
0
0
0
0
0
0
0
0
0
0
0
0
0
9.26369e-17
0
0
0
0
0
0
0
0
0
0
1.2887e-17
1.27614e-17
0
0
0
0
0
0
0
0
0
0
-2.41171e-16
0
0
0
0
0
0
0
0
0
0
0
0
0
0
0
0
0
0
-3.45431e-16
0
0
0
0
0
0
0
0
0
0
0
0
0
0
0
0
0
0
0
6.85326e-17
0
0
0
0
0
0
0
3.36413e-08
0
0
0
0
0
0
0
0
1.00161e-14
1.44153e-17
0
0
0
0
0
0
1.89467e-15
0
0
0
0
3.61262e-08
0
0
-7.62421e-16
-4.87415e-16
0
0
0
0
0
0
8.04015e-17
0
0
0
0
0
0
0
0
1.28176e-16
0
0
0
0
0
0
0
0
0
0
0
0
0
0
0
0
0
0
0
0
0
0
0
1.08432e-15
0
0
0
0
0
-6.31152e-15
0
0
0
0
0
-3.89966e-08
0
0
0
0
0
0
0
0
0
0
0
0
0
0
0
0
0
0
0
-2.59875e-17
0
0
0
0
0
0
0
0
0
0
0
0
-1.97114e-17
0
0
0
0
0
0
-2.47454e-14
0
0
4.70918e-16
0
0
0
0
0
0
0
0
0
0
-1.14723e-16
0
0
0
0
0
0
0
0
0
0
0
0
6.37519e-17
0
0
0
0
0
0
0
0
0
0
0
0
0
0
0
0
0
0
0
0
0
0
0
0
0
0
2.00824e-16
0
0
7.05343e-18
0
0
0
0
0
0
0
0
0
0
0
0
0
0
0
0
0
0
0
0
0
0
0
4.09887e-17
0
0
0
0
0
0
0
0
0
0
0
0
0
0
0
0
0
0
0
0
0
0
0
0
0
0
-2.89473e-08
0
0
0
0
0
0
0
0
0
0
0
0
0
0
0
0
0
0
0
0
0
0
0
0
0
0
0
0
0
0
0
0
0
0
0
0
0
0
-2.94033e-17
-9.08488e-18
0
0
0
0
0
0
0
0
0
0
0
0
0
0
0
0
0
0
0
0
0
0
0
0
0
0
0
0
0
0
0
0
0
0
0
0
0
0
0
0
0
0
0
0
0
0
0
0
0
-1.25789e-16
0
0
0
0
0
0
0
9.63146e-16
0
0
0
0
0
0
0
0
0
0
0
0
0
0
0
0
0
0
0
0
0
0
0
1.49312e-16
-1.53436e-16
0
0
0
0
0
0
0
0
0
0
0
0
0
0
0
0
0
0
0
0
0
0
0
0
0
0
-2.45666e-17
1.63301e-17
2.54894e-31
0
0
0
0
0
0
0
0
0
0
0
0
0
0
0
0
0
0
0
0
0
0
0
0
0
0
0
0
0
0
0
0
0
0
0
0
0
0
0
0
0
0
0
0
0
0
0
0
0
0
0
0
0
0
0
0
0
0
0
0
0
0
0
0
0
0
0
0
0
0
0
0
0
0
0
0
0
0
0
0
0
0
0
0
0
0
0
0
0
0
0
0
0
0
0
0
0
0
0
2.6633e-17
0
0
0
0
0
0
0
0
0
0
0
0
0
0
0
0
0
0
0
0
0
0
0
0
0
0
0
0
0
0
0
0
0
0
0
0
0
0
0
0
0
0
0
0
0
0
0
0
0
0
0
0
0
0
0
0
0
0
0
0
0
1.91255e-08
0
0
0
0
-1.52453e-16
0
0
0
0
0
-6.43657e-17
0
0
0
0
0
0
0
0
0
0
0
0
0
0
0
0
0
0
0
0
0
0
0
0
0
0
0
0
3.31114e-14
-8.2397e-15
0
0
0
0
0
0
0
0
0
0
0
-6.99773e-17
0
0
0
0
0
0
0
0
0
0
0
0
-5.11984e-16
0
0
0
0
2.57893e-31
0
0
0
0
0
0
0
0
0
0
0
0
0
0
0
0
0
0
1.00562e-16
2.58718e-08
0
0
0
0
0
0
0
0
0
0
0
0
0
0
0
-3.19884e-15
0
0
0
0
0
0
0
0
0
0
0
0
0
0
0
0
0
0
0
0
0
3.61137e-16
0
0
0
0
0
0
0
0
-4.8086e-17
0
0
0
0
0
0
2.35838e-08
0
0
-2.39521e-15
0
0
0
0
0
0
0
0
0
0
0
0
0
0
0
0
9.43427e-16
3.20061e-17
0
0
0
0
0
0
0
-2.89312e-08
-3.19389e-17
-1.09034e-17
0
0
0
0
0
0
0
0
0
0
0
0
0
0
0
0
0
0
0
0
0
0
0
0
0
0
0
0
0
0
0
0
0
0
0
0
0
0
0
0
0
0
0
0
0
0
-2.83794e-08
0
0
0
6.03911e-16
0
0
0
0
0
0
1.70608e-16
0
0
0
0
0
0
0
0
0
0
0
0
0
0
0
0
-2.78227e-08
1.97347e-16
0
0
0
0
0
0
0
0
0
0
0
0
0
0
0
0
0
0
0
0
0
0
0
0
0
0
0
0
0
0
0
0
0
0
0
0
0
0
0
0
0
0
0
0
0
0
0
0
3.47255e-15
0
0
0
0
0
0
0
0
0
0
0
0
0
0
0
0
2.23051e-15
0
0
0
0
0
0
0
0
0
0
0
0
0
0
0
-1.05143e-17
0
0
0
0
0
0
0
0
0
0
0
0
0
0
0
0
0
0
0
0
0
1.6039e-15
0
0
0
0
0
0
0
0
0
0
0
0
0
0
0
0
1.07498e-16
0
0
0
0
0
0
0
0
0
0
0
0
0
0
0
0
0
0
0
0
0
0
0
0
0
-2.14383e-17
0
0
0
0
0
0
0
0
0
0
0
0
0
0
0
0
0
0
0
0
0
0
0
0
0
0
0
0
0
0
0
0
0
)
;

boundaryField
{
    frontback
    {
        type            empty;
        value           nonuniform List<scalar> 0();
    }
    topbottom
    {
        type            calculated;
        value           uniform 0;
    }
    outlet
    {
        type            calculated;
        value           nonuniform List<scalar> 0();
    }
    inlet
    {
        type            calculated;
        value           uniform 0;
    }
    walls
    {
        type            calculated;
        value           nonuniform List<scalar> 
151
(
-1.13518e-07
-1.13518e-07
-1.13518e-07
-1.13518e-07
-1.13518e-07
-1.13518e-07
-1.13518e-07
-1.13518e-07
-1.13518e-07
-1.13518e-07
-1.13518e-07
-1.13518e-07
-1.13518e-07
-1.13518e-07
-1.13518e-07
-1.13518e-07
-1.13518e-07
-1.13518e-07
-1.13518e-07
-1.13518e-07
-1.13518e-07
-1.13518e-07
-1.13518e-07
-1.13518e-07
-1.13518e-07
-1.13518e-07
-1.13518e-07
-1.13518e-07
-1.13518e-07
-1.13518e-07
-1.13518e-07
-1.13518e-07
-1.13518e-07
-1.13518e-07
-1.13518e-07
-1.13518e-07
-1.13518e-07
-1.13518e-07
-1.13518e-07
-1.13518e-07
-1.13518e-07
-1.13518e-07
-1.13518e-07
-1.13518e-07
-1.13518e-07
-1.13518e-07
-1.13518e-07
-1.13518e-07
-1.13518e-07
-1.13518e-07
-1.13518e-07
-1.13518e-07
-1.13518e-07
-1.13518e-07
-1.13518e-07
-1.13518e-07
-1.13518e-07
-1.13518e-07
-1.13518e-07
-1.13518e-07
-1.13518e-07
-1.13518e-07
-1.13518e-07
-1.13518e-07
-1.13518e-07
-1.13518e-07
-1.13518e-07
-1.13518e-07
-1.13518e-07
-1.13518e-07
-1.13518e-07
-1.13518e-07
-1.13518e-07
-1.13518e-07
0
0
0
0
0
-1.13518e-07
-1.13518e-07
-1.13518e-07
-1.13518e-07
-1.13518e-07
-1.13518e-07
-1.13518e-07
-1.13518e-07
-1.13518e-07
-1.13518e-07
-1.13518e-07
-1.13518e-07
-1.13518e-07
-1.13518e-07
-1.13518e-07
-1.13518e-07
-1.13518e-07
-1.13518e-07
-1.13518e-07
-1.13518e-07
0
-1.13518e-07
-1.13518e-07
0
0
0
0
-1.13518e-07
-1.13518e-07
-1.13518e-07
-1.13518e-07
-1.13518e-07
0
0
0
-1.13518e-07
-1.13518e-07
0
-1.13518e-07
-1.13518e-07
-1.13518e-07
0
-1.13518e-07
-1.13518e-07
-1.13518e-07
-1.13518e-07
-1.13518e-07
-1.13518e-07
-1.13518e-07
-1.13518e-07
-1.13518e-07
-1.13518e-07
-1.13518e-07
-1.13518e-07
-1.13518e-07
-1.13518e-07
-1.13518e-07
-1.13518e-07
-1.13518e-07
0
-1.13518e-07
-1.13518e-07
-1.13518e-07
-1.13518e-07
-1.13518e-07
-1.13518e-07
-1.13518e-07
0
-1.13518e-07
0
-1.13518e-07
-1.13518e-07
)
;
    }
    procBoundary2to0
    {
        type            processor;
        value           nonuniform List<scalar> 
83
(
0
-3.27252e-15
0
0
0
0
0
0
0
0
0
0
0
0
1.0419e-15
0
6.666e-15
0
0
0
0
0
0
0
0
0
0
0
0
1.21154e-16
0
0
0
0
4.56903e-17
0
0
0
-5.5699e-15
1.89268e-16
0
0
2.1747e-15
0
0
0
0
5.02673e-16
0
0
0
0
0
0
0
-4.12629e-30
-2.38496e-16
0
0
0
0
-1.36558e-14
-4.25243e-08
-1.91297e-14
0
0
0
4.91662e-16
0
0
0
0
0
8.25346e-16
0
0
0
0
0
0
-8.11481e-17
0
0
)
;
    }
    procBoundary2to3
    {
        type            processor;
        value           nonuniform List<scalar> 
99
(
0
0
0
0
0
0
0
0
0
0
0
0
0
0
0
0
0
0
0
0
0
0
0
0
0
0
0
0
0
0
0
0
0
0
0
0
0
0
0
0
0
0
0
0
0
0
0
0
0
0
0
0
0
0
0
0
0
0
0
0
0
0
0
0
0
0
0
0
0
3.10016e-08
0
0
0
0
0
0
0
0
0
0
0
0
0
0
0
0
0
0
0
0
0
0
0
0
0
0
0
0
0
)
;
    }
}


// ************************************************************************* //
