/*--------------------------------*- C++ -*----------------------------------*\
| =========                 |                                                 |
| \\      /  F ield         | OpenFOAM: The Open Source CFD Toolbox           |
|  \\    /   O peration     | Version:  v2012                                 |
|   \\  /    A nd           | Website:  www.openfoam.com                      |
|    \\/     M anipulation  |                                                 |
\*---------------------------------------------------------------------------*/
FoamFile
{
    version     2.0;
    format      ascii;
    class       surfaceScalarField;
    location    "300";
    object      meshPhi;
}
// * * * * * * * * * * * * * * * * * * * * * * * * * * * * * * * * * * * * * //

dimensions      [0 3 -1 0 0 0 0];
oriented        oriented;


internalField   nonuniform List<scalar> 
20580
(
0
-8.87121e-16
1.8974e-16
0
0
0
0
0
0
0
0
0
0
0
0
0
0
0
0
0
0
0
0
0
0
1.56572e-14
1.26785e-14
-1.526e-14
0
0
0
0
0
0
0
0
0
0
0
0
0
0
0
0
0
0
-1.16524e-16
-1.05179e-16
0
0
0
0
0
0
0
0
0
0
0
0
0
0
0
0
0
0
0
0
0
0
0
0
0
0
0
0
0
0
0
0
0
0
0
0
0
0
0
0
0
0
0
0
0
0
0
0
0
0
0
0
0
0
0
0
0
0
0
0
0
0
0
0
0
0
0
0
0
0
0
0
5.80359e-08
3.25714e-08
0
0
0
0
0
0
0
0
0
-4.16995e-14
0
0
0
0
0
0
0
0
0
0
6.09485e-17
-3.44968e-16
0
0
0
0
0
0
0
0
1.50456e-16
0
-1.09664e-16
0
0
0
0
0
0
0
0
0
0
0
0
0
0
0
0
0
0
0
0
0
0
0
0
0
0
0
0
0
-1.12998e-15
0
0
0
0
0
0
0
0
0
0
0
0
0
0
0
0
0
0
0
0
0
0
0
3.10026e-17
0
-7.65983e-30
1.38403e-15
0
0
0
0
0
0
0
0
0
0
0
0
0
1.97026e-16
6.82812e-17
0
0
0
0
0
0
0
0
0
1.13274e-16
-2.01624e-16
0
0
0
0
0
0
0
0
0
5.12266e-08
3.93807e-08
0
0
0
5.76571e-17
3.70961e-16
0
0
0
0
0
0
0
0
0
0
0
0
0
0
0
0
0
0
0
0
0
0
0
0
0
0
0
0
0
0
0
0
0
0
0
0
0
0
0
0
0
0
0
0
0
0
0
0
0
1.2071e-15
-1.44177e-16
0
0
0
0
0
0
0
0
0
0
0
0
-6.03545e-17
-2.16221e-16
0
0
0
0
0
0
0
0
0
0
0
0
0
0
0
0
0
0
0
0
0
0
0
0
0
0
0
0
0
0
0
0
0
0
0
0
0
0
0
0
0
0
0
0
0
0
0
0
0
0
0
0
0
0
0
0
0
0
0
0
0
0
0
0
0
0
0
0
0
1.95317e-14
0
0
0
0
0
0
0
0
0
0
0
0
0
0
0
0
0
0
0
0
0
0
0
0
0
0
0
0
0
0
0
0
0
0
0
0
0
0
0
0
0
0
0
0
0
0
0
0
0
0
0
1.02713e-15
-6.23828e-15
0
0
0
0
0
0
0
0
0
0
0
0
0
0
0
0
0
0
0
0
0
0
0
0
0
0
0
0
0
0
0
0
-2.73768e-15
3.85163e-15
0
0
0
3.0832e-08
5.97752e-08
0
0
0
0
6.90253e-15
0
-3.00422e-15
0
0
0
0
0
0
0
0
0
0
7.93288e-17
-1.74346e-16
0
0
0
0
0
0
0
0
0
0
0
0
0
0
0
0
0
0
0
0
0
0
0
0
0
0
0
0
0
0
0
0
0
0
-3.7545e-15
8.7717e-15
0
0
0
0
-1.20955e-16
2.76398e-16
0
0
0
0
0
0
0
0
0
0
0
0
0
0
0
0
1.99391e-15
0
-2.77422e-15
0
0
0
0
0
0
0
0
0
0
0
0
0
0
0
0
-1.41156e-16
0
0
0
0
0
0
0
0
4.58428e-14
-2.7299e-14
0
0
0
0
0
0
0
0
0
0
-3.17415e-16
0
0
0
2.45218e-17
0
0
0
0
0
0
0
0
0
0
0
0
0
0
0
-1.30984e-17
7.45404e-16
0
0
0
0
0
0
0
0
0
0
0
0
0
0
0
0
0
0
-1.68243e-15
0
4.92566e-15
0
-9.27157e-17
-2.60545e-16
0
0
0
-2.15198e-13
0
5.65512e-14
0
0
0
0
0
0
0
0
0
0
0
0
0
0
0
0
0
0
0
0
0
0
0
0
0
0
0
0
0
0
0
0
0
0
0
0
0
0
0
0
0
0
0
2.13156e-15
0
0
0
0
0
0
0
0
0
0
0
0
0
0
0
0
0
0
0
0
0
0
0
0
6.56779e-17
-1.14989e-16
0
0
0
0
0
0
0
0
0
0
0
0
8.50577e-15
4.29908e-14
0
0
0
0
0
0
0
0
0
0
0
0
0
0
0
-5.75711e-14
4.16542e-14
0
0
0
2.02972e-14
-2.97878e-16
2.57322e-31
0
0
0
0
0
0
0
0
0
0
0
0
0
0
0
0
0
0
0
0
0
0
0
0
0
0
0
0
0
0
0
0
0
0
0
0
0
0
0
0
0
0
0
0
0
0
0
0
0
0
0
0
0
-9.72972e-16
0
-5.96092e-16
0
0
0
0
0
0
0
0
0
0
0
0
0
0
0
4.66554e-08
4.39518e-08
0
1.41654e-16
2.66132e-18
0
0
0
3.41558e-16
0
0
0
0
0
0
0
0
0
0
0
0
0
0
0
8.22514e-14
0
0
0
0
0
0
0
0
1.22453e-16
0
0
0
0
0
0
0
0
0
0
0
0
0
-1.033e-14
1.81331e-15
-1.11972e-15
0
0
0
0
0
0
0
0
0
0
0
0
0
0
0
0
0
0
0
0
0
0
0
0
0
0
0
0
0
0
0
0
0
0
0
0
0
0
0
0
0
0
0
0
0
0
0
0
0
0
0
0
0
0
-6.06185e-17
-4.17837e-16
0
0
0
0
0
0
5.08661e-31
-4.83331e-08
0
0
0
0
0
0
0
0
0
0
0
0
0
0
0
0
0
0
0
0
0
0
0
0
0
0
0
0
0
0
0
0
0
0
0
0
0
0
0
3.25067e-16
3.96947e-15
-6.29716e-16
1.01948e-15
0
0
0
0
0
0
0
0
0
0
0
0
0
0
0
0
0
0
0
0
0
0
0
0
0
0
0
0
0
0
0
0
0
0
0
0
0
0
0
4.53036e-08
4.53036e-08
0
0
0
0
0
0
7.90445e-15
0
0
0
0
0
0
0
-2.70053e-16
-6.86989e-14
0
0
0
0
0
0
-5.98908e-16
-5.98424e-33
0
3.27109e-15
0
0
0
0
0
0
0
0
0
-1.14989e-16
0
0
0
0
-3.13279e-15
-4.94282e-15
0
0
-2.71862e-16
0
0
0
0
0
0
0
0
0
0
0
0
0
0
0
-1.27922e-15
0
2.64596e-15
0
0
0
0
0
-1.06104e-14
0
0
0
0
0
0
0
0
0
0
0
0
3.777e-14
0
-4.61773e-15
-3.1797e-15
0
0
0
0
0
0
0
0
0
0
0
0
0
0
0
0
0
0
0
0
0
0
0
0
0
0
0
0
0
0
0
0
0
0
0
0
0
0
0
0
0
0
0
0
0
0
0
0
1.01271e-16
-7.85009e-08
5.19017e-08
0
0
0
0
0
0
0
0
0
0
0
0
0
0
0
0
0
0
0
0
0
0
0
0
0
0
0
0
0
0
0
0
0
0
0
0
0
0
-1.19396e-15
0
0
0
0
0
0
0
0
0
0
0
0
0
0
0
0
0
6.51656e-17
-1.44936e-16
0
0
0
0
7.71882e-17
-4.42951e-16
5.39573e-16
0
0
0
0
0
0
-9.88941e-18
0
-4.2237e-14
0
1.69071e-14
0
0
-6.63952e-15
3.93612e-16
0
0
0
0
0
0
0
0
0
0
0
0
0
0
0
0
0
0
0
0
0
0
0
0
0
0
0
0
0
0
0
0
0
0
0
0
0
0
0
0
-1.01732e-30
-4.18974e-16
0
0
0
0
0
0
0
3.30291e-14
-4.75287e-15
0
0
0
0
0
0
0
0
0
0
0
0
0
0
0
0
0
1.83435e-14
0
0
0
0
0
0
0
0
0
0
0
0
0
0
0
0
0
0
0
0
0
0
0
0
0
0
0
0
0
0
0
3.6804e-17
0
1.10415e-16
0
0
0
0
0
0
-3.0245e-14
0
0
0
0
0
0
0
0
0
0
0
0
0
0
0
0
0
0
0
0
0
0
0
0
0
0
0
0
0
0
0
0
0
0
0
0
0
0
0
0
-3.77371e-16
0
0
0
0
0
0
0
0
0
0
0
0
0
0
0
0
0
0
0
0
0
0
0
0
0
0
0
0
0
0
0
0
0
0
0
0
0
0
0
0
0
0
0
0
0
0
0
0
0
0
0
0
0
0
0
-4.34875e-08
4.80805e-16
0
0
0
0
0
0
0
0
0
7.54867e-16
0
0
0
0
0
0
0
0
0
0
0
0
0
0
0
0
0
0
0
0
0
0
0
0
0
0
0
0
0
0
0
0
0
0
0
0
5.1265e-31
0
0
0
0
0
0
0
0
0
0
0
0
0
0
0
0
0
0
0
0
0
0
0
0
0
0
0
0
2.08015e-16
-5.01472e-17
0
0
6.66807e-15
0
0
0
0
0
0
0
0
0
0
0
0
0
0
0
0
0
0
0
0
0
0
0
0
0
0
0
4.289e-16
0
0
0
0
0
0
0
0
0
0
0
0
-2.5433e-31
7.06467e-17
0
0
0
-4.17663e-17
0
0
0
-3.96988e-15
1.54897e-14
0
0
-3.28096e-29
0
0
0
-2.33602e-16
0
0
0
0
0
0
0
0
0
0
-1.23074e-14
0
4.72046e-15
0
0
0
0
0
0
0
0
0
0
0
0
0
0
0
0
0
0
0
0
0
0
0
0
0
0
0
0
0
0
0
0
0
0
0
0
0
0
0
0
0
0
0
0
0
0
0
0
0
0
0
0
0
0
0
0
0
0
0
0
0
0
0
0
0
0
0
0
0
0
0
0
0
-3.49298e-16
1.11629e-16
0
0
0
0
0
0
0
0
0
0
0
0
0
0
0
0
0
0
0
0
0
0
0
0
0
0
0
0
0
0
0
0
0
0
0
0
0
0
0
0
0
0
0
0
0
1.1506e-15
0
0
0
0
0
0
0
0
0
0
0
0
0
0
0
0
0
0
0
0
0
0
1.08207e-14
0
0
-6.49833e-14
2.12187e-14
0
0
0
0
0
0
0
0
-1.14151e-15
2.63497e-16
0
0
0
0
0
0
0
0
6.21898e-14
2.10299e-14
0
0
0
0
0
-1.84451e-14
6.23619e-15
0
0
0
0
0
0
0
0
0
0
0
0
0
0
0
0
0
0
0
0
0
0
0
-8.703e-16
-5.65462e-15
0
0
0
1.07016e-15
-1.40947e-14
1.22298e-17
0
0
0
0
0
0
0
0
0
0
0
0
0
0
0
0
0
0
0
0
0
0
0
0
0
0
0
0
0
0
-2.70242e-14
0
0
0
0
0
0
0
0
0
0
0
0
0
0
0
0
0
0
-9.87889e-16
6.07935e-15
1.00309e-14
0
0
0
0
0
0
1.95809e-15
3.88082e-15
0
0
0
0
0
0
0
-1.77348e-14
3.60941e-14
0
0
0
0
0
0
0
0
0
0
0
0
0
0
-7.06629e-14
0
0
0
0
0
0
0
0
0
0
0
0
0
0
0
0
0
0
0
0
0
0
0
0
0
0
0
0
0
0
0
0
0
0
0
0
0
0
0
0
0
0
0
0
-1.03128e-30
4.74206e-16
0
0
0
0
3.84195e-14
2.37587e-15
-4.29427e-14
0
0
0
0
0
0
0
0
0
0
0
0
0
0
0
0
0
0
0
0
0
0
0
-1.82566e-14
0
-4.19658e-17
0
0
0
0
1.49076e-15
2.85459e-16
0
0
0
0
0
0
0
0
0
0
0
0
0
0
0
0
0
0
0
0
0
0
0
0
0
0
0
0
0
0
0
0
0
0
0
0
0
0
0
0
0
0
0
0
0
0
0
0
0
0
0
0
0
0
0
0
0
0
0
0
0
0
0
0
0
0
0
0
0
2.67631e-16
0
-4.75297e-17
0
0
0
0
0
0
0
0
0
0
0
8.57069e-16
7.452e-15
0
0
1.8221e-14
2.89343e-14
0
0
0
0
0
0
0
0
0
0
0
0
0
0
0
0
0
0
0
0
0
0
0
0
0
0
0
0
0
0
0
0
0
0
0
0
0
0
0
0
0
0
0
-5.20451e-08
0
0
0
0
0
0
0
0
0
0
0
0
0
0
0
0
0
0
0
0
0
0
0
0
0
0
0
0
0
0
0
0
0
0
0
0
0
0
0
0
0
0
0
0
0
0
0
0
0
0
0
0
0
0
0
0
0
0
0
0
0
0
0
0
0
0
0
0
0
4.23032e-16
-5.13359e-08
0
0
0
0
0
0
0
0
0
0
0
0
0
0
0
0
0
-9.99707e-17
-1.11478e-16
0
0
0
0
0
1.93592e-16
0
0
0
0
0
0
0
0
0
0
0
0
2.3345e-16
0
-2.35414e-16
0
0
-1.59147e-15
7.02899e-16
0
0
0
0
0
0
0
0
0
0
0
0
0
0
0
0
-9.53903e-16
0
1.8788e-15
0
0
0
0
0
0
0
0
0
0
0
0
0
0
0
0
0
0
0
0
0
0
0
0
0
0
0
0
0
0
0
0
0
0
0
0
0
0
0
0
0
0
0
0
0
0
0
0
0
0
0
0
0
0
0
0
0
0
-4.71197e-08
2.71219e-16
-4.31089e-08
0
0
0
0
0
0
0
0
0
0
0
0
0
0
0
0
0
0
0
0
0
0
0
0
0
0
0
0
-3.62226e-17
0
0
0
0
0
0
0
0
0
0
0
0
0
0
0
0
0
0
0
0
0
0
0
0
0
0
1.56534e-14
0
0
0
0
0
0
0
0
0
0
-4.57287e-16
0
0
0
0
0
0
0
0
0
0
0
0
0
0
0
0
0
0
0
0
0
0
0
0
0
9.30858e-17
0
0
0
0
5.75434e-16
-1.2838e-15
0
0
0
0
0
0
0
0
0
0
0
0
0
0
0
0
0
0
-2.5137e-14
0
-2.8243e-14
0
0
0
0
0
0
0
0
0
0
0
0
0
0
0
0
0
0
0
0
0
0
0
0
0
0
0
0
0
0
0
0
0
0
0
0
0
0
0
0
0
0
0
2.20247e-17
-4.90353e-08
3.32919e-14
-1.94937e-14
0
0
0
0
0
0
0
0
0
0
0
0
0
0
0
0
0
0
0
0
0
0
0
0
0
0
0
0
0
0
0
0
0
0
0
0
0
0
0
0
0
0
0
0
0
0
0
0
0
0
0
0
0
0
-1.44652e-15
7.96399e-16
0
0
0
0
0
0
0
0
0
0
0
0
0
0
0
0
0
0
0
0
0
0
0
0
0
0
0
0
0
0
0
0
0
0
0
0
0
0
0
0
0
0
0
0
0
0
0
0
0
0
0
0
0
0
0
0
-4.50892e-08
0
0
0
0
0
0
0
0
0
0
0
0
0
0
0
0
0
0
0
0
-2.8402e-14
-1.47225e-17
-4.86827e-15
0
0
0
0
0
0
0
0
0
0
0
0
0
0
0
0
0
0
0
0
0
0
0
-4.53036e-08
0
0
0
-3.66708e-16
0
0
0
0
0
0
0
0
0
0
0
0
0
0
0
0
0
0
0
0
0
-1.05214e-16
3.25389e-16
-2.99173e-16
0
0
0
0
0
1.38663e-14
0
0
0
0
0
0
0
0
0
0
0
0
0
0
0
0
0
0
0
0
0
0
0
0
0
0
0
0
0
0
-2.26411e-16
0
0
0
0
0
0
0
0
0
0
0
-2.36876e-16
0
0
0
0
0
0
0
0
0
0
0
0
0
0
0
0
0
0
0
0
0
0
0
0
0
0
0
0
0
0
0
0
0
0
0
0
0
0
0
0
0
0
0
0
0
0
0
0
0
0
0
0
0
0
0
0
0
0
0
0
0
0
0
0
0
0
0
0
0
0
0
0
0
0
0
0
0
0
0
0
0
0
0
0
0
0
-2.45115e-29
-1.25901e-14
0
0
0
0
0
0
0
0
0
0
0
0
0
0
0
0
0
0
0
0
0
0
0
0
0
0
0
0
0
5.33235e-14
0
-4.64002e-14
0
0
0
0
0
0
0
-1.84051e-15
0
0
0
0
0
0
0
0
0
0
0
0
0
0
0
0
0
0
0
0
0
0
0
0
0
0
0
0
0
0
-2.94928e-16
0
0
0
0
0
-4.53036e-08
-5.44061e-18
0
0
0
0
0
0
0
0
0
0
0
0
-6.37126e-15
0
1.72334e-14
0
0
0
0
0
0
0
0
0
0
0
-3.76205e-16
-3.92833e-16
0
0
0
0
0
0
-3.80154e-14
4.43089e-14
0
0
0
0
7.14261e-14
0
0
0
0
0
0
0
0
0
0
0
0
0
0
0
0
0
0
0
0
0
0
0
0
0
0
0
0
0
0
0
0
0
-1.15338e-16
1.25669e-31
1.8253e-15
-4.53036e-08
0
0
0
0
0
0
0
0
-6.14838e-16
0
0
0
0
0
0
0
0
0
0
0
0
0
0
0
0
0
0
0
0
0
0
0
0
0
0
0
1.19833e-16
-4.91202e-08
0
0
0
0
0
0
0
0
0
0
0
0
0
0
0
0
0
0
0
0
0
0
0
0
0
0
0
0
0
0
0
0
0
0
0
6.68591e-16
0
0
0
0
0
0
0
0
-7.74716e-14
1.29894e-13
0
0
0
0
0
0
0
0
0
0
0
0
0
0
0
0
0
0
0
0
0
0
0
0
0
0
0
0
0
0
0
0
0
0
0
0
0
0
0
0
0
0
0
0
0
0
0
0
0
0
0
0
0
0
0
0
0
0
0
0
0
0
0
0
0
0
0
0
0
0
0
0
0
0
0
0
0
0
0
0
0
0
0
0
0
0
0
0
0
0
0
0
0
0
0
0
0
0
0
0
0
-2.75099e-15
5.27297e-16
0
0
0
0
0
0
0
0
0
0
0
0
0
0
0
0
0
0
0
0
0
0
0
0
0
0
0
0
0
0
0
0
0
0
0
0
0
0
0
0
0
0
0
0
0
0
0
0
0
0
0
0
0
0
0
0
0
0
0
0
0
0
0
0
0
0
0
0
0
0
0
0
0
0
0
0
0
0
0
0
0
0
0
0
-3.98935e-15
1.66152e-16
1.8479e-16
0
0
0
0
0
0
0
0
0
0
0
0
0
0
0
0
0
0
0
0
0
0
0
0
0
0
0
0
0
0
0
0
0
0
1.09665e-16
0
0
0
0
0
2.96974e-15
0
-1.74183e-15
0
0
0
0
0
0
0
0
0
0
0
0
0
0
0
0
0
0
-1.07773e-16
-4.58117e-16
0
0
0
0
0
0
0
0
0
0
0
0
0
0
0
0
0
0
0
0
0
0
0
0
0
0
0
0
0
0
0
0
0
0
-1.74877e-15
0
0
0
0
0
0
0
0
0
0
0
0
0
0
0
0
0
0
0
0
0
0
0
0
0
0
0
0
0
0
0
0
0
0
0
0
0
0
0
0
0
0
0
0
0
0
0
0
0
0
0
0
0
0
0
0
0
0
0
0
0
0
0
0
0
0
0
0
0
0
0
0
0
0
0
0
0
0
0
0
0
0
0
0
0
0
0
0
0
0
0
0
0
0
0
-3.70984e-15
0
0
0
0
0
0
0
0
0
0
0
0
0
0
0
0
0
0
0
4.92452e-15
7.04025e-14
0
0
0
0
0
0
0
0
0
0
0
0
0
0
0
0
0
0
0
0
0
0
0
0
0
0
0
0
0
-8.99906e-17
8.36605e-16
0
0
0
0
0
0
0
0
0
0
0
0
0
0
0
0
0
0
0
0
0
0
0
0
0
1.0449e-13
0
0
0
0
0
1.72871e-14
1.21343e-14
0
0
0
0
0
0
5.10157e-31
0
-7.39936e-17
0
0
0
-1.00228e-14
0
0
0
0
0
0
0
0
0
0
0
0
0
0
0
0
0
0
0
0
0
0
0
0
0
0
0
0
0
0
0
0
0
0
0
0
0
0
0
0
0
0
0
0
0
0
0
0
0
0
0
-2.56437e-16
5.8286e-15
5.47706e-15
-3.38277e-16
0
0
0
0
0
0
0
0
0
0
0
0
0
0
0
0
0
0
0
0
0
0
0
0
0
0
0
0
0
0
0
0
0
0
0
0
0
0
0
0
0
0
0
0
0
0
0
0
0
0
0
0
0
0
0
0
0
0
0
-1.52486e-14
2.08361e-14
0
-3.7331e-15
1.70861e-16
0
0
0
0
0
0
0
0
-1.31595e-16
1.37638e-31
0
0
0
0
0
0
0
0
0
0
0
2.50973e-16
0
0
0
0
0
0
0
0
5.03964e-15
0
0
0
0
0
0
0
0
0
0
0
0
0
0
0
0
0
0
0
0
0
3.28618e-14
-9.64237e-15
0
0
0
0
0
0
0
0
0
-3.4708e-14
2.67362e-14
-7.52018e-15
0
0
0
0
0
0
0
0
0
0
0
0
0
0
0
0
0
9.33717e-15
0
0
0
0
0
0
0
0
0
-3.01356e-16
0
0
-7.56748e-17
-4.70601e-16
0
-1.10662e-16
0
0
0
0
0
0
0
0
0
0
0
0
0
0
0
0
0
0
0
0
0
0
0
0
0
0
0
0
0
0
0
0
0
0
0
0
0
0
0
0
0
0
0
0
0
0
0
0
0
0
0
0
-4.85886e-16
-1.03328e-30
0
0
0
0
0
0
0
0
0
0
0
0
0
0
0
0
0
0
0
0
0
0
0
0
0
0
0
0
0
0
0
0
2.69057e-15
0
0
0
1.70087e-16
-1.14074e-16
0
0
0
0
0
-2.42127e-15
3.55315e-15
0
0
0
0
0
0
0
0
0
0
1.41816e-16
0
0
0
0
0
0
0
0
0
0
0
0
0
0
0
0
0
-1.77421e-16
0
0
0
0
0
0
0
0
0
0
0
0
0
0
0
0
0
0
0
0
0
0
0
0
0
0
0
0
0
0
0
0
0
0
0
0
0
0
0
0
0
0
6.26504e-15
8.86196e-15
0
0
0
0
0
0
0
0
0
0
0
0
0
0
0
0
0
0
0
0
0
0
-2.00253e-16
0
0
0
0
4.61024e-16
0
0
0
0
0
0
0
0
0
0
0
0
0
0
0
0
0
0
0
0
0
0
0
0
0
0
0
0
0
0
0
0
0
0
0
0
0
0
0
0
0
0
0
0
0
0
0
0
0
0
0
0
0
0
0
0
0
0
0
0
0
1.49882e-14
0
1.07056e-15
0
0
0
0
0
0
0
0
0
0
0
0
0
0
0
0
0
0
0
0
0
0
0
0
0
0
0
0
0
0
0
0
0
0
0
0
0
0
0
0
0
0
0
1.60856e-29
3.25744e-14
0
0
0
-2.68287e-14
-2.76199e-15
0
0
0
0
0
0
0
0
0
0
0
0
0
0
0
0
0
0
-2.55022e-16
-6.02583e-14
0
0
0
0
-9.34394e-15
-1.95777e-14
2.06436e-15
-3.51784e-14
0
0
0
0
0
0
0
0
0
0
0
0
0
0
0
0
0
0
0
0
0
0
0
0
0
0
0
-2.81421e-16
0
0
0
0
0
0
0
0
0
-4.62119e-14
-4.75624e-15
3.96961e-17
0
0
0
0
0
0
0
3.1411e-16
0
0
0
0
0
7.6873e-16
3.10734e-16
0
0
0
0
0
0
0
0
0
0
0
0
0
0
0
0
0
0
0
0
0
0
0
0
0
0
0
3.5653e-14
0
1.91976e-14
0
0
0
0
0
0
0
0
0
0
0
0
3.62366e-16
0
0
0
0
0
0
0
0
0
0
0
0
0
0
0
0
0
0
0
0
0
0
0
0
0
0
0
0
0
0
0
0
0
0
0
0
0
0
0
0
0
0
0
0
0
0
0
0
0
0
0
0
0
0
0
0
0
0
0
0
0
0
0
0
0
0
0
0
0
0
-3.82991e-30
0
-8.36763e-15
-1.91372e-14
0
0
0
0
0
0
0
0
0
0
0
0
0
0
0
0
0
0
0
0
0
0
0
0
0
0
0
0
0
0
5.07593e-16
-1.43447e-15
0
0
0
0
0
0
0
0
0
0
0
-1.83475e-16
0
0
0
0
0
0
0
0
0
0
0
0
0
0
0
0
0
0
0
0
0
0
0
0
0
0
0
0
0
0
0
0
0
0
0
0
0
0
0
0
0
0
0
0
0
0
0
0
0
0
0
0
0
0
0
0
0
0
0
0
0
0
0
0
0
0
0
0
0
0
0
0
0
0
0
0
-1.2033e-15
0
0
0
0
0
0
0
0
0
0
0
-5.72692e-15
0
0
0
0
0
0
0
0
0
0
0
0
0
0
0
0
0
0
-7.97975e-17
-5.19661e-17
0
0
0
0
-6.25417e-16
-3.96506e-16
0
0
0
0
0
0
0
0
0
7.9287e-16
-6.61405e-16
2.78026e-15
0
0
0
0
0
7.22768e-14
8.95132e-15
0
-1.15367e-16
0
0
0
-2.32114e-14
2.55576e-14
-9.43846e-16
0
0
0
0
0
0
0
0
0
0
0
0
0
0
0
-8.24053e-15
2.27989e-15
0
0
0
0
0
0
0
0
0
0
0
0
0
0
0
0
0
0
0
0
0
0
0
0
0
0
0
0
0
0
0
0
0
0
0
0
0
0
-2.9087e-16
5.94903e-17
0
0
0
0
0
0
0
1.60325e-15
0
0
0
0
0
0
0
0
0
0
0
0
0
0
0
0
0
0
0
0
0
0
0
0
0
0
0
1.36107e-14
0
4.37687e-16
0
0
0
0
0
0
0
0
0
0
0
-1.34113e-15
-1.14477e-15
0
0
0
0
0
0
0
0
0
0
0
0
0
0
0
0
0
0
0
0
0
0
0
0
0
0
0
0
0
0
0
0
0
0
0
0
0
0
0
0
0
0
0
0
0
0
0
0
0
0
0
0
0
0
0
0
0
0
0
0
0
0
0
3.89301e-16
0
0
0
0
-4.48807e-15
-1.38919e-14
0
0
0
0
0
0
0
0
0
0
0
-1.99171e-14
0
0
0
0
0
0
0
0
0
0
0
0
0
0
0
0
0
0
0
0
0
0
0
0
0
0
0
0
0
0
0
0
0
0
0
0
0
0
0
0
0
0
0
0
0
0
0
0
0
0
0
0
0
0
0
0
0
0
0
0
0
0
0
0
0
0
0
0
0
0
0
1.46121e-15
-2.29361e-15
0
0
0
0
0
0
0
0
0
0
0
0
0
0
0
0
0
0
0
0
0
-4.51962e-15
0
0
0
0
0
0
0
0
0
0
0
0
0
0
0
0
0
0
0
0
0
0
0
0
0
0
0
0
0
0
0
0
0
0
0
0
1.30456e-16
0
0
0
0
-9.10002e-16
1.36282e-15
0
0
0
0
0
0
0
0
0
0
0
0
0
0
0
0
0
0
0
0
0
0
0
-1.16041e-15
0
0
0
0
0
0
0
0
0
0
0
0
0
0
0
0
0
0
0
0
0
0
0
0
0
0
0
0
0
-3.85656e-15
1.35133e-15
0
0
0
0
0
0
0
0
0
0
0
0
0
0
0
0
0
0
0
0
0
0
-4.51513e-16
6.79891e-16
4.2167e-16
0
0
0
0
0
0
0
0
0
0
0
0
0
0
0
0
0
0
0
0
0
0
0
0
0
0
0
0
0
0
0
0
0
0
0
0
0
0
0
0
0
0
0
0
0
0
0
0
0
0
0
0
0
0
0
0
0
0
0
0
0
2.65116e-16
0
-4.62292e-16
0
0
0
0
0
0
0
0
0
0
0
0
0
0
0
0
0
0
0
0
0
0
0
0
0
0
-6.47045e-17
0
0
0
0
0
0
5.50878e-16
-3.05478e-16
0
0
0
0
0
0
0
0
0
0
0
0
0
0
0
0
0
0
0
0
0
0
0
0
0
0
0
0
0
0
0
5.15555e-16
0
0
0
0
0
0
0
0
0
0
0
0
0
0
0
0
0
0
-6.70283e-17
0
0
0
0
0
0
-5.59003e-16
4.31095e-16
0
0
0
0
0
0
0
0
0
0
0
0
0
0
0
0
0
-5.49745e-16
0
0
0
0
0
-9.92962e-16
1.2564e-14
0
0
0
0
0
0
0
0
0
0
0
0
0
0
0
0
0
0
0
0
0
0
0
0
0
0
0
0
0
5.75808e-15
0
0
0
0
0
0
0
0
0
0
0
0
0
0
0
0
0
0
0
0
0
-3.29373e-29
0
-3.58647e-14
0
0
0
0
0
0
0
0
0
0
0
0
0
0
0
0
0
0
0
0
0
0
0
0
0
0
0
0
0
0
0
0
0
0
0
0
0
0
0
0
0
0
0
0
0
0
0
0
0
0
0
0
0
0
0
0
0
0
0
0
0
0
0
0
0
0
0
0
0
0
0
0
0
0
0
0
0
0
2.8496e-14
0
0
0
0
0
0
0
0
0
0
0
0
0
0
0
0
0
0
0
0
0
0
0
0
0
0
0
0
0
0
0
0
0
0
0
0
0
0
0
0
0
0
0
0
0
0
0
0
0
0
0
0
3.35631e-16
0
0
0
0
0
0
0
0
0
0
0
0
0
1.08428e-17
0
0
1.05915e-14
0
0
0
0
0
0
0
0
0
0
0
0
0
0
0
0
0
0
0
0
0
0
0
0
0
0
0
0
0
0
0
0
0
0
0
0
0
0
0
0
0
0
-2.81414e-14
0
0
0
0
0
0
0
0
0
0
0
0
0
0
0
0
0
0
0
0
0
0
0
0
0
0
0
0
0
0
0
0
0
0
0
0
0
0
0
0
0
0
0
0
0
9.26977e-16
0
0
0
0
0
0
0
0
0
0
0
0
0
0
0
0
0
0
0
0
0
0
0
0
0
0
0
0
0
0
0
0
0
0
0
0
0
0
0
0
0
-8.43042e-15
3.42689e-15
0
0
0
0
0
0
0
0
0
0
0
0
0
-4.2002e-14
-8.37138e-15
0
0
0
0
0
0
0
0
0
0
0
0
5.26331e-14
2.89961e-15
0
0
0
0
0
0
0
0
0
0
0
0
0
0
0
0
0
0
0
0
0
0
0
0
0
0
0
0
0
0
0
0
0
0
0
0
0
0
0
0
0
0
0
0
0
0
0
0
0
4.82649e-16
0
0
0
0
3.74789e-08
5.31283e-08
0
0
0
0
0
0
0
0
0
0
0
0
0
0
8.53519e-16
-1.90775e-15
0
0
1.20416e-16
6.3751e-16
7.62014e-16
0
0
0
0
0
0
0
0
0
0
0
0
0
0
0
0
0
0
0
0
0
0
0
0
0
0
0
0
0
0
0
0
0
0
0
0
0
0
0
0
-4.54023e-14
-2.41404e-15
0
0
0
0
0
0
0
0
0
0
0
0
8.62935e-14
-3.27994e-14
0
0
0
0
0
0
0
0
0
0
0
0
0
0
0
0
0
0
0
0
0
0
0
0
0
0
0
0
0
0
0
0
0
0
0
0
0
0
0
0
0
0
0
0
0
0
0
0
0
0
0
-1.38531e-15
0
2.26549e-14
-8.73958e-14
0
3.61891e-14
1.89275e-16
0
0
0
0
0
0
0
0
0
0
0
0
0
0
0
0
0
0
0
0
0
0
0
0
-1.40882e-16
-3.20615e-16
0
0
0
0
0
0
0
0
0
0
0
0
0
0
0
0
0
0
0
-5.54223e-14
3.95834e-14
0
0
0
0
0
0
0
0
2.23056e-15
0
0
-6.21058e-17
0
0
0
0
0
0
0
0
0
0
0
0
0
0
0
0
0
0
0
0
5.42092e-16
0
0
0
0
0
0
0
0
0
0
0
0
0
0
0
0
0
0
0
0
0
0
2.45698e-14
0
0
-7.88156e-17
1.54967e-17
0
0
0
0
0
0
0
0
0
0
0
0
0
0
0
0
0
0
0
0
0
0
0
0
0
0
0
0
0
-1.75156e-15
0
0
0
0
0
0
0
0
0
0
0
0
0
0
0
0
0
-1.67587e-16
0
1.2859e-16
0
0
0
0
0
0
0
0
0
0
0
0
0
0
0
0
0
0
0
0
0
0
0
0
0
0
0
0
0
0
0
0
4.51817e-14
0
0
0
0
0
0
0
0
0
0
0
0
0
0
-1.07022e-16
0
0
0
0
0
0
0
0
0
0
0
1.68749e-16
-1.54786e-16
0
0
0
0
0
0
0
0
0
0
0
0
0
0
0
0
0
0
0
-3.94916e-14
-4.77045e-15
0
0
0
0
0
0
0
0
0
0
0
0
0
0
0
0
0
0
-8.14388e-15
0
0
0
0
0
0
0
0
0
0
0
0
0
0
0
0
0
0
0
0
0
0
0
0
0
0
0
0
-3.30551e-16
3.68424e-16
0
0
0
0
0
0
0
0
0
0
0
0
0
0
0
0
0
0
0
0
0
0
0
0
0
0
0
0
0
0
0
0
-8.74611e-15
0
0
9.61492e-18
0
0
0
0
-4.17808e-16
1.37049e-14
0
0
0
0
0
0
0
0
0
0
0
0
0
0
0
0
0
0
0
0
0
0
0
0
0
0
1.303e-13
0
-7.91049e-14
0
0
0
0
0
0
0
0
0
0
0
0
0
0
0
0
0
0
0
0
0
0
0
0
0
0
0
0
0
0
0
0
0
0
0
0
0
0
0
0
0
0
0
0
0
0
0
0
0
0
0
0
-8.51275e-15
0
0
0
0
0
0
0
0
0
0
0
0
0
0
0
0
0
0
5.75015e-14
0
0
0
0
0
0
-1.77728e-13
0
6.17387e-14
0
0
1.46376e-14
0
0
0
0
0
0
0
0
0
0
0
0
0
0
0
0
0
0
0
0
0
0
0
0
0
0
0
0
3.11963e-15
5.26682e-15
3.25678e-15
0
0
0
0
0
0
0
0
0
-4.40697e-08
0
0
0
0
0
0
0
0
0
0
-5.919e-16
-3.25868e-17
0
0
0
0
0
0
0
0
0
0
0
0
0
0
0
-3.68423e-16
0
0
0
0
0
0
0
0
0
0
0
0
0
0
0
0
0
0
0
0
0
0
0
0
0
0
0
0
0
0
0
0
0
0
0
0
0
0
0
0
0
0
0
0
0
0
0
0
0
0
0
0
0
0
0
0
0
1.03932e-14
-3.41549e-15
0
0
0
0
0
0
0
0
0
0
0
0
0
0
0
0
0
0
0
0
0
0
0
0
0
0
0
0
0
0
0
0
0
0
0
0
0
0
0
0
0
0
0
0
0
0
0
0
0
0
0
0
0
-1.67895e-15
0
0
0
0
0
0
0
0
0
0
0
0
0
0
0
0
0
0
0
0
0
0
0
0
0
0
0
0
0
0
0
0
0
0
0
0
0
0
0
0
0
0
0
0
0
0
0
0
0
0
0
0
0
0
0
-1.96976e-14
0
0
4.69064e-15
7.87682e-14
0
0
0
0
0
0
1.66148e-16
0
0
0
0
0
0
0
0
0
0
0
0
0
0
0
0
0
0
0
0
0
0
0
0
0
0
0
0
0
0
0
0
0
0
0
0
0
0
0
0
0
0
0
0
0
0
0
0
0
0
0
0
0
0
0
1.63185e-16
0
0
0
0
0
0
0
0
0
0
0
0
0
0
0
0
0
0
0
0
0
0
0
0
0
0
0
0
0
0
0
0
0
1.42367e-15
0
0
0
0
0
0
0
0
0
5.204e-08
3.85672e-08
0
0
-4.17058e-14
-5.78778e-15
2.66521e-14
0
0
0
0
0
0
0
0
0
0
0
0
0
0
0
0
0
0
0
0
0
0
0
3.77203e-15
4.09322e-30
0
0
0
0
0
0
0
0
0
0
0
0
0
0
0
0
0
0
0
0
0
0
0
0
0
0
0
0
0
0
0
0
0
0
0
0
0
0
0
0
0
0
0
0
0
0
0
0
0
0
0
0
0
0
0
0
0
0
0
0
0
0
0
0
0
0
0
0
0
0
0
0
0
0
0
0
0
0
0
0
0
0
0
-2.69319e-16
5.45678e-17
0
0
0
0
0
0
0
0
0
0
0
0
0
0
0
0
0
0
0
0
0
0
0
0
0
0
8.33532e-17
0
0
-6.07668e-17
0
0
0
0
0
0
0
0
0
0
0
0
0
0
0
0
0
0
0
0
0
0
0
0
0
0
0
0
0
0
0
0
0
0
0
0
0
6.67534e-14
0
0
0
0
0
0
0
1.45974e-14
0
7.60711e-14
0
0
0
0
0
0
0
0
0
0
0
0
0
0
0
0
0
0
0
0
0
0
0
0
0
0
0
0
0
0
0
0
0
0
0
0
0
0
0
0
0
0
0
0
0
0
0
0
0
0
0
0
0
0
0
0
0
0
0
0
0
0
0
0
0
0
0
0
0
0
0
0
0
0
0
3.74989e-16
0
0
0
0
0
0
0
0
0
0
0
0
0
0
0
0
0
0
0
0
0
0
0
0
0
0
0
0
0
0
0
0
0
0
0
0
0
0
0
0
0
0
0
0
0
0
0
0
0
0
0
0
0
0
0
0
0
0
0
0
0
0
0
0
0
0
0
0
3.237e-14
0
0
0
0
0
0
0
0
0
-8.11891e-16
0
0
0
0
0
0
3.38792e-15
0
0
0
0
0
-2.48155e-15
0
0
0
0
0
0
0
0
0
0
0
0
0
0
0
0
0
0
0
0
0
0
0
0
0
0
0
0
2.81868e-15
0
1.09795e-16
0
7.21577e-17
0
0
0
0
0
0
0
0
0
0
0
0
0
0
0
0
0
0
0
0
0
0
0
0
0
0
0
0
0
0
0
0
0
0
0
-2.92941e-16
0
0
0
0
0
0
0
0
0
0
0
0
0
0
0
0
0
0
0
0
0
0
0
0
0
0
0
0
0
0
0
0
0
2.1089e-14
1.11155e-15
0
0
0
0
0
0
0
0
0
0
0
0
0
0
0
0
0
-4.90534e-15
-5.01568e-14
0
4.5291e-14
0
6.49314e-15
0
0
0
0
0
0
0
0
0
0
0
0
0
0
0
0
0
0
0
0
0
0
0
0
0
0
0
0
0
0
0
0
0
0
0
0
0
0
0
1.53296e-30
0
0
0
0
0
0
0
0
0
0
0
0
0
0
0
0
0
0
0
0
0
0
0
0
0
0
0
0
0
0
0
0
0
0
0
0
0
0
0
0
0
0
0
0
0
0
0
0
0
0
0
0
0
0
0
0
0
0
0
0
0
0
0
0
0
0
0
0
0
0
0
0
0
0
0
0
0
0
0
0
0
0
0
0
0
6.92445e-14
-1.39839e-14
0
0
0
0
0
0
0
0
0
0
0
0
0
0
0
0
0
0
0
0
0
0
0
0
0
0
0
0
0
0
0
0
0
0
0
0
0
0
0
0
0
0
0
0
0
0
0
0
0
0
0
0
0
0
0
0
0
-2.12567e-15
3.30034e-16
0
0
0
0
0
0
0
0
0
0
0
0
0
0
0
0
0
0
-2.45824e-15
0
0
0
0
0
0
0
0
0
0
0
0
0
0
0
0
0
0
0
0
0
0
0
0
0
0
0
0
0
0
0
0
0
0
0
0
-1.00834e-16
-4.39095e-16
0
0
0
0
0
0
0
0
0
0
0
0
0
0
0
0
0
0
0
0
0
0
0
0
0
0
0
0
0
0
0
0
0
0
0
0
0
0
0
0
0
0
0
0
0
0
0
0
0
0
0
0
0
2.41676e-16
0
0
0
0
0
0
0
6.68703e-15
0
0
0
0
0
0
0
0
0
0
0
0
0
0
0
0
0
0
0
0
0
0
0
0
0
0
0
0
0
0
0
0
0
0
0
0
0
0
0
0
0
0
0
0
0
0
0
-1.02501e-16
0
-1.40598e-15
0
0
0
-1.34285e-13
8.99674e-15
2.26465e-14
0
0
0
0
0
0
0
0
0
2.9705e-14
0
0
0
0
0
0
0
-5.30824e-17
-1.31463e-16
0
0
0
0
0
0
0
0
0
0
0
0
0
0
0
0
0
0
0
0
0
0
0
0
0
0
0
0
0
0
0
0
0
0
0
0
-1.3844e-15
0
0
0
0
0
0
0
0
0
0
0
0
0
0
0
0
0
0
0
0
0
0
0
0
0
0
0
0
0
0
0
0
0
0
0
0
0
0
0
0
0
0
0
0
0
0
0
0
0
0
0
0
0
0
0
0
0
0
0
0
0
0
0
0
0
0
0
0
0
0
0
0
0
0
0
0
0
0
0
0
0
0
0
0
0
0
0
0
0
0
0
0
0
0
0
0
0
0
0
0
0
0
0
0
0
0
0
0
0
0
0
0
0
0
0
0
0
0
0
9.68276e-16
3.90456e-15
0
0
0
0
0
0
0
0
0
0
0
0
0
0
0
0
0
0
0
0
0
0
0
0
0
0
0
0
0
0
0
0
0
0
0
0
0
0
0
0
0
0
0
0
0
0
0
0
0
0
0
0
0
0
0
0
0
0
0
0
0
0
0
0
0
0
0
0
0
0
0
0
0
0
0
0
0
0
0
0
0
0
0
0
0
0
0
0
0
0
0
0
0
0
0
0
0
0
0
0
0
0
0
0
0
0
0
0
0
0
0
0
0
0
0
0
0
0
0
0
0
0
0
0
0
0
0
0
0
0
0
0
0
0
0
0
0
0
0
-2.11066e-14
0
0
0
0
0
0
0
0
0
0
0
-1.66324e-14
-4.07004e-15
0
0
0
0
0
0
0
0
0
0
0
0
0
0
0
0
0
0
0
0
0
0
0
0
0
0
0
0
0
0
0
0
0
0
0
0
0
0
0
0
0
0
0
0
0
0
0
-1.13827e-15
0
0
0
0
0
0
0
0
0
0
0
0
0
0
0
0
0
0
0
0
0
0
0
0
0
-4.13214e-14
1.68748e-14
0
0
0
0
0
0
0
0
0
0
0
0
0
0
0
0
0
0
0
0
0
0
0
0
0
0
0
0
0
0
0
0
0
0
0
0
0
0
0
0
0
0
0
0
0
0
0
0
0
0
0
0
0
0
0
0
0
0
8.62924e-15
0
0
0
0
0
0
-5.14645e-31
0
0
0
0
0
0
0
0
0
0
0
0
0
0
0
0
0
0
0
0
0
0
0
0
0
0
0
0
0
0
0
0
0
0
0
0
0
0
0
0
0
0
0
0
0
0
0
0
0
0
0
0
0
0
0
0
0
0
0
0
0
0
0
0
0
0
0
0
0
0
0
0
0
0
0
0
0
0
0
0
0
0
0
0
0
0
0
0
0
0
0
0
0
0
0
0
0
0
0
0
0
0
0
-5.36888e-16
6.83127e-16
0
0
0
0
0
0
0
0
0
0
0
0
0
0
0
0
0
0
0
0
0
0
0
0
0
0
0
0
0
0
0
0
0
0
0
0
0
0
0
0
0
0
0
0
0
0
0
0
0
0
0
0
0
0
0
0
0
0
0
5.66518e-15
1.03474e-16
0
0
0
0
0
0
0
0
0
0
0
0
0
0
0
0
0
0
0
0
0
0
0
0
0
0
0
0
0
0
0
0
0
0
0
0
0
0
0
0
0
0
0
0
0
0
0
0
0
0
0
0
0
0
0
0
0
0
0
0
0
0
0
0
0
0
0
0
0
0
0
0
0
0
0
0
0
0
0
0
0
0
0
0
0
0
0
0
0
0
0
0
0
0
0
-1.47894e-16
0
0
0
0
0
0
0
0
0
0
9.96208e-15
3.16182e-16
-3.26028e-16
6.63608e-16
0
0
0
3.59717e-15
0
0
0
0
0
0
1.36819e-15
0
0
0
0
0
0
0
0
0
0
0
0
0
0
-8.44478e-15
0
0
0
0
0
0
0
0
0
0
0
0
0
0
0
0
0
0
0
0
0
0
0
0
0
0
0
0
0
0
0
0
0
0
0
0
0
0
0
0
0
0
0
0
0
0
0
0
0
0
0
0
0
0
0
0
0
0
0
0
0
0
0
0
-1.34397e-16
0
0
0
0
0
0
0
0
0
0
0
0
0
0
0
0
0
0
0
0
0
0
0
0
0
0
0
0
0
0
0
0
0
0
0
0
0
0
0
0
0
0
0
0
0
0
0
0
0
0
0
0
0
0
0
0
0
0
0
0
2.263e-15
-3.40383e-15
0
0
0
0
0
0
0
0
0
0
0
0
0
0
0
0
0
0
0
0
0
0
0
0
0
0
0
0
0
0
0
0
0
0
0
0
0
0
0
0
0
0
0
0
0
0
0
0
0
0
0
0
0
0
0
0
0
0
0
0
0
0
0
0
0
0
0
0
-8.75632e-16
0
0
0
0
0
0
0
0
0
0
0
0
0
0
0
0
0
0
0
0
0
0
0
0
0
0
0
0
0
0
0
0
0
0
0
0
0
0
0
0
0
0
0
0
0
0
0
0
0
0
0
0
0
0
0
0
0
0
0
0
0
0
0
0
0
0
0
0
0
0
0
0
0
0
0
0
0
0
0
0
0
0
0
0
0
0
0
0
0
0
0
0
0
0
0
0
0
0
0
0
0
0
0
0
0
0
0
0
0
0
0
0
0
0
0
0
0
0
0
0
4.00224e-14
0
0
0
0
0
0
0
0
0
0
0
0
0
0
0
0
0
0
0
0
0
0
0
0
0
0
0
0
0
0
-1.22877e-15
0
0
0
0
0
0
0
0
0
0
0
0
0
0
0
0
0
0
0
0
0
0
0
0
0
0
0
0
0
0
0
0
0
0
0
0
0
0
0
0
0
0
0
0
-1.05773e-15
2.17684e-16
0
0
0
0
0
0
0
0
0
0
0
0
0
0
0
0
0
0
0
0
0
0
0
0
0
0
0
0
0
0
0
0
0
0
0
0
0
0
0
0
0
0
0
0
0
0
0
0
0
0
0
0
0
0
-4.55986e-15
4.11682e-14
6.15421e-15
0
0
0
0
0
0
0
0
0
0
0
0
0
0
0
0
0
0
0
0
0
0
0
0
0
0
-2.98362e-15
0
0
0
0
0
0
0
0
0
0
0
0
0
0
0
0
0
0
0
0
0
0
0
0
1.48851e-16
-1.35719e-16
0
0
0
0
0
0
0
0
0
0
0
0
0
0
0
0
0
0
0
0
0
0
0
0
0
0
0
0
0
0
0
0
0
0
0
0
0
0
0
0
0
0
0
0
0
-3.27462e-14
-2.14225e-15
0
0
0
0
0
0
1.47295e-14
0
0
0
0
0
0
0
0
0
0
0
0
0
0
0
0
0
0
0
0
0
0
0
0
0
0
0
0
0
0
0
0
0
-1.31718e-14
1.55264e-14
8.23099e-16
0
0
0
0
0
0
0
0
0
0
0
0
0
0
0
0
0
0
0
0
0
0
5.55625e-16
0
0
0
0
0
0
0
0
0
0
0
0
0
0
-1.40566e-14
0
0
0
0
0
0
0
0
0
-1.90428e-14
0
0
0
0
0
0
0
0
0
0
0
0
0
0
0
0
0
0
-4.63589e-08
0
0
0
0
0
0
0
0
0
0
0
0
0
0
0
0
0
0
0
0
0
0
0
0
0
0
0
0
0
0
0
0
0
0
0
0
0
0
0
0
0
0
0
0
0
0
0
0
0
0
0
0
0
0
0
0
0
0
0
0
0
0
0
0
0
0
0
0
0
0
0
0
0
0
0
0
0
0
0
0
0
0
0
0
0
4.78442e-16
0
0
0
0
0
0
0
0
0
0
0
8.57168e-14
-3.24981e-14
0
0
0
0
0
0
0
0
0
0
0
0
0
0
0
0
0
0
0
0
0
0
0
0
0
0
0
0
0
0
0
0
0
0
0
0
0
0
0
0
0
0
0
0
0
0
0
0
0
0
0
0
0
0
0
0
0
0
0
0
0
0
0
0
0
0
0
0
0
0
0
0
0
0
0
0
0
0
0
0
0
0
0
0
0
0
0
-1.18636e-14
0
0
0
0
0
0
0
0
0
0
0
0
0
0
-2.2233e-16
0
0
0
0
0
0
0
0
0
0
0
0
0
0
0
0
0
0
0
0
0
-2.32234e-14
0
0
0
0
0
-8.04282e-30
0
0
0
0
0
0
0
0
0
0
0
0
0
0
0
0
0
0
0
0
-2.06348e-14
-1.42092e-15
0
0
0
0
0
0
0
0
0
0
0
0
0
0
0
0
0
0
0
0
0
0
0
0
0
0
0
0
0
0
0
0
0
0
0
0
0
0
0
0
-1.43021e-14
0
0
0
0
0
0
0
0
0
0
0
0
0
0
0
1.32939e-16
0
0
1.58543e-16
0
0
0
0
0
0
0
0
0
0
0
0
0
0
0
0
0
0
8.82583e-15
0
0
0
0
0
0
0
0
0
0
0
0
0
0
0
0
0
0
0
0
0
0
0
0
0
0
0
0
0
0
0
0
0
0
0
0
0
0
0
0
0
0
0
0
0
0
0
0
0
0
0
0
0
0
0
0
0
0
0
2.64047e-15
-9.93284e-17
0
0
0
0
0
0
1.93019e-14
0
0
0
0
0
0
0
0
0
0
0
0
0
0
0
0
0
0
0
-9.80543e-16
0
0
0
0
0
0
0
0
0
0
0
0
0
0
0
0
0
0
0
0
-1.69931e-16
-1.2536e-16
0
0
0
0
0
0
0
0
0
0
0
0
0
0
5.40449e-16
0
1.1333e-16
0
0
0
0
0
0
0
0
0
0
0
0
0
0
0
0
0
0
0
0
0
0
7.7142e-16
1.92501e-15
0
0
0
0
0
3.48549e-16
0
0
0
0
0
0
0
0
0
0
0
0
0
0
0
-2.89345e-14
9.31293e-15
0
0
-2.15075e-14
4.83336e-14
4.31978e-14
0
0
0
0
0
0
0
0
0
0
0
0
0
0
0
0
0
0
0
0
0
0
0
0
0
0
0
0
0
0
0
0
0
0
0
0
0
9.7627e-15
0
0
-9.05824e-15
3.50593e-14
0
0
0
-1.28581e-16
0
0
0
0
0
0
0
0
0
0
0
0
0
0
0
0
0
0
0
0
0
0
0
0
0
0
0
0
0
-4.40189e-14
0
0
0
0
0
0
0
0
0
0
0
0
0
0
0
0
0
0
0
0
0
0
0
0
0
0
0
0
0
0
0
0
0
0
0
0
0
0
0
0
0
0
0
0
0
0
0
0
0
0
0
0
0
0
0
0
0
0
0
0
0
0
0
0
0
0
0
0
0
0
0
0
0
0
0
0
0
0
0
0
0
0
-1.25848e-16
0
0
0
0
0
0
0
0
0
0
0
0
0
0
0
0
0
0
0
0
0
0
0
0
0
0
0
0
0
0
0
0
5.89192e-16
0
-2.89803e-16
0
0
0
0
0
0
0
0
0
0
0
0
0
0
0
0
0
0
0
0
0
0
0
0
0
0
0
0
5.08661e-31
0
0
0
0
0
0
0
0
0
0
0
0
0
0
0
0
0
0
0
0
0
0
0
0
0
0
0
0
0
0
0
0
0
0
0
0
0
0
0
0
0
0
0
0
0
0
0
0
0
0
0
0
0
0
0
0
0
0
0
0
0
0
0
0
0
0
0
0
0
0
0
0
0
0
0
0
0
0
0
0
0
0
0
0
0
0
0
0
0
0
0
0
0
0
0
0
0
0
0
0
0
0
0
0
0
0
0
0
0
0
0
0
0
0
0
0
0
0
0
0
0
0
0
0
0
0
0
0
0
0
0
0
0
0
0
0
0
0
0
0
0
0
0
0
-3.41357e-14
0
0
0
0
0
5.23811e-16
-1.89249e-16
0
0
0
0
0
0
0
0
0
0
0
0
0
0
0
0
3.34252e-14
0
0
0
0
0
0
0
0
0
0
0
0
0
0
-4.7094e-16
0
0
0
0
0
0
0
0
0
0
0
0
0
0
0
0
0
0
0
0
0
0
0
0
0
0
0
0
0
0
0
-4.46042e-14
0
0
0
0
0
0
0
1.58157e-14
0
0
0
0
0
0
0
0
0
0
0
0
-1.32965e-15
0
0
0
0
0
0
0
0
0
0
0
0
0
0
0
0
-4.67095e-14
1.10541e-15
0
0
0
0
0
0
0
0
0
0
0
0
0
0
0
0
0
1.88847e-14
0
0
0
4.87566e-16
0
6.76812e-16
0
0
0
0
0
0
0
0
0
0
0
0
0
0
0
0
0
0
0
0
0
0
0
0
0
0
0
0
0
0
0
0
0
0
0
0
0
0
0
0
0
0
0
0
0
0
4.55944e-14
7.04062e-14
-1.92539e-13
0
0
0
0
0
0
0
0
0
-9.84402e-14
-1.16149e-14
0
0
0
8.28409e-15
5.27962e-14
-1.94898e-13
0
0
0
0
0
0
0
0
0
0
0
0
0
0
0
0
0
0
0
0
0
0
0
0
0
0
0
0
2.84769e-14
0
0
0
0
0
0
0
0
0
0
0
0
0
0
0
0
0
0
0
0
0
0
0
0
0
0
0
0
0
0
0
0
0
0
0
0
0
0
0
0
0
0
0
0
0
0
0
0
0
0
0
0
0
0
0
0
0
0
0
0
0
0
0
0
0
0
0
0
0
0
0
0
0
0
0
0
0
0
0
0
0
0
0
0
0
0
0
0
0
0
0
0
0
0
0
0
0
0
0
0
0
-5.02144e-17
0
0
0
0
0
0
0
0
0
0
0
0
0
0
0
0
0
0
4.27372e-16
5.47246e-16
0
0
0
0
0
0
0
0
0
0
0
0
0
0
0
0
0
0
0
0
0
0
0
0
0
0
0
0
0
0
0
0
0
0
0
0
0
0
0
0
0
0
0
0
0
0
0
0
0
0
0
0
0
0
0
0
0
0
1.96982e-14
0
0
0
0
0
0
0
0
0
0
0
0
0
0
0
0
0
0
0
0
0
0
0
0
0
0
0
0
0
0
0
0
0
0
0
0
0
0
0
0
0
0
0
0
0
0
0
0
0
0
0
0
0
0
0
-4.83689e-14
0
0
0
0
0
0
0
0
0
0
0
0
0
0
0
0
0
0
-2.06144e-14
0
0
0
-4.73619e-14
0
0
0
0
0
0
0
0
0
0
0
0
0
0
0
0
0
0
0
0
0
0
0
0
0
0
0
0
0
0
0
0
0
0
0
0
0
0
0
0
0
0
0
0
0
0
0
0
0
0
0
0
0
0
0
0
0
0
0
0
0
0
0
0
0
0
0
0
0
0
0
0
0
0
0
-7.14173e-17
-1.32844e-16
0
0
0
0
0
0
0
0
0
0
0
0
0
0
0
0
0
0
0
0
0
0
0
0
0
0
0
0
0
0
0
0
0
0
0
0
0
0
0
0
0
0
0
0
0
1.75771e-15
0
0
0
0
0
0
0
0
0
0
0
0
0
0
0
0
0
0
0
0
0
0
0
0
0
0
0
0
0
0
5.50286e-15
0
5.66564e-14
0
0
0
0
0
0
0
0
0
0
0
0
0
0
0
0
0
0
0
0
0
0
0
0
0
0
0
0
0
0
0
0
0
0
0
0
0
0
0
0
0
0
0
0
0
0
0
0
0
0
0
0
0
0
0
0
0
0
3.86814e-16
0
0
0
0
0
0
0
0
0
0
0
0
0
0
0
0
0
0
0
0
-8.05996e-17
0
0
0
0
0
0
0
0
8.06633e-17
-5.10157e-31
0
0
0
0
0
0
0
0
0
0
0
0
0
0
0
0
0
0
0
0
0
0
0
0
0
0
0
0
0
0
0
0
0
0
0
0
0
0
0
0
0
0
0
0
0
0
0
0
0
0
0
0
0
0
0
0
0
0
0
0
0
0
0
0
0
0
0
0
0
0
0
0
0
0
0
0
0
0
0
0
0
0
0
0
-2.78198e-16
0
0
0
0
0
0
0
0
0
0
0
0
0
0
0
0
0
0
0
0
0
0
0
0
0
0
0
0
0
0
0
0
0
0
0
0
0
0
0
0
0
0
0
0
0
0
0
0
0
0
0
0
1.00509e-16
0
0
0
0
0
0
0
0
0
0
0
0
0
0
0
0
0
0
0
0
0
0
0
0
0
0
0
0
0
0
0
0
0
0
0
0
0
0
0
0
0
0
0
0
0
0
0
0
0
0
0
0
0
0
0
0
0
0
7.25818e-16
0
0
0
0
0
0
0
0
0
0
0
0
0
0
0
0
0
0
0
0
0
0
0
0
0
0
0
0
0
0
0
0
0
0
0
0
0
0
0
0
0
0
0
0
0
0
7.31213e-16
3.04548e-16
0
0
0
0
0
0
0
0
0
0
0
0
0
0
0
0
0
0
0
0
0
0
0
0
0
0
0
0
0
0
0
0
0
0
0
0
0
0
0
0
0
0
0
0
0
0
0
0
0
0
0
0
0
0
0
0
0
0
0
0
0
0
0
0
0
0
0
0
0
0
0
0
0
0
0
0
0
0
0
0
0
0
0
0
0
0
0
0
0
0
0
0
0
0
0
0
0
0
0
0
0
0
0
0
0
0
0
0
0
0
0
0
0
0
0
0
0
0
0
0
0
0
0
0
0
0
0
0
0
0
0
0
0
0
0
0
0
0
0
0
0
0
0
0
0
0
0
0
0
0
0
0
0
0
0
0
0
0
0
0
0
0
0
0
0
0
0
0
0
0
0
0
0
0
0
0
0
0
0
0
0
0
0
0
0
0
0
0
0
0
0
0
0
0
0
0
0
0
0
0
0
0
0
0
0
0
0
0
0
0
0
0
0
0
0
0
0
0
0
0
0
0
0
0
0
0
0
0
0
0
0
0
0
0
0
0
7.45994e-16
0
0
0
0
0
0
0
4.09343e-16
0
0
0
0
0
0
0
0
0
0
0
0
0
0
0
0
0
0
0
0
0
0
0
0
0
0
0
0
0
0
0
0
0
0
-1.43493e-14
0
0
0
0
0
0
0
0
0
0
0
0
0
0
0
0
-1.53286e-14
-1.96058e-15
0
0
0
0
0
0
0
0
0
0
0
0
0
0
0
0
0
0
0
0
0
0
0
0
0
0
0
0
0
0
0
0
0
0
0
0
0
0
0
0
0
0
0
0
0
0
0
0
0
0
0
0
0
0
0
0
0
0
0
0
0
0
0
0
0
0
0
0
0
0
0
0
0
0
0
0
0
0
5.70227e-16
-1.74533e-15
0
0
0
0
2.11765e-14
1.74e-14
0
0
0
0
0
0
0
0
0
0
0
0
0
0
0
0
0
0
0
0
0
0
7.89356e-14
-7.69241e-14
0
0
0
0
0
0
0
0
0
0
0
0
0
0
0
0
0
0
0
0
0
0
0
0
0
0
0
0
0
0
0
0
0
0
0
0
0
0
0
0
0
0
0
0
0
0
0
0
0
0
0
0
0
0
0
8.11736e-14
0
0
0
0
0
0
0
0
0
0
0
0
0
0
0
0
0
0
0
0
0
0
0
0
0
0
0
0
0
0
0
0
0
0
0
0
0
0
0
0
0
0
0
0
0
0
0
0
0
0
0
0
0
0
0
0
0
0
0
0
0
0
0
0
0
0
0
0
0
0
0
0
0
0
0
1.96704e-14
0
0
0
0
0
0
0
0
0
0
0
2.31237e-14
0
0
0
0
0
0
0
0
0
0
0
0
0
0
0
0
-2.01356e-15
0
0
0
0
0
0
0
0
0
0
0
0
0
0
0
0
0
0
0
0
0
0
-1.92413e-15
0
0
0
0
0
0
0
0
0
0
0
0
0
0
0
0
0
0
0
0
0
0
0
0
0
0
0
0
0
0
0
0
0
0
0
0
0
0
0
0
0
0
0
0
0
0
0
0
0
0
0
0
0
0
0
0
0
0
0
0
0
0
0
1.99672e-15
0
0
0
0
0
0
0
0
0
0
0
0
0
0
0
0
0
0
0
0
0
0
0
0
0
0
0
0
0
0
0
0
0
0
0
0
0
0
0
0
0
0
0
0
0
0
0
0
0
0
0
0
0
0
0
0
0
0
0
0
0
0
0
0
0
0
0
0
0
0
0
0
0
0
0
0
0
0
0
0
0
0
0
0
0
0
0
0
0
0
0
0
0
0
0
0
0
0
0
0
0
0
0
0
0
0
0
0
0
0
0
0
0
0
0
0
0
0
0
0
0
0
0
0
0
0
0
0
0
0
0
0
0
0
0
0
0
0
0
0
0
0
0
0
0
0
0
0
0
0
0
0
0
0
0
0
0
0
0
0
0
0
0
0
0
-5.82736e-15
-2.70988e-15
0
0
0
0
0
0
1.02815e-15
0
0
0
0
0
0
0
0
0
0
0
0
0
0
0
0
0
0
0
0
0
0
0
0
0
0
0
0
1.7749e-14
0
0
0
0
0
0
0
0
0
0
0
0
0
0
0
0
0
0
0
0
0
0
0
0
0
0
0
0
-2.01718e-15
1.35355e-16
0
0
0
0
0
0
0
0
0
0
0
0
0
0
0
0
0
1.9652e-15
0
0
0
0
0
0
0
-5.59998e-15
0
0
0
0
0
0
0
0
0
0
0
0
0
0
0
0
0
0
0
0
0
0
0
0
0
0
0
0
0
0
0
0
0
0
0
0
0
0
0
0
0
0
0
0
0
0
0
0
0
0
3.42484e-16
0
3.0585e-15
0
0
0
0
0
0
0
0
0
0
0
0
0
4.90194e-14
0
0
0
0
0
0
0
0
0
0
0
0
0
0
0
0
0
0
0
0
0
0
0
0
0
0
0
0
0
0
0
0
0
0
0
0
0
0
0
0
0
0
0
0
0
0
0
0
0
0
0
0
0
0
0
0
0
0
0
0
0
0
0
0
0
0
0
0
0
0
0
0
0
-5.25289e-14
0
0
0
0
0
0
0
0
0
0
0
0
0
0
0
0
0
2.81712e-16
0
0
0
-4.6215e-16
0
1.13407e-15
0
0
0
0
0
0
0
4.42878e-15
0
0
0
0
0
0
0
0
0
0
0
0
0
0
0
0
0
0
0
0
0
-9.52853e-16
0
0
0
0
0
0
0
0
0
0
0
0
0
0
0
0
0
0
0
0
0
0
0
0
0
0
0
0
0
0
0
0
0
0
0
0
0
0
0
0
0
0
0
0
0
0
0
0
0
0
0
0
0
0
0
0
0
0
0
0
0
0
0
0
0
0
0
0
0
0
0
0
0
0
0
0
0
0
0
0
0
0
0
0
0
0
0
0
0
0
0
-1.69493e-14
0
0
0
0
0
0
0
0
0
0
0
-1.08344e-15
0
0
0
0
0
0
0
0
0
0
0
0
0
0
0
5.80158e-16
-7.75192e-16
0
0
0
0
0
0
0
0
0
0
0
0
0
0
0
0
-4.35804e-14
0
0
0
0
0
0
3.19905e-14
0
-2.17072e-14
0
0
0
0
0
0
0
0
0
0
0
0
0
0
0
0
0
0
0
0
0
0
0
0
0
0
0
0
0
0
0
0
0
0
0
0
0
2.89799e-14
4.15174e-15
0
0
0
0
0
0
0
0
0
0
0
0
0
0
0
0
0
0
0
0
0
0
0
0
0
0
0
0
0
0
0
5.22384e-16
0
8.72376e-15
0
0
0
0
0
0
0
0
0
0
0
0
0
0
0
0
-2.02642e-15
3.76263e-14
0
0
0
1.04027e-15
0
0
0
0
0
0
0
0
0
0
0
0
0
-1.36998e-15
0
0
0
0
0
0
0
0
0
0
0
0
0
0
0
0
0
0
0
0
0
0
0
0
0
0
0
0
0
0
0
0
0
0
0
0
0
0
0
0
0
0
0
0
0
0
0
0
0
0
0
0
0
0
0
0
0
0
0
0
0
0
0
0
0
0
0
0
0
0
0
0
0
0
0
0
0
0
0
0
0
0
-2.91769e-16
0
0
0
0
0
0
0
0
0
0
0
0
0
-3.2574e-14
0
0
0
0
0
0
-5.89811e-16
-1.17787e-14
0
0
0
0
0
0
0
0
0
0
0
0
0
0
0
0
0
0
0
0
-8.24411e-15
0
0
0
0
0
0
0
0
0
0
0
0
0
0
0
0
0
0
0
0
0
0
0
0
0
0
0
0
0
0
0
0
0
0
0
0
0
0
0
0
0
0
0
0
0
0
0
0
0
0
0
0
0
0
0
0
0
0
0
0
0
0
0
0
0
0
0
0
0
0
0
0
0
0
0
0
0
0
0
0
0
0
0
0
0
0
0
0
0
0
0
0
0
0
0
0
0
0
0
0
0
0
0
0
-8.16251e-30
0
0
0
0
0
0
0
0
0
0
0
0
0
0
0
0
0
0
0
0
0
0
0
0
0
0
0
0
0
0
0
0
0
0
0
0
0
0
0
0
0
0
0
0
0
0
0
0
0
0
0
0
0
0
0
0
0
1.24813e-16
0
0
4.58789e-14
0
0
0
0
0
0
0
0
0
0
0
0
0
0
0
0
0
0
0
0
0
0
0
0
0
0
0
0
0
0
0
0
0
0
0
0
0
0
0
0
0
0
0
5.30116e-15
0
0
0
0
0
0
0
0
0
0
0
0
0
-1.73362e-15
0
0
0
0
0
0
0
0
0
0
0
0
0
0
0
0
0
0
0
0
0
0
0
0
0
0
0
0
0
0
0
0
0
0
0
0
0
0
0
0
0
0
0
0
0
0
0
0
0
0
0
0
0
0
0
0
0
0
0
0
0
0
0
0
0
0
0
0
0
0
0
0
0
0
0
0
0
0
0
0
0
0
0
0
0
0
0
0
0
0
0
0
0
4.52324e-15
-1.447e-14
1.3464e-15
0
0
0
0
0
0
0
0
0
0
0
0
0
0
0
0
0
0
0
0
0
0
0
0
0
0
0
0
0
0
0
0
0
0
0
0
0
0
0
0
0
0
0
0
0
0
0
0
0
0
7.1628e-14
-1.46804e-13
0
0
0
0
0
0
0
0
0
0
0
0
0
0
2.75829e-16
0
0
0
0
0
0
0
0
0
0
0
0
0
0
0
0
0
0
0
0
0
5.92147e-16
-5.09598e-16
0
0
0
0
0
0
0
0
0
0
0
0
0
0
0
0
0
0
0
0
0
0
0
0
0
0
0
0
0
0
0
0
0
0
0
0
0
0
0
0
0
0
0
0
0
0
0
0
0
0
0
0
-4.32111e-14
0
0
0
0
0
0
0
0
0
0
0
0
0
0
0
0
0
0
0
0
0
0
0
0
0
0
0
0
0
0
0
0
0
0
0
0
0
0
0
0
0
0
0
0
0
0
0
0
0
0
0
0
0
0
0
0
0
0
0
0
0
0
0
0
0
0
0
0
0
0
0
0
0
0
0
0
0
0
0
0
0
0
0
0
0
0
0
0
0
0
0
0
0
0
0
0
0
0
0
0
0
0
0
0
0
0
0
0
0
0
0
0
0
0
0
0
0
0
0
0
0
0
0
0
0
1.80984e-14
0
0
0
0
0
0
0
0
0
0
0
0
0
0
0
0
0
0
0
0
0
0
0
0
0
0
0
0
0
0
0
0
0
0
0
0
0
0
0
0
0
0
0
0
0
0
0
0
0
0
0
0
0
0
0
0
0
0
-1.57371e-14
-6.06296e-14
0
0
0
0
0
0
0
0
0
0
0
0
0
-3.47833e-16
0
0
0
0
0
0
0
0
0
0
0
0
0
0
0
0
0
0
0
0
0
0
2.76117e-16
0
0
0
0
0
0
0
0
0
0
0
0
0
0
0
0
0
0
0
0
0
2.04897e-15
0
0
0
0
-1.3112e-16
0
0
0
0
0
0
0
0
0
0
0
0
0
0
0
0
0
0
0
0
2.94163e-16
0
0
2.75369e-15
-4.79767e-16
0
0
0
0
0
0
0
0
0
0
0
0
0
0
0
0
0
0
0
0
0
0
-7.2627e-14
0
0
0
0
0
0
1.35246e-14
0
0
0
0
0
0
0
0
0
0
0
0
0
0
0
0
0
0
0
0
0
0
0
0
0
0
0
0
0
0
0
0
0
0
0
0
0
0
0
0
0
0
0
0
0
0
0
0
0
0
0
0
0
0
0
0
0
0
0
2.05858e-30
0
0
0
0
0
0
0
0
0
0
0
0
0
0
0
0
0
0
0
0
0
0
0
0
0
0
0
0
0
0
0
0
0
0
0
0
0
0
0
0
0
0
0
0
0
0
0
0
0
0
0
0
0
0
0
0
0
0
0
0
0
0
0
0
0
0
0
0
0
0
0
0
0
9.89005e-16
0
0
0
0
0
0
0
0
0
0
0
0
0
0
0
0
0
0
0
0
0
0
0
0
0
0
0
0
0
0
0
0
0
0
0
0
0
0
0
0
0
0
0
0
0
0
0
0
0
0
0
0
0
0
0
0
0
0
0
0
0
0
0
0
0
0
0
0
0
0
0
0
0
0
0
0
0
-9.91654e-17
0
0
0
5.95125e-18
0
0
0
0
0
0
0
0
0
0
0
0
0
0
0
0
0
0
0
0
0
0
0
0
0
0
0
0
0
0
0
0
0
0
0
0
0
0
0
0
0
0
0
0
0
0
0
0
0
0
0
0
0
0
0
0
0
0
5.11047e-18
0
0
0
0
0
0
0
0
0
0
0
0
0
3.80589e-17
0
0
0
0
0
0
0
0
0
0
0
0
0
0
0
0
0
0
0
0
0
0
0
0
0
0
0
0
0
0
0
0
0
0
0
0
0
0
0
0
0
0
-1.4726e-14
0
0
0
3.51947e-14
0
0
0
0
0
0
0
0
0
0
0
0
0
-1.26159e-15
0
0
0
0
0
0
0
0
0
0
0
0
3.76347e-14
0
0
0
0
0
0
0
3.49166e-14
-1.3072e-28
0
0
0
0
0
0
0
0
0
0
0
-6.29008e-15
0
0
0
0
0
0
0
0
0
0
0
0
0
0
0
0
0
0
0
0
0
0
0
0
0
0
0
0
0
0
-3.45527e-14
-5.38491e-16
0
0
0
0
0
0
0
0
0
0
0
0
0
0
0
0
0
0
0
0
0
0
0
0
0
0
0
0
0
0
0
0
0
0
0
0
0
0
0
0
0
0
0
0
0
0
0
0
0
0
0
0
0
0
0
0
0
0
0
0
0
0
0
0
0
0
0
0
0
0
0
0
0
2.4367e-16
0
0
0
0
0
0
0
0
0
0
0
0
0
0
0
0
0
0
0
0
0
0
0
0
0
0
0
0
-3.43728e-16
8.11648e-17
0
0
0
0
0
0
0
0
0
0
0
0
0
0
0
0
0
0
0
0
0
0
0
0
0
0
0
-1.39077e-13
0
0
0
0
0
0
0
0
0
0
0
0
0
0
0
0
0
0
0
0
0
0
0
0
0
0
0
0
0
0
0
0
0
0
0
0
0
2.99717e-16
0
0
0
0
0
0
0
-2.13205e-14
0
0
0
0
0
0
0
0
0
0
0
0
0
0
0
0
0
0
0
0
0
0
0
0
0
0
0
0
0
0
0
0
0
0
0
0
0
0
0
0
0
0
0
0
0
-2.06112e-16
0
0
0
0
0
0
0
0
0
0
0
0
0
0
0
0
0
0
0
0
0
0
0
0
0
0
0
0
0
0
0
0
0
0
0
0
0
0
-1.59595e-16
0
0
0
0
0
0
0
0
0
0
0
0
0
0
0
0
0
0
0
0
0
-3.88646e-14
0
0
0
0
0
0
0
0
0
0
0
0
0
0
0
0
0
0
0
0
0
0
0
0
0
0
0
0
0
0
0
-6.00619e-16
0
0
0
0
0
0
0
-3.98108e-14
-1.80251e-14
0
0
0
0
0
0
0
0
0
0
0
0
0
0
0
-3.45808e-15
0
0
0
0
0
0
0
0
-3.51182e-15
0
0
0
0
0
0
0
0
0
0
0
0
0
0
0
0
0
0
0
0
0
0
0
0
0
0
0
0
0
0
0
0
0
0
0
0
0
-9.31573e-15
0
0
0
0
0
-9.55249e-16
0
0
0
0
0
0
0
0
0
0
0
0
0
0
0
0
0
0
0
0
0
1.15315e-13
-2.37988e-14
0
0
0
0
0
0
0
0
0
0
0
0
0
0
0
0
0
0
0
0
0
0
0
0
0
0
0
0
0
0
0
0
0
0
0
0
0
0
0
0
0
0
0
0
0
0
0
0
0
0
0
0
0
0
0
0
0
0
-3.26056e-16
1.91205e-14
0
0
0
0
0
0
0
0
0
0
0
0
0
0
0
0
0
0
0
0
0
0
0
0
0
0
0
0
1.64686e-29
2.80669e-14
0
3.95974e-14
0
0
0
0
0
0
0
0
0
0
0
0
0
0
0
0
0
0
0
0
0
0
0
0
0
0
0
0
0
0
0
0
0
0
0
0
0
1.77707e-14
0
0
0
0
0
0
0
0
0
0
0
0
0
0
0
0
0
0
0
0
0
0
0
6.22984e-17
0
0
0
0
0
0
0
0
0
0
0
0
0
0
0
0
0
0
0
0
0
0
0
0
0
0
0
0
0
0
0
0
0
0
0
0
0
0
0
0
0
0
0
0
0
0
0
6.50692e-18
0
0
0
0
0
0
0
0
0
0
0
0
0
0
0
0
-4.18443e-14
0
0
0
0
0
0
0
0
0
0
0
0
0
0
0
0
0
0
0
0
0
8.15368e-14
-3.52829e-15
3.03314e-14
0
0
0
0
0
0
0
-4.47322e-15
-8.51889e-15
0
0
0
0
0
0
0
0
0
0
0
0
0
0
0
0
0
0
0
0
0
0
0
0
0
0
1.07633e-15
-2.35388e-14
0
0
0
0
0
0
0
0
0
0
0
0
0
0
0
0
0
0
0
-4.53183e-15
0
0
0
0
0
0
0
0
0
0
0
0
0
0
0
0
0
0
0
0
0
0
0
0
0
0
0
0
0
0
0
0
0
0
0
0
0
0
0
0
0
0
0
0
0
0
0
0
0
0
0
0
0
0
0
0
0
0
0
0
0
0
0
0
0
0
0
0
0
0
0
0
0
0
0
0
0
0
0
0
0
0
0
0
0
0
0
0
0
0
0
0
0
0
0
0
0
0
0
0
0
-3.19706e-17
0
0
0
-1.16612e-14
7.88309e-14
0
0
0
0
1.25045e-15
-1.97393e-17
0
0
0
0
0
0
0
0
0
0
0
0
0
0
0
0
0
0
0
0
0
0
0
0
0
0
0
0
0
0
0
0
0
0
0
0
0
0
0
0
0
0
0
0
0
3.74637e-16
0
0
0
0
0
0
0
0
0
0
0
0
0
0
0
0
0
0
0
4.28915e-08
4.77157e-08
4.80639e-08
4.25433e-08
5.07598e-08
3.98475e-08
4.42483e-08
4.54594e-08
4.51479e-08
4.42175e-08
4.63898e-08
4.53036e-08
4.53036e-08
4.22742e-08
4.63661e-08
4.42411e-08
4.53036e-08
3.85621e-08
4.66354e-08
4.39719e-08
4.45722e-08
4.6035e-08
4.64105e-08
4.41967e-08
4.5746e-08
4.48612e-08
4.74984e-08
4.53698e-08
4.52374e-08
5.09698e-08
3.96374e-08
4.53036e-08
4.53036e-08
4.17596e-08
4.88476e-08
4.53036e-08
4.53036e-08
4.77643e-08
4.28429e-08
4.53036e-08
4.53036e-08
4.53036e-08
4.53036e-08
4.53036e-08
4.53036e-08
5.82127e-08
3.23945e-08
4.5518e-08
4.30013e-08
4.76059e-08
5.22553e-08
3.8352e-08
0
-3.72052e-14
0
0
0
0
0
0
0
0
4.02e-15
0
0
0
0
0
0
0
0
0
0
0
0
0
0
0
0
0
0
0
0
0
0
0
0
0
0
0
0
0
0
0
0
0
0
0
0
0
0
0
0
0
0
0
0
0
0
0
0
0
0
3.18419e-15
0
0
0
0
0
0
0
0
0
0
0
0
4.31124e-08
4.74949e-08
0
0
4.78065e-08
4.28007e-08
4.5314e-08
4.52933e-08
4.53036e-08
4.53036e-08
4.53036e-08
4.53036e-08
0
0
0
0
0
0
4.5002e-08
4.56052e-08
4.69077e-08
4.36995e-08
4.78591e-08
4.27481e-08
4.13916e-08
4.92156e-08
5.61539e-08
3.44533e-08
0
0
5.30239e-08
3.75833e-08
4.53036e-08
4.53036e-08
4.53036e-08
4.53036e-08
0
0
4.56008e-08
4.50064e-08
8.15217e-17
0
4.62296e-08
4.43777e-08
4.53036e-08
4.53036e-08
4.53036e-08
4.53036e-08
0
0
0
0
0
0
0
0
0
5.00667e-08
4.05405e-08
0
0
4.53036e-08
4.53036e-08
0
0
0
4.53036e-08
4.53036e-08
0
0
0
0
0
0
0
0
0
0
0
0
4.53036e-08
4.53036e-08
0
4.50817e-08
4.55256e-08
0
0
0
9.00117e-17
0
0
0
0
0
0
0
0
6.66405e-29
0
1.12952e-16
3.96016e-16
0
0
4.49378e-08
4.56694e-08
0
0
0
5.32418e-08
3.73654e-08
0
5.03935e-08
4.02137e-08
0
0
0
4.53658e-08
4.52415e-08
4.53036e-08
4.53036e-08
0
5.63103e-08
3.42969e-08
0
0
0
0
0
0
0
0
0
0
4.46309e-14
0
0
0
4.52474e-08
4.53599e-08
0
0
0
0
0
0
0
0
4.53036e-08
0
0
4.53036e-08
4.53036e-08
0
1.80303e-15
-1.77973e-15
0
6.06366e-08
2.99706e-08
0
0
1.36711e-14
4.3294e-08
4.73132e-08
4.53036e-08
4.53036e-08
0
0
5.19584e-08
3.86488e-08
0
0
0
0
0
0
0
0
0
0
0
0
0
5.8396e-08
3.22112e-08
0
0
0
0
5.4994e-08
3.56132e-08
4.53036e-08
4.53036e-08
0
0
0
0
0
0
0
0
0
0
4.96074e-08
4.09999e-08
0
0
0
4.53036e-08
4.53036e-08
0
0
0
0
0
4.37374e-08
4.68698e-08
0
0
0
0
5.82488e-08
3.23584e-08
0
0
0
0
0
0
0
0
0
4.53036e-08
4.53036e-08
0
0
4.53036e-08
4.53036e-08
0
0
0
0
0
0
0
0
0
0
0
-7.46049e-14
0
0
0
0
0
0
0
0
0
0
0
0
0
0
0
0
0
0
0
0
0
0
0
4.58789e-08
4.47284e-08
0
0
0
0
0
0
0
0
0
0
0
0
0
0
0
0
0
0
0
0
0
4.53036e-08
4.53036e-08
0
4.53036e-08
0
0
0
0
0
0
0
0
0
0
0
0
0
0
0
0
0
0
0
0
0
0
0
0
0
0
0
0
0
0
0
0
0
0
0
0
4.53036e-08
4.53036e-08
0
0
0
0
0
0
0
0
0
0
0
0
0
0
0
0
0
0
0
0
0
0
0
4.40306e-08
4.65766e-08
4.49661e-08
4.56411e-08
0
0
0
0
0
0
0
0
0
0
0
0
0
0
0
0
0
-1.38409e-14
0
0
0
0
0
0
-3.68124e-15
1.51857e-14
4.40802e-08
4.6527e-08
0
0
0
0
0
0
0
0
0
0
0
0
0
0
0
0
0
0
0
0
0
0
0
0
0
0
0
0
-1.78886e-16
0
0
0
0
0
0
0
0
4.47208e-08
4.58864e-08
4.53036e-08
4.53036e-08
0
0
0
0
0
0
0
0
0
0
0
0
0
0
0
0
0
0
-1.12074e-14
0
0
5.94497e-14
0
0
0
0
0
0
0
0
0
0
0
0
0
0
0
0
0
0
0
0
0
0
0
0
0
0
0
0
0
0
0
0
0
0
0
0
0
4.65375e-08
0
0
0
0
0
0
0
3.54747e-08
5.51325e-08
0
0
0
0
0
0
0
0
0
0
0
0
0
0
0
0
0
0
0
0
0
0
0
0
0
0
1.04123e-14
-2.74751e-15
0
0
0
0
0
0
0
0
0
0
0
0
0
0
0
8.98103e-15
-2.6923e-14
0
0
-2.27185e-15
0
0
0
0
0
0
0
3.92714e-08
0
-1.97667e-14
0
0
0
0
0
0
0
0
0
0
0
0
0
0
0
0
0
0
0
0
0
0
0
0
0
0
0
3.79925e-14
0
0
0
0
0
0
0
0
0
0
0
0
0
0
0
0
0
0
0
-2.33284e-14
0
0
0
0
0
0
0
0
4.68057e-08
4.38015e-08
0
0
0
0
0
0
0
0
0
0
0
0
0
0
0
0
0
0
0
0
0
0
0
0
0
0
0
0
0
0
4.1487e-08
0
0
0
0
0
0
0
0
0
0
0
0
0
0
0
-1.68735e-15
-4.12383e-15
2.89758e-14
-3.61604e-14
0
0
0
0
0
5.89696e-14
3.74429e-15
0
0
0
0
0
0
0
0
0
0
0
0
0
0
0
0
0
0
0
0
-7.17241e-15
2.20326e-14
0
0
0
0
0
4.86537e-08
4.19535e-08
0
0
2.55328e-31
0
0
0
0
0
0
1.32865e-16
-8.08071e-16
0
0
0
0
0
0
0
0
0
0
0
0
0
0
0
0
0
1.5958e-32
0
0
0
0
0
0
0
0
0
0
0
0
0
0
0
0
0
0
0
0
0
0
0
0
0
0
0
0
0
0
0
0
0
0
0
0
0
0
0
0
0
4.53036e-08
4.53036e-08
4.32778e-08
4.73294e-08
0
0
0
0
0
0
0
0
0
0
0
0
0
0
0
0
0
0
0
0
0
4.41826e-08
4.64246e-08
0
0
0
0
0
0
0
0
0
0
0
0
0
0
-2.34835e-14
-1.04917e-14
0
0
0
0
0
0
0
0
0
0
0
0
0
0
0
0
0
0
0
0
0
0
0
0
0
0
0
0
0
0
0
0
0
0
0
0
0
0
0
0
0
0
0
0
8.39916e-16
3.84398e-15
0
0
0
0
0
0
0
0
0
0
0
-7.73032e-15
0
0
0
0
0
0
0
0
7.3058e-16
0
0
3.56997e-14
0
0
0
6.87108e-16
0
6.20087e-14
7.2167e-15
0
0
0
0
0
0
0
-1.14247e-15
0
0
0
0
0
0
0
0
0
0
0
0
0
0
0
0
0
0
0
0
0
0
0
0
0
0
0
0
0
0
0
0
0
0
0
0
0
0
0
0
0
0
0
0
0
0
0
0
0
0
2.48977e-16
0
0
-4.23648e-16
0
0
0
0
0
0
0
0
0
0
0
0
0
0
0
0
0
0
0
0
0
0
0
0
0
0
0
0
0
0
0
4.37394e-08
4.68678e-08
0
0
0
0
0
0
0
0
0
0
0
0
0
0
0
0
0
0
-4.25799e-15
-1.81631e-17
0
0
0
0
0
0
0
0
0
0
0
0
0
0
0
-3.8735e-14
0
0
0
0
0
0
0
0
0
0
0
0
4.26712e-15
0
0
0
0
0
0
0
0
0
0
0
0
0
0
0
0
0
0
0
0
0
0
0
0
0
0
0
0
0
0
0
0
0
0
0
0
0
0
0
0
0
0
0
0
0
0
0
0
0
0
0
0
0
0
0
0
0
0
0
0
0
0
0
0
0
0
0
0
0
0
0
0
0
3.63161e-15
0
0
0
0
0
0
0
0
0
0
0
0
0
0
0
0
0
0
0
0
0
0
0
0
0
0
0
0
0
3.02187e-17
0
-5.61345e-15
0
0
0
0
0
0
0
0
0
3.25543e-29
-2.44953e-16
-2.13377e-14
0
0
0
0
0
0
0
0
0
0
0
0
0
0
0
0
0
0
0
0
0
0
0
0
0
0
0
0
0
0
0
0
4.53036e-08
4.53036e-08
0
0
0
0
0
-4.27562e-15
0
0
0
0
0
0
0
0
0
0
0
0
0
0
0
0
0
0
0
0
0
0
0
0
0
0
0
0
0
0
0
0
0
0
0
0
0
0
0
0
0
0
0
0
0
0
0
4.38738e-08
4.67334e-08
0
0
0
0
0
0
0
0
0
0
0
0
0
0
0
0
0
0
0
0
0
0
0
0
0
0
0
0
0
0
0
0
0
0
0
0
0
0
0
0
0
0
0
0
0
0
0
0
0
0
0
0
0
0
0
0
0
0
0
0
0
0
0
0
0
0
0
0
0
0
0
0
0
0
0
0
0
0
0
-1.19996e-15
0
0
2.22427e-14
0
0
0
-2.84158e-14
0
0
0
0
0
0
0
0
0
0
-3.41231e-16
-4.18829e-16
0
0
0
0
0
0
0
0
0
0
0
0
0
0
0
0
0
0
0
0
1.29122e-14
0
0
0
0
0
0
0
0
0
0
0
0
0
0
-5.74487e-31
0
0
0
0
0
0
0
0
0
0
0
0
0
0
0
0
9.08681e-16
0
-2.34391e-15
0
0
0
0
0
0
0
-6.58745e-29
-3.79777e-14
0
0
0
0
0
0
0
0
0
0
0
0
0
0
0
0
0
0
0
0
0
0
2.12734e-14
5.5423e-08
3.51842e-08
0
0
0
0
0
0
0
0
0
0
0
0
0
0
0
0
0
0
0
0
0
0
0
0
0
0
0
0
0
0
0
0
0
0
0
0
0
0
0
0
0
0
0
0
0
0
4.35588e-08
4.70484e-08
0
0
0
0
0
0
0
0
0
-1.18799e-14
0
0
0
0
0
0
0
0
0
0
0
1.69834e-16
-1.15808e-16
0
0
0
0
0
0
0
0
0
0
0
0
0
0
0
0
0
0
0
0
0
0
0
0
0
0
0
0
0
0
0
0
0
0
0
0
0
0
0
0
0
0
0
0
0
0
0
0
-1.22638e-16
-4.00353e-17
0
0
0
0
0
0
0
0
0
0
0
0
0
0
0
0
0
0
0
0
0
0
0
0
0
-7.99213e-15
-5.59436e-14
0
0
0
0
0
0
0
0
0
0
0
0
7.48964e-15
-2.71622e-14
0
0
0
0
0
0
0
0
0
0
0
0
0
0
0
0
0
0
0
0
0
0
0
0
0
0
8.02617e-17
0
0
0
4.53036e-08
4.53036e-08
0
1.35839e-15
-5.83499e-15
0
0
0
0
0
0
0
0
0
-1.74301e-14
0
0
0
0
0
0
0
0
0
0
0
0
0
0
0
0
0
0
0
0
0
0
0
0
0
0
0
0
0
0
0
0
0
0
0
0
0
0
0
0
0
0
0
0
0
0
0
0
0
0
0
0
0
0
0
0
0
0
0
0
0
0
0
0
0
0
0
0
0
0
0
0
0
0
0
0
0
0
0
0
0
0
0
0
0
0
0
0
0
0
0
0
0
-2.97495e-14
0
3.02653e-14
-5.22157e-15
0
0
0
0
0
0
0
0
0
0
0
0
0
0
0
0
0
0
0
0
0
0
0
0
0
0
0
0
0
0
0
0
0
0
0
0
0
0
0
0
0
0
0
0
0
0
0
0
0
0
0
0
0
0
0
0
0
0
0
0
0
0
0
0
0
0
0
0
0
0
0
0
0
0
0
0
0
0
0
0
1.29152e-15
0
0
0
0
0
0
0
0
0
0
0
0
0
0
0
0
0
0
0
0
0
0
0
0
0
0
0
0
0
0
4.8244e-17
-8.50907e-18
0
0
0
0
0
0
0
0
0
0
0
0
0
0
0
0
0
0
0
0
0
0
0
0
0
0
0
0
1.04479e-15
0
0
0
0
0
0
0
0
0
0
0
0
0
0
0
0
0
0
0
0
0
-8.51721e-16
0
0
0
0
0
0
0
0
0
0
0
0
0
0
0
0
0
0
0
7.03583e-16
6.27587e-16
0
0
0
0
0
0
0
0
0
0
0
0
0
0
0
0
0
0
0
0
0
0
0
0
0
0
0
0
0
0
0
0
0
0
0
0
0
0
0
0
0
0
0
0
0
0
0
0
0
0
0
0
0
0
0
0
0
0
0
0
0
0
0
0
0
0
0
0
0
0
-4.4249e-15
0
0
0
0
0
0
0
0
0
0
0
0
0
0
0
0
0
0
0
0
0
0
0
0
0
0
0
0
0
0
0
0
0
0
0
0
0
0
0
0
0
0
0
0
0
0
0
0
0
0
0
0
0
0
0
0
0
0
0
0
0
0
0
0
0
0
0
0
0
0
0
0
0
0
0
0
0
0
0
0
0
0
0
0
0
7.02253e-14
0
0
0
0
0
0
0
0
0
0
0
0
0
0
0
0
0
-9.88602e-16
0
0
0
0
0
0
0
0
0
0
0
0
0
0
0
0
0
0
0
0
0
0
0
0
0
0
5.14645e-31
0
0
0
0
0
0
0
0
0
0
0
0
0
0
0
0
0
0
0
0
0
0
0
0
0
0
0
1.14989e-16
0
0
0
0
0
0
1.34566e-15
0
0
0
0
0
0
0
0
0
0
0
0
0
0
0
0
0
0
0
0
0
0
9.1318e-17
2.30374e-16
0
0
0
0
0
0
1.08181e-15
0
0
0
0
0
0
0
0
0
0
0
0
0
0
0
0
0
0
0
0
0
0
0
0
2.32796e-16
0
-3.49786e-14
-2.88876e-15
0
0
0
0
0
0
0
0
0
0
0
0
0
0
4.61874e-08
4.44199e-08
0
0
0
0
0
0
0
0
0
0
0
0
0
0
0
0
0
0
0
0
0
0
0
0
0
0
0
0
0
0
0
0
0
0
0
0
0
0
0
0
0
0
0
0
0
0
0
0
0
0
0
0
0
0
0
0
-6.21791e-16
0
0
-5.01206e-14
0
0
0
-1.71699e-14
0
0
0
0
0
0
0
0
0
0
0
0
0
0
0
0
0
0
0
-9.08138e-15
3.9257e-16
0
2.02172e-14
0
0
0
0
0
2.48305e-16
0
0
0
0
0
0
0
0
0
0
0
0
0
0
0
0
0
0
0
0
0
-6.00689e-16
-1.62771e-29
-2.24898e-16
0
0
0
0
0
0
-4.07208e-14
0
0
0
0
0
0
0
0
0
0
0
0
0
0
0
0
0
0
0
0
0
0
0
0
0
0
0
0
0
0
0
0
0
0
0
2.4813e-14
-5.07382e-14
0
0
1.74621e-14
0
0
0
0
0
-5.09604e-16
0
0
0
0
0
0
0
0
0
0
0
0
0
0
0
0
0
0
0
0
0
0
0
2.29444e-16
0
0
0
0
0
0
0
0
0
0
0
0
0
0
0
0
6.17966e-16
0
0
0
0
0
1.11937e-15
1.9842e-15
5.79602e-08
3.2647e-08
0
0
0
0
0
3.19224e-15
0
0
0
0
0
0
0
0
0
0
0
0
0
0
0
0
0
0
-3.89983e-16
-2.4674e-16
9.44834e-17
0
3.86557e-16
-1.33824e-14
0
0
0
0
0
0
0
0
0
0
2.30784e-16
-1.38169e-16
0
0
0
0
0
0
0
4.66076e-08
4.39996e-08
0
0
0
0
0
0
2.20817e-16
3.8e-15
0
-3.59625e-15
0
0
0
0
-1.06195e-14
0
0
0
0
0
0
0
0
0
0
0
0
0
0
0
0
0
0
0
0
0
0
0
0
0
0
0
0
0
0
0
0
0
0
0
0
0
0
0
0
0
0
0
0
0
0
0
0
0
0
0
0
0
0
0
0
0
0
0
0
0
0
0
0
0
0
0
0
0
0
8.07487e-16
0
0
0
0
0
0
0
0
0
0
0
0
0
0
0
-4.83866e-16
0
0
0
0
0
0
0
2.36601e-16
0
0
0
0
0
0
0
0
0
3.02619e-16
0
0
0
0
0
0
0
0
0
0
0
0
0
0
0
0
0
2.28519e-16
0
0
0
2.63343e-14
5.16808e-08
3.89264e-08
3.43281e-14
0
0
0
0
0
0
0
0
0
0
0
0
0
0
0
0
0
0
0
0
0
0
0
0
0
0
0
0
0
0
0
0
0
0
1.73325e-14
0
0
0
0
0
0
0
0
0
0
0
0
0
0
0
0
0
0
0
0
0
0
0
0
0
0
1.12638e-16
0
0
0
0
2.64983e-14
0
0
0
0
0
0
0
0
0
0
0
0
0
0
0
0
0
0
0
0
0
0
0
0
0
0
0
0
0
0
0
0
0
0
0
0
0
0
0
0
0
0
0
0
0
0
0
0
5.89883e-16
0
0
0
0
0
0
0
0
0
0
0
0
0
0
0
-2.52364e-14
0
0
0
0
0
0
4.41527e-08
4.64545e-08
0
0
0
0
0
0
0
0
-7.30145e-16
0
0
0
0
0
0
0
0
0
0
0
0
0
0
0
0
0
0
0
0
0
0
0
0
0
-8.266e-14
0
0
0
-5.96951e-14
0
0
0
2.31826e-16
4.09919e-15
2.37976e-14
0
0
0
0
0
0
0
0
0
0
0
6.11623e-15
0
0
0
-3.16246e-16
0
0
0
0
0
0
0
0
0
0
0
0
0
0
0
0
0
0
0
0
0
0
0
0
0
0
0
0
0
0
0
0
0
0
0
0
0
0
0
0
0
0
0
0
0
8.77493e-14
8.07474e-30
1.97399e-15
0
0
0
0
0
0
0
0
0
0
0
0
0
0
0
0
0
0
0
0
0
0
0
0
0
-2.15622e-14
-3.16731e-14
0
0
0
0
0
0
0
0
0
0
0
0
0
0
-3.79794e-16
0
0
0
0
0
0
0
0
0
0
0
0
0
0
0
0
0
0
0
0
0
0
-3.21713e-29
-1.9939e-14
0
0
0
0
0
0
0
0
0
0
0
0
0
0
0
0
0
0
0
0
0
0
0
6.43095e-16
0
0
0
0
0
0
0
0
0
0
0
0
0
0
0
0
0
0
0
0
0
0
0
0
0
0
0
0
0
0
0
0
0
0
0
0
0
0
0
0
0
0
0
0
0
0
0
0
0
0
0
0
0
0
0
0
0
0
0
0
0
0
0
0
0
0
0
0
0
0
0
0
0
0
0
0
0
0
0
0
0
0
0
0
0
0
0
0
0
0
0
0
0
0
0
0
0
0
0
0
0
0
0
0
0
0
0
0
0
0
0
0
0
0
0
0
0
0
0
0
0
0
-3.07987e-14
4.71664e-15
0
0
0
0
0
-1.73961e-18
0
0
0
0
0
0
0
0
0
0
0
0
0
0
0
0
0
0
0
0
0
0
0
0
-8.3693e-17
0
0
0
0
0
0
0
0
0
0
0
0
0
0
0
0
0
0
0
0
0
0
-2.6997e-16
0
0
0
0
0
0
0
0
0
0
0
0
0
0
0
0
0
0
0
0
0
0
0
0
0
-1.23823e-13
-4.53036e-08
0
0
0
0
0
0
0
0
0
0
0
0
-1.25439e-16
0
0
0
0
0
0
0
0
0
0
0
0
0
0
0
0
0
0
0
0
0
0
0
0
0
0
0
0
0
0
0
0
0
0
0
0
-1.38693e-16
8.19168e-19
0
0
0
0
0
0
0
0
0
0
0
-4.19735e-14
0
0
0
0
0
0
0
0
0
-5.64049e-15
0
0
0
0
0
0
0
0
0
0
0
0
0
0
0
0
-3.25896e-14
0
0
0
0
0
0
-4.53036e-08
0
0
0
0
0
0
0
0
0
0
0
0
0
0
0
0
0
0
2.51851e-16
0
0
0
0
0
0
3.43793e-16
0
-3.09196e-15
0
0
0
0
0
0
0
0
0
0
0
0
0
0
0
0
0
0
0
0
0
0
0
0
0
0
1.60119e-14
-9.76153e-16
0
0
0
0
0
0
0
0
0
0
0
0
0
0
0
0
0
0
0
0
-9.74667e-15
0
0
0
0
0
4.53036e-08
0
0
0
-1.10432e-14
0
0
0
0
0
0
0
0
0
0
5.92859e-15
1.50314e-15
0
0
0
0
4.28209e-15
0
0
0
0
0
0
0
0
0
0
0
0
0
0
0
0
0
0
0
0
0
0
-7.31511e-17
0
0
0
-4.53036e-08
0
0
0
0
0
0
0
0
-2.6551e-14
0
0
0
0
0
0
0
0
0
0
0
0
0
0
0
0
0
0
0
0
0
0
3.31926e-29
0
0
0
0
0
0
0
0
0
0
0
0
0
0
0
0
0
0
0
0
0
0
0
0
0
0
0
0
0
0
0
0
0
0
0
0
0
0
0
0
0
0
0
0
0
0
0
0
0
0
0
0
0
0
0
0
0
0
0
0
0
0
0
0
0
0
0
0
0
-1.23567e-15
0
0
0
0
0
0
0
0
0
0
0
0
0
0
0
0
0
0
0
0
0
0
0
0
0
0
0
0
0
0
0
0
0
0
0
0
0
0
0
0
0
0
0
0
0
0
0
0
1.72693e-15
0
0
0
0
0
0
0
0
0
0
0
0
0
0
0
3.50412e-16
0
0
0
0
0
0
0
0
0
0
0
0
0
0
0
0
0
0
0
0
0
0
0
0
0
0
0
0
0
-4.16012e-16
0
0
0
6.046e-14
0
0
0
0
3.87925e-16
0
0
0
0
0
0
0
0
0
0
0
-2.11064e-16
0
0
0
0
0
0
0
0
0
0
0
0
0
0
0
0
0
0
0
0
0
0
0
0
0
0
0
0
0
0
0
0
0
0
0
0
0
0
0
0
0
0
0
0
0
0
0
0
0
0
0
0
0
0
0
0
0
0
0
0
0
0
0
0
-9.81025e-16
0
0
0
0
0
0
0
0
0
0
0
1.09857e-16
0
0
0
0
0
-4.01299e-08
0
0
0
0
0
0
0
0
0
0
0
0
3.71504e-14
0
0
0
0
0
0
0
0
0
0
0
0
1.94242e-15
0
0
0
0
0
0
0
0
0
0
0
0
0
0
0
0
0
0
0
0
0
0
0
0
0
0
0
0
0
0
0
0
0
0
0
0
0
1.03331e-15
0
0
0
0
-9.84295e-17
0
2.46679e-15
-2.36961e-15
0
-5.04773e-08
0
-7.85008e-08
0
0
0
0
0
0
0
0
0
0
0
0
0
0
0
-3.95971e-08
2.15494e-16
0
0
0
0
0
0
0
-1.28661e-31
0
0
0
0
0
0
0
0
0
0
0
0
0
0
0
0
0
0
0
0
0
0
0
0
0
0
0
0
1.26058e-15
-1.60705e-15
0
0
0
0
0
0
0
0
0
0
0
0
0
0
0
0
0
0
0
0
0
0
0
0
0
0
0
0
0
0
0
0
0
0
0
0
0
3.34316e-16
-1.04955e-15
0
0
0
0
0
0
-4.16015e-14
-3.50591e-15
0
0
0
0
0
0
0
0
0
0
0
0
0
0
0
0
0
0
0
0
0
0
0
0
0
0
0
0
0
0
0
0
0
-2.06194e-16
0
0
0
0
0
0
0
0
0
0
0
0
0
4.45226e-16
0
0
-1.13138e-14
0
0
0
0
0
-7.8908e-15
0
0
0
0
0
4.03986e-14
-1.74089e-14
0
0
0
0
0
0
0
0
0
0
-5.10102e-08
0
0
3.47229e-16
0
0
0
0
0
0
0
0
0
0
0
0
0
0
0
0
0
0
0
0
0
0
0
0
0
0
0
0
0
0
0
0
0
0
0
0
0
0
0
-4.8789e-08
0
0
0
0
0
0
0
0
0
0
0
0
0
0
0
0
0
0
0
-1.56194e-14
0
0
0
0
0
0
0
0
0
9.03815e-14
-6.84843e-14
0
0
0
0
0
0
0
0
0
-4.11344e-16
0
0
0
0
0
0
0
0
0
0
0
0
0
0
0
0
0
0
0
0
0
0
0
0
0
0
0
0
-1.1889e-16
0
0
0
0
0
0
0
0
0
0
0
0
0
0
0
0
0
0
0
0
0
0
1.07739e-16
0
3.42155e-16
0
-8.54909e-16
0
0
0
0
0
0
0
0
-4.33356e-08
0
0
0
0
0
0
0
0
0
0
0
0
0
0
-2.31346e-14
0
0
0
0
0
0
0
0
0
0
0
0
-4.72717e-08
0
0
0
0
0
0
0
0
0
0
0
0
0
0
0
0
0
0
0
0
0
0
0
0
0
9.26741e-15
0
-6.44786e-14
0
0
0
0
0
0
0
0
0
0
0
0
0
0
0
0
0
0
0
0
0
0
0
0
0
0
0
0
0
0
0
-7.83814e-15
0
3.42423e-15
0
0
0
0
0
0
0
1.35591e-17
2.45715e-14
0
0
0
0
0
0
0
0
0
0
0
0
-3.36386e-08
-4.55186e-08
0
1.26992e-16
0
0
0
-8.8088e-30
0
0
0
0
0
0
0
-3.88022e-16
0
0
-3.28866e-08
0
0
0
0
0
0
0
0
0
0
0
0
0
0
0
0
0
5.46995e-16
0
0
0
0
0
0
0
0
0
0
-5.77206e-08
0
0
0
0
0
0
0
0
0
0
0
0
0
0
0
0
0
0
0
0
0
0
0
0
0
0
0
2.18049e-15
-3.05344e-16
0
0
0
-4.53036e-08
0
0
0
0
0
0
0
0
0
0
0
0
0
0
0
0
0
0
0
0
0
0
0
-1.19569e-14
0
0
0
0
0
0
0
0
0
7.48941e-16
0
0
0
0
0
0
0
0
0
0
0
0
0
0
0
0
0
0
0
0
0
0
0
0
-1.0144e-16
0
0
0
0
0
0
0
0
0
0
0
0
0
0
0
0
0
0
0
0
0
0
0
0
0
0
0
0
0
0
0
0
0
0
0
0
0
0
0
0
0
0
0
5.69358e-17
0
0
0
-4.55217e-08
0
0
0
0
0
0
0
0
0
0
0
0
0
0
0
0
0
0
0
0
0
0
0
0
0
0
0
0
0
0
0
0
0
0
0
0
0
0
0
0
0
0
1.65177e-15
0
0
0
0
0
0
0
0
0
0
0
0
0
0
0
0
0
0
-4.09731e-08
0
0
4.18182e-08
0
-4.53036e-08
2.27736e-16
0
0
0
0
0
0
0
0
0
0
0
0
1.63214e-15
0
-4.96341e-08
0
0
0
0
0
0
0
0
0
0
0
0
0
0
0
0
0
0
-5.07672e-08
0
0
0
0
0
0
7.46588e-15
0
0
0
0
0
0
0
0
0
0
1.96754e-16
0
0
0
0
0
0
0
0
0
0
0
0
0
0
0
0
0
0
0
0
0
0
0
0
0
0
0
0
0
0
0
0
0
0
0
0
-3.50368e-14
0
0
0
0
0
-2.41805e-15
0
0
0
0
0
0
0
0
0
-3.984e-08
0
0
0
0
0
0
0
0
0
0
0
0
0
0
0
0
0
-5.17083e-08
0
0
0
0
0
0
0
0
-2.07912e-14
0
0
0
0
0
0
-1.13393e-14
-3.8899e-08
0
0
0
0
0
0
0
0
0
0
0
0
0
0
0
0
0
0
0
0
0
0
0
0
0
0
0
0
0
0
0
0
0
0
0
0
0
0
0
-3.14145e-15
0
0
0
0
0
0
0
0
0
0
0
0
0
0
-2.15594e-16
1.0609e-16
0
0
0
0
0
0
0
0
0
0
0
0
0
1.32362e-14
0
0
0
0
0
0
0
0
0
0
0
-4.29381e-08
0
0
0
1.08324e-16
0
0
0
0
0
0
0
0
0
0
0
0
0
0
0
0
0
0
0
0
0
0
5.22082e-16
0
0
0
0
0
0
0
0
0
0
-1.32628e-15
0
0
0
0
0
0
0
0
0
0
0
0
0
0
0
0
0
0
0
0
0
0
0
3.86227e-14
0
0
0
0
0
0
0
0
0
0
0
0
0
0
0
-9.4443e-17
-1.07543e-16
0
0
0
-6.70794e-14
0
0
0
-3.80263e-15
0
0
0
0
0
0
0
0
0
0
0
0
0
0
0
0
0
1.70958e-15
1.27467e-14
0
0
0
0
0
0
0
0
0
2.83636e-14
0
0
0
0
0
0
0
0
0
0
0
0
0
0
0
0
-4.31027e-08
0
0
0
0
0
0
0
0
5.82452e-15
0
0
0
0
0
0
0
0
0
0
0
0
0
0
0
0
0
0
0
0
0
1.45572e-16
0
0
0
0
0
0
0
0
0
0
0
0
0
0
0
0
0
0
0
0
0
0
0
0
0
0
0
-4.07068e-08
0
-4.15719e-08
0
0
0
0
0
-2.84637e-15
0
0
0
0
0
0
0
0
0
0
-4.75045e-08
0
0
0
0
0
0
0
0
0
0
0
2.00089e-14
0
0
0
0
0
0
0
0
0
0
-6.05652e-15
0
0
0
0
0
0
0
-4.56055e-08
0
0
0
0
0
0
-4.67656e-08
0
0
0
6.79206e-14
0
-5.53381e-08
0
0
0
0
-4.48173e-08
0
0
0
0
0
0
-4.38416e-08
0
0
0
0
0
0
0
-3.19581e-14
-2.22245e-16
0
0
0
0
-4.57899e-08
0
0
0
0
0
0
0
0
0
0
0
1.39539e-14
0
0
0
0
1.71356e-15
0
0
0
0
0
0
-4.99004e-08
0
0
0
0
4.50886e-08
0
0
0
0
0
0
0
0
0
0
0
0
-4.53036e-08
0
3.7331e-16
0
0
0
0
0
0
0
0
0
0
0
0
0
0
0
0
0
0
0
0
0
0
0
0
0
0
0
0
0
0
0
0
0
0
0
0
0
0
0
0
0
0
0
0
0
0
0
0
0
0
0
0
0
0
0
0
0
0
0
0
-4.88057e-14
0
0
0
0
0
0
0
0
0
0
0
0
3.25004e-16
0
0
0
0
-8.07518e-15
0
0
0
0
0
0
0
0
0
0
0
0
0
0
0
0
-1.93806e-16
0
0
0
0
2.58238e-16
1.63561e-16
0
0
0
0
0
1.98367e-16
3.67405e-16
0
0
0
1.52051e-14
0
0
0
0
2.50153e-16
0
0
0
0
0
0
0
0
0
0
0
0
0
0
0
0
0
0
0
0
0
0
0
0
0
0
0
-2.60072e-15
0
9.66732e-15
0
0
0
0
0
0
-2.78849e-16
0
2.39846e-16
0
0
0
0
0
0
0
0
0
0
0
0
0
0
0
0
0
0
0
-4.53036e-08
0
0
-5.3921e-16
0
0
0
0
0
0
0
0
0
0
0
0
0
0
0
0
0
0
0
0
0
0
5.02907e-08
0
0
0
0
0
0
-1.22557e-29
0
0
0
0
0
0
0
0
0
0
0
0
0
0
0
0
0
0
0
0
0
0
0
0
0
0
0
0
0
0
0
0
0
0
0
0
0
0
0
0
0
0
0
0
0
0
0
0
0
0
0
0
0
4.50856e-08
-1.63122e-15
0
0
0
0
0
0
0
0
0
0
0
0
0
0
0
0
0
0
0
0
0
0
0
0
0
0
0
0
0
-3.99427e-16
-2.05129e-16
2.59442e-16
0
0
0
0
0
0
-4.9453e-17
0
0
0
0
0
0
0
0
0
0
0
0
0
-2.56318e-14
0
0
0
0
0
0
0
0
0
0
0
0
0
0
0
0
0
0
0
0
0
0
-1.44178e-15
0
0
0
0
0
0
0
-2.91428e-16
0
0
0
0
0
0
0
0
0
0
0
0
0
-2.89764e-14
0
0
0
0
0
0
0
0
0
0
0
0
0
0
0
0
0
-4.76691e-08
0
0
-2.78136e-14
2.06242e-14
2.99389e-16
0
0
0
0
0
0
0
0
0
0
7.51029e-15
-1.56979e-14
0
0
0
0
0
0
0
0
0
0
0
1.56203e-15
0
0
0
0
0
0
0
0
0
0
0
0
0
0
0
0
4.06654e-14
0
0
0
0
0
0
0
0
0
0
0
0
0
0
0
0
0
0
0
0
0
0
0
0
0
0
0
0
0
0
0
0
0
0
0
0
0
0
0
0
0
0
0
0
0
0
0
0
0
0
1.85018e-14
0
0
0
0
0
0
0
0
0
0
0
0
0
0
0
0
0
0
0
0
0
0
0
0
0
0
0
0
0
0
0
0
0
0
3.17774e-14
0
0
0
0
0
0
0
0
0
0
0
0
0
0
0
0
0
0
0
0
0
9.18953e-16
0
0
0
0
0
0
-6.72485e-17
0
0
0
0
0
0
0
0
0
0
0
4.93833e-15
-7.48403e-15
0
0
0
0
0
0
0
0
0
0
0
0
0
0
0
0
0
0
0
0
0
0
0
0
0
0
0
0
0
5.22026e-17
0
0
0
0
0
0
5.64179e-14
0
0
0
0
0
0
0
0
0
0
0
0
0
-5.02907e-08
0
0
0
0
0
0
6.6049e-17
-2.238e-16
0
0
0
0
0
2.57181e-15
0
0
0
0
0
0
0
0
0
4.0809e-14
0
0
0
0
0
0
0
0
0
0
0
0
0
0
0
0
0
0
0
0
0
0
0
0
0
0
0
0
0
0
0
0
0
0
0
0
0
-3.68199e-15
0
0
0
0
0
0
0
0
0
0
0
0
0
0
0
0
0
0
0
0
0
0
0
0
0
0
0
0
0
0
0
0
0
0
0
0
0
0
0
0
0
0
0
0
0
0
0
0
0
-1.13907e-16
0
0
0
0
2.1512e-14
0
0
0
0
0
0
0
0
0
0
0
0
0
0
0
0
0
0
0
0
0
0
0
0
0
0
0
0
0
0
0
0
0
0
2.61612e-14
0
0
0
0
0
0
0
0
0
0
0
0
-1.06286e-16
0
0
0
0
0
0
0
0
2.30258e-17
0
0
0
0
3.11274e-14
0
0
0
0
0
0
0
1.15662e-14
0
0
0
0
2.62476e-15
0
0
0
-3.72076e-16
0
0
0
0
0
0
0
0
0
0
0
0
0
0
0
0
0
2.30761e-16
0
0
0
0
0
0
0
0
1.74266e-14
0
0
0
0
0
0
0
0
0
0
0
0
0
0
0
0
0
0
0
0
0
0
0
0
2.51316e-14
8.67242e-15
0
0
0
0
0
0
0
0
1.62958e-16
6.36462e-17
0
0
0
0
0
0
0
-1.97488e-16
0
0
0
0
0
0
0
0
0
0
0
0
0
0
0
0
0
0
0
0
0
0
0
0
0
0
0
0
0
0
0
0
0
0
0
0
0
0
0
0
0
0
0
0
0
0
0
0
0
0
0
0
0
0
0
0
-2.21272e-16
0
0
0
0
0
0
0
0
0
0
0
3.25543e-29
0
0
0
0
0
0
0
0
0
0
0
0
0
0
0
0
0
0
0
0
0
0
0
0
0
0
0
0
0
0
0
0
0
0
0
0
0
0
0
0
0
0
0
0
0
0
0
0
0
0
0
0
0
0
0
0
0
0
0
0
0
0
0
0
0
0
0
0
0
0
0
0
0
0
0
0
0
0
0
0
0
0
0
0
0
0
0
0
0
0
0
0
1.05294e-16
0
0
0
0
0
0
0
0
0
0
0
0
0
0
0
0
0
0
0
0
0
0
0
0
0
0
0
0
0
0
0
0
0
0
0
0
0
0
0
3.52691e-08
0
0
6.06629e-16
0
0
0
0
0
0
0
0
0
0
0
-4.26256e-15
0
0
0
0
0
0
0
0
0
0
0
0
0
0
0
0
0
0
0
0
0
0
0
0
0
0
0
0
0
0
0
0
0
0
0
0
0
0
0
0
0
0
0
0
0
0
0
0
0
0
0
0
0
0
0
0
0
0
0
0
0
0
0
3.64771e-14
2.93578e-14
0
0
0
0
0
0
3.04269e-15
0
0
0
0
0
0
0
0
0
0
0
0
0
0
0
0
0
-4.50017e-08
0
-1.18503e-16
0
0
0
0
0
0
0
0
0
0
0
0
0
0
0
0
0
0
0
0
0
0
0
0
0
0
0
0
0
0
0
0
0
0
-6.99877e-16
0
0
0
0
0
0
0
0
0
0
0
0
0
0
0
0
0
0
0
0
0
0
0
0
0
0
0
7.93267e-18
0
0
0
0
0
0
0
0
0
0
0
0
0
0
0
0
0
0
0
0
0
0
0
0
0
0
0
0
0
0
0
0
0
0
0
0
0
0
0
0
0
0
0
0
0
0
0
0
0
0
0
0
9.25389e-16
0
0
0
0
0
0
0
0
0
0
0
0
0
0
0
0
3.06194e-30
0
0
0
0
0
0
0
0
0
2.624e-15
5.14645e-31
)
;

boundaryField
{
    frontback
    {
        type            empty;
        value           nonuniform List<scalar> 0();
    }
    topbottom
    {
        type            calculated;
        value           uniform 0;
    }
    outlet
    {
        type            calculated;
        value           nonuniform List<scalar> 0();
    }
    inlet
    {
        type            calculated;
        value           uniform 0;
    }
    walls
    {
        type            calculated;
        value           nonuniform List<scalar> 
135
(
-1.81214e-07
-1.81214e-07
-1.81214e-07
-1.81214e-07
-1.81214e-07
-1.81214e-07
-1.81214e-07
-1.81214e-07
-1.81214e-07
-1.81214e-07
-1.81214e-07
-1.81214e-07
-1.81214e-07
-1.81214e-07
-1.81214e-07
-1.81214e-07
-1.81214e-07
-1.81214e-07
-1.81214e-07
-1.81214e-07
-1.81214e-07
-1.81214e-07
-1.81214e-07
-1.81214e-07
-1.81214e-07
-1.81214e-07
-1.81214e-07
-1.81214e-07
-1.81214e-07
-1.81214e-07
-1.81214e-07
-1.81214e-07
-1.81214e-07
-1.81214e-07
-1.81214e-07
-1.81214e-07
-1.81214e-07
-1.81214e-07
-1.81214e-07
-1.81214e-07
-1.81214e-07
-1.81214e-07
-1.81214e-07
-1.81214e-07
-1.81214e-07
-1.81214e-07
-1.81214e-07
-1.81214e-07
-1.81214e-07
-1.81214e-07
-1.81214e-07
-1.81214e-07
-1.81214e-07
-1.81214e-07
-1.81214e-07
-1.81214e-07
-1.81214e-07
-1.81214e-07
-1.81214e-07
-1.81214e-07
-1.81214e-07
-1.81214e-07
-1.81214e-07
-1.81214e-07
-1.81214e-07
-1.81214e-07
-1.81214e-07
-1.81214e-07
-1.81214e-07
-1.81214e-07
-1.81214e-07
-1.81214e-07
-1.81214e-07
-1.81214e-07
-1.81214e-07
-1.81214e-07
-1.81214e-07
-1.81214e-07
-1.81214e-07
-1.81214e-07
-1.81214e-07
-1.81214e-07
-1.81214e-07
-1.81214e-07
-1.81214e-07
-1.81214e-07
-1.81214e-07
-1.81214e-07
-1.81214e-07
-1.81214e-07
-1.81214e-07
-1.81214e-07
-1.81214e-07
-1.81214e-07
-1.81214e-07
-1.81214e-07
-1.81214e-07
-1.81214e-07
-1.81214e-07
-1.81214e-07
-1.81214e-07
-1.81214e-07
-1.81214e-07
-1.81214e-07
-1.81214e-07
-1.81214e-07
-1.81214e-07
-1.81214e-07
-1.81214e-07
-1.81214e-07
-1.81214e-07
-1.81214e-07
0
-1.81214e-07
-1.81214e-07
-1.81214e-07
-1.81214e-07
-1.81214e-07
-1.81214e-07
-1.81214e-07
-1.81214e-07
-1.81214e-07
-1.81214e-07
-1.81214e-07
-1.81214e-07
-1.81214e-07
-1.81214e-07
-1.81214e-07
-1.81214e-07
-1.81214e-07
-1.81214e-07
-1.81214e-07
-1.81214e-07
-1.81214e-07
0
)
;
    }
    procBoundary0to1
    {
        type            processor;
        value           nonuniform List<scalar> 
104
(
0
2.00129e-14
0
0
0
0
0
0
0
0
0
0
0
0
0
0
0
0
0
0
0
0
0
0
0
0
0
0
0
0
0
0
0
0
0
0
0
0
0
0
0
0
0
0
0
0
0
0
0
0
0
0
0
0
0
0
0
0
0
0
0
0
0
0
0
0
-4.34466e-14
-1.27658e-16
0
0
0
0
0
0
0
0
0
0
0
0
0
0
0
0
0
0
0
0
0
0
0
0
0
0
0
0
0
0
0
5.69687e-08
0
0
0
0
)
;
    }
    procBoundary0to2
    {
        type            processor;
        value           nonuniform List<scalar> 
83
(
-9.86133e-16
0
9.14698e-16
-5.01806e-16
0
0
0
0
-3.95379e-16
0
0
0
0
0
-2.59897e-16
-3.73527e-14
0
0
0
0
8.39996e-15
-4.78589e-16
4.7701e-16
-1.09845e-15
0
0
0
1.21716e-15
0
0
-1.14936e-15
0
0
0
0
0
0
-3.03457e-15
0
0
2.78528e-15
1.14791e-14
0
0
-2.89864e-16
0
2.00728e-14
0
-3.59818e-15
1.02106e-15
-1.90359e-14
0
0
0
0
0
0
7.15033e-16
0
-3.12323e-16
0
0
-6.78838e-08
-9.32466e-15
0
0
0
-1.9623e-15
0
0
0
0
0
0
0
-1.91142e-14
0
0
0
-5.99576e-15
3.23874e-16
1.16128e-15
0
)
;
    }
}


// ************************************************************************* //
