/*--------------------------------*- C++ -*----------------------------------*\
| =========                 |                                                 |
| \\      /  F ield         | OpenFOAM: The Open Source CFD Toolbox           |
|  \\    /   O peration     | Version:  v2012                                 |
|   \\  /    A nd           | Website:  www.openfoam.com                      |
|    \\/     M anipulation  |                                                 |
\*---------------------------------------------------------------------------*/
FoamFile
{
    version     2.0;
    format      ascii;
    class       surfaceScalarField;
    location    "500";
    object      meshPhi;
}
// * * * * * * * * * * * * * * * * * * * * * * * * * * * * * * * * * * * * * //

dimensions      [0 3 -1 0 0 0 0];
oriented        oriented;


internalField   nonuniform List<scalar> 
20673
(
0
0
0
0
0
0
0
0
0
0
0
0
0
0
0
0
5.95323e-17
1.20494e-15
0
0
0
0
0
0
0
0
0
0
0
0
0
0
0
0
0
0
0
-6.09762e-08
0
-3.55582e-08
0
0
0
0
0
0
0
0
0
-2.15331e-15
5.65497e-17
0
0
0
0
0
0
8.91243e-15
-3.61708e-16
0
0
0
0
0
0
0
0
0
0
0
0
0
0
-2.45443e-15
-1.69575e-15
0
0
0
0
0
0
0
0
0
0
0
0
0
0
0
0
0
0
-3.27259e-16
-2.6705e-17
1.07241e-15
-5.314e-15
0
0
0
0
0
0
0
0
0
0
0
0
0
0
0
0
0
0
0
1.75928e-15
-1.92051e-14
-3.1979e-14
-7.91292e-14
0
7.902e-14
0
0
0
0
0
0
4.51579e-15
0
-1.36421e-17
0
-2.9402e-15
0
0
0
7.76541e-16
-5.73305e-17
1.17935e-15
0
0
0
0
0
0
0
0
0
0
-2.94986e-18
-1.11308e-15
0
0
0
0
0
0
0
0
0
0
0
0
0
0
0
0
0
0
0
0
0
2.35658e-08
0
0
0
0
0
0
0
2.06289e-17
-5.93487e-16
9.87446e-17
3.23831e-17
0
0
0
0
0
0
0
0
0
0
0
0
0
0
0
5.8105e-16
-9.91092e-19
0
0
0
0
0
0
0
0
0
0
0
0
0
0
0
0
-8.64265e-14
-4.02261e-14
0
-1.99174e-14
0
0
0
0
0
0
0
0
0
0
0
0
0
0
0
0
0
-2.04543e-15
0
0
0
0
0
0
0
0
0
0
0
0
0
0
0
0
0
0
0
0
0
0
0
0
0
0
0
0
0
0
0
0
0
2.7777e-15
-9.18226e-17
0
0
0
0
0
0
0
0
0
0
0
0
0
0
0
0
0
0
0
0
0
0
0
0
0
0
0
0
0
0
0
0
0
0
0
-2.61421e-17
-8.41854e-18
5.42793e-18
0
0
0
0
0
0
1.12504e-16
-2.27398e-17
0
0
0
0
-1.68224e-14
-1.42254e-14
0
0
0
0
0
0
0
0
-4.15812e-14
4.94618e-14
-1.40809e-15
8.86423e-15
0
0
0
0
0
0
0
0
1.2126e-15
0
0
0
0
0
0
0
3.56698e-14
-8.58673e-14
0
0
0
0
0
0
0
0
0
-6.66144e-17
3.2486e-14
4.44636e-15
-3.59176e-15
0
1.78568e-16
5.04176e-31
0
0
0
0
0
0
0
0
0
1.4541e-16
0
0
0
0
0
0
0
0
0
0
0
0
0
0
0
0
0
0
0
-2.25084e-17
0
0
0
0
0
0
0
0
0
0
0
0
0
0
0
0
0
0
0
0
0
0
0
0
0
2.05303e-17
6.4748e-18
-5.28982e-16
0
-2.64465e-15
0
0
0
0
0
0
0
0
0
0
0
0
0
0
-2.95283e-17
-2.57499e-17
0
0
0
-2.18283e-16
-3.38745e-16
0
0
0
0
0
0
0
0
0
0
0
0
0
0
0
0
0
0
0
0
0
0
0
0
0
0
0
0
0
0
0
0
0
7.17029e-16
-5.49418e-17
0
0
0
0
0
0
0
0
0
0
0
0
0
0
0
0
0
0
0
0
0
0
0
0
0
0
-1.9683e-16
-7.6119e-14
-1.11598e-13
0
0
0
0
0
0
0
0
0
0
0
0
0
0
0
0
0
0
0
0
0
0
0
0
0
0
0
0
0
0
0
0
0
0
0
0
0
0
0
0
0
0
3.29213e-14
-1.43855e-14
0
0
0
0
0
0
0
0
0
0
0
0
0
0
0
0
0
0
0
0
0
-1.6883e-16
0
-3.00765e-17
0
0
0
0
0
0
0
0
0
0
0
0
0
0
0
0
0
0
0
0
0
0
0
0
0
0
0
0
0
0
0
0
0
-9.28078e-15
0
0
0
0
0
0
0
0
0
0
0
0
0
0
0
0
0
0
1.09106e-17
-2.68531e-16
0
0
0
0
0
0
0
0
0
0
0
-2.03961e-14
8.034e-16
0
0
0
0
0
0
0
0
0
0
0
0
0
0
0
-9.34174e-17
-5.09185e-16
0
0
0
0
0
0
0
0
0
0
0
0
0
0
0
1.89922e-16
-1.17774e-15
0
-1.23981e-15
0
0
0
0
0
0
0
0
0
0
0
0
-1.01773e-14
-9.43566e-14
6.55629e-15
0
0
0
0
0
0
0
0
0
0
0
0
0
0
0
0
-9.52849e-14
4.95492e-14
3.47096e-14
0
0
0
0
0
0
0
0
0
0
0
0
0
0
0
0
0
-5.38635e-18
2.57467e-15
0
0
0
0
0
0
0
0
0
0
0
0
0
0
0
2.60194e-14
-1.82205e-14
0
0
0
4.14289e-14
-9.72453e-15
-7.01234e-14
0
0
0
0
0
0
0
0
0
0
0
0
0
0
0
0
0
0
0
0
0
0
0
0
0
0
0
0
0
0
0
0
0
0
0
0
0
0
0
0
6.45686e-14
-5.41561e-14
0
0
0
0
0
0
0
0
0
0
0
-2.59354e-16
0
0
0
0
0
0
0
0
0
0
0
0
0
0
0
0
0
0
0
0
0
0
0
0
0
0
0
0
0
0
0
0
0
0
0
0
0
0
0
0
0
0
0
0
0
0
0
0
0
0
0
0
0
0
0
0
0
0
0
0
0
0
-4.12899e-16
-3.65347e-17
0
0
0
0
0
0
0
0
0
0
0
0
0
2.02678e-16
-7.68269e-31
0
0
0
-7.64662e-14
2.34253e-14
0
-3.80382e-16
0
0
0
0
0
0
0
0
-6.09514e-16
4.36114e-14
0
0
0
0
0
0
0
0
0
0
3.956e-16
-1.07892e-16
0
0
0
0
0
-3.5691e-16
0
-1.13901e-16
0
0
0
0
-1.44136e-16
-1.78213e-16
0
4.15742e-14
-4.7428e-16
0
0
0
0
0
0
0
0
0
0
0
0
0
0
0
0
0
0
0
0
0
0
0
0
0
0
0
9.07971e-17
-7.80414e-08
5.58558e-08
5.1318e-31
-4.64372e-16
0
0
0
0
0
0
0
0
0
0
0
0
0
0
0
0
0
0
0
0
0
0
0
0
0
0
1.69858e-14
-7.10411e-16
0
0
0
0
0
0
0
0
0
0
0
0
0
0
0
0
-9.77747e-17
0
2.55741e-17
0
0
0
0
-7.92669e-17
0
0
0
0
0
0
0
0
0
0
0
0
0
0
0
0
0
0
0
0
0
0
0
0
0
0
0
4.59629e-16
0
-9.01211e-16
0
0
0
0
0
0
0
0
0
0
0
0
0
0
0
0
0
0
0
0
9.00574e-15
4.94459e-14
0
0
0
0
0
0
0
0
0
0
0
0
0
0
0
0
0
0
0
0
0
0
0
0
0
0
0
0
0
0
0
0
0
0
0
0
0
-3.60759e-16
0
0
0
0
0
-3.04693e-16
0
-7.51581e-17
9.10847e-14
0
-1.35456e-14
0
0
0
0
0
0
0
0
0
0
0
0
-7.36922e-14
-1.11597e-14
2.75474e-13
0
0
0
0
0
0
0
0
0
0
0
0
0
0
0
0
0
0
0
0
-1.25481e-16
0
-1.33678e-16
3.55445e-14
-1.64538e-29
8.09192e-15
2.20337e-14
-2.05317e-13
0
0
0
2.30046e-14
0
0
0
0
0
0
0
0
0
0
0
0
0
0
0
0
0
0
0
0
0
0
0
0
0
0
0
0
0
0
0
0
0
0
0
0
0
0
0
0
0
0
0
-1.10488e-13
-4.54801e-14
8.55642e-14
0
0
0
0
0
0
0
0
0
0
0
0
0
0
0
0
0
0
0
0
-4.64514e-15
2.74191e-14
0
0
0
0
0
0
0
0
1.56095e-16
0
0
0
0
0
0
0
0
0
0
0
0
0
0
0
0
0
0
0
0
0
0
0
0
0
0
0
0
0
0
0
0
0
0
0
0
0
0
0
0
0
0
0
0
0
0
0
0
0
0
0
0
0
0
1.57007e-13
-3.48967e-16
0
0
2.40693e-14
0
-5.07772e-14
1.30606e-28
-1.77288e-14
0
0
0
0
0
0
0
0
0
-1.32628e-13
0
0
0
0
0
0
0
0
0
0
0
0
0
0
-3.07902e-16
0
-1.49643e-17
0
0
0
6.35724e-14
0
0
0
0
0
0
0
0
0
0
7.66094e-15
0
0
0
0
0
0
0
0
0
0
0
0
0
0
0
0
0
0
0
0
0
-1.6585e-14
-2.15473e-14
0
0
0
0
0
0
0
0
0
0
0
0
0
0
-4.38876e-14
6.86353e-14
0
0
0
0
0
0
8.6642e-16
-3.52918e-16
0
0
0
0
0
0
0
0
0
0
0
0
0
0
0
0
0
0
0
0
0
0
0
-2.81605e-16
0
5.33435e-08
3.11985e-08
0
0
0
0
0
0
0
0
0
0
6.08103e-15
0
0
0
0
1.69012e-16
0
0
0
0
0
0
0
0
0
0
0
0
0
0
0
0
0
0
0
0
0
0
0
0
0
0
0
0
0
0
0
0
0
0
1.66288e-16
-1.08462e-16
0
2.82442e-14
8.19373e-15
0
0
0
0
0
0
-2.86372e-15
0
0
0
0
0
0
0
0
0
0
0
0
0
0
0
0
0
-2.46404e-16
0
-8.67176e-16
0
2.50092e-14
0
0
0
0
0
-5.94866e-16
-1.06086e-17
0
0
0
0
0
0
0
0
1.24132e-18
0
0
0
0
0
0
0
0
0
0
0
0
0
0
0
0
0
0
0
0
0
0
0
0
0
0
0
0
0
0
0
0
0
0
0
0
0
0
0
0
0
0
0
1.83847e-16
0
0
0
0
-1.5215e-16
0
0
0
0
0
0
0
0
0
0
0
0
-3.85563e-14
0
0
0
0
0
0
0
0
0
0
0
0
0
0
0
0
0
0
0
0
0
0
0
0
0
0
0
0
0
0
0
0
0
0
0
-4.2271e-08
0
0
0
0
0
0
0
0
0
0
0
0
0
0
0
0
0
0
0
0
0
0
0
0
0
0
0
0
0
0
0
0
0
9.34818e-15
-2.02935e-14
0
0
0
0
0
0
9.04367e-17
-1.23577e-16
-2.0571e-14
-4.588e-14
0
0
0
-2.86834e-16
0
0
0
0
0
0
0
0
0
0
0
0
0
0
0
0
0
0
0
0
0
0
0
0
0
0
0
0
0
0
0
0
0
5.42078e-14
-1.89553e-13
0
0
0
0
0
0
0
0
0
-1.97011e-16
0
3.77543e-16
4.80168e-31
0
0
0
0
0
0
2.26859e-16
0
0
0
0
0
0
0
0
0
0
0
0
0
0
0
0
0
0
0
0
0
0
-4.06482e-15
0
0
0
0
0
0
0
0
0
0
0
0
0
0
0
0
0
0
0
0
0
0
0
0
0
7.21972e-14
0
0
0
0
0
0
0
0
0
0
0
0
0
-1.9883e-14
8.12805e-14
0
0
0
-3.65492e-14
3.09241e-14
0
0
-3.08208e-15
4.36579e-15
0
0
0
0
0
0
0
0
0
0
-9.05532e-14
0
4.17058e-14
0
0
0
0
0
0
0
0
-9.54881e-15
0
-1.41799e-16
0
0
0
0
0
0
0
0
0
0
0
0
0
0
0
-4.70371e-14
1.8907e-14
0
-5.80278e-14
-7.01225e-15
0
0
0
0
0
0
0
0
0
0
0
0
0
5.62823e-16
0
0
0
0
0
0
0
0
0
0
0
0
0
0
0
0
0
0
0
-1.16163e-15
0
0
0
0
-8.02242e-15
7.13934e-15
1.31557e-15
0
0
0
0
0
0
-2.92199e-15
8.23978e-16
8.45536e-14
0
0
0
0
0
0
0
0
0
0
0
-1.11687e-16
0
0
0
0
0
0
0
0
0
0
0
0
0
0
0
1.22461e-15
-7.38974e-16
0
0
0
0
-6.82402e-15
1.01481e-13
0
0
0
0
0
0
0
0
0
0
0
0
0
0
0
0
0
0
0
0
0
0
0
0
0
0
0
0
0
0
0
-1.21286e-17
1.1979e-15
0
0
0
0
0
0
0
0
0
0
0
0
0
0
0
0
0
0
0
0
0
0
0
0
0
0
0
0
0
0
0
0
0
0
0
0
0
0
0
0
0
4.34052e-14
-5.79302e-14
1.68817e-15
0
3.54849e-14
0
0
0
0
0
0
0
0
0
0
0
0
0
0
0
0
0
0
0
0
0
0
0
0
0
0
0
0
0
0
0
0
0
0
0
0
0
0
0
0
0
0
0
0
0
-8.76944e-18
0
0
0
-2.7592e-16
6.10259e-16
2.88932e-16
4.84304e-16
6.43527e-15
0
0
0
0
0
0
0
0
-3.50915e-16
-8.27125e-17
5.09317e-16
-6.39674e-18
0
0
0
0
0
0
-4.04623e-14
0
0
4.59213e-15
0
0
0
-1.30163e-14
0
0
0
0
0
0
0
0
0
0
0
0
0
0
0
0
0
0
0
0
-1.86154e-16
0
0
0
7.6944e-16
0
-1.38507e-14
-1.48726e-16
0
8.00397e-17
0
0
4.43732e-16
2.87922e-17
0
0
0
0
0
0
0
0
0
0
0
0
-2.46438e-16
-2.57005e-16
0
0
0
0
0
0
0
0
0
-5.97322e-16
0
0
0
0
0
0
0
0
0
0
0
0
0
0
0
0
8.57848e-16
0
0
0
0
0
0
0
0
0
0
0
0
0
0
0
0
0
0
0
0
0
0
0
0
0
0
0
0
0
0
0
2.267e-15
-1.37706e-15
0
0
0
0
0
0
0
0
0
0
-1.19089e-15
0
0
0
0
0
0
0
0
0
0
0
0
0
0
0
0
0
0
-3.83443e-14
-4.05188e-14
0
0
2.17773e-14
0
0
0
0
0
0
0
0
0
0
0
0
0
0
0
0
0
0
0
0
0
0
0
0
0
0
0
1.70419e-15
-2.43413e-15
0
0
0
-3.59171e-14
0
0
0
0
0
0
0
0
0
0
0
0
0
0
0
0
0
0
0
0
0
0
0
0
0
0
0
0
0
0
0
0
0
0
0
1.06929e-14
0
0
0
0
0
0
0
0
0
0
0
0
0
0
0
0
0
0
0
0
0
0
0
0
0
0
0
0
0
0
0
0
0
0
0
0
0
-6.65903e-17
0
5.86978e-16
0
0
2.51665e-14
2.93224e-16
0
0
0
0
0
0
0
0
0
0
0
0
0
0
0
0
0
0
0
0
0
0
0
0
0
0
0
0
0
0
0
0
2.2162e-14
9.67555e-16
0
0
0
0
0
0
0
0
0
0
0
0
0
0
0
0
0
0
0
0
-1.28012e-15
0
0
0
0
0
0
0
0
0
0
0
0
0
0
0
0
0
0
0
0
0
0
0
0
0
0
0
0
0
0
0
0
0
0
0
0
0
0
0
0
0
0
0
0
0
0
0
0
0
0
0
0
0
0
0
0
0
0
0
0
0
0
0
0
0
0
0
0
0
0
0
0
-3.4904e-16
7.33907e-17
0
0
0
0
0
0
0
0
0
0
0
0
0
0
0
0
0
0
0
0
0
0
0
0
0
0
0
0
0
0
0
0
0
0
0
0
0
0
0
0
0
0
0
0
-3.77795e-16
-3.99463e-16
0
0
0
0
0
0
0
0
0
0
0
0
0
0
0
0
0
6.77293e-16
0
0
0
0
0
0
0
0
0
0
0
0
0
0
1.83416e-14
0
0
0
0
0
0
3.79314e-16
0
4.81156e-16
0
0
0
0
0
0
0
0
0
0
0
0
0
0
0
0
0
0
0
0
0
0
0
0
0
0
0
0
0
0
0
0
0
0
0
0
0
0
0
0
0
0
0
0
1.86092e-16
-6.46263e-16
0
0
0
0
0
0
0
-6.88434e-16
0
0
0
0
0
0
0
0
0
0
0
0
0
0
0
0
0
0
0
0
0
0
0
0
0
0
-3.46084e-15
-9.47994e-17
0
0
0
0
0
0
0
0
0
0
0
0
0
0
0
0
0
0
0
0
0
0
0
0
0
0
0
0
0
0
0
0
5.94338e-14
0
0
0
0
0
0
0
0
0
0
0
0
0
0
0
0
0
0
0
0
0
0
0
0
0
0
0
0
0
0
0
0
0
0
0
0
0
0
0
0
0
0
0
0
0
0
0
0
0
0
0
0
-4.81233e-15
-7.48986e-15
0
0
0
0
0
0
0
0
0
0
0
0
0
0
0
0
0
0
0
0
0
0
0
0
0
0
0
0
0
0
0
0
0
0
9.50009e-16
0
0
-3.46391e-14
0
0
0
0
0
0
0
0
0
0
0
0
0
0
0
0
0
0
0
0
0
0
0
0
0
0
0
0
0
0
0
0
0
0
0
0
0
0
0
-7.4494e-15
0
0
0
0
0
0
0
0
0
0
0
0
0
0
0
0
0
0
0
0
0
0
0
0
0
0
0
0
0
0
0
0
0
0
0
0
0
0
0
0
0
0
0
0
0
0
0
0
0
0
0
0
0
0
2.40103e-16
0
0
0
0
0
0
0
0
0
0
0
0
0
0
0
0
0
0
0
0
0
0
4.02251e-16
0
-3.50821e-16
0
0
0
0
0
0
0
0
0
0
0
0
0
0
0
0
0
0
0
0
0
0
0
0
0
0
0
0
0
0
0
0
0
0
0
0
0
0
0
0
0
0
0
0
0
0
0
0
0
0
0
0
0
3.3374e-17
0
-8.07425e-18
0
0
0
0
0
0
0
0
0
0
0
0
0
0
0
0
0
0
0
0
4.67129e-15
-1.78208e-17
0
0
0
0
0
0
0
0
0
0
0
0
0
0
0
0
0
0
0
0
0
0
0
0
0
0
0
0
0
0
0
0
0
0
0
0
0
0
0
0
0
0
0
0
0
0
0
0
0
0
0
0
0
0
0
0
0
0
0
0
0
0
0
0
0
0
0
0
0
0
4.27977e-14
0
0
0
0
0
0
0
0
0
0
0
0
0
0
0
0
0
0
0
0
0
0
0
0
0
0
0
0
0
0
0
0
0
0
0
0
0
0
0
0
0
0
0
0
0
0
0
0
0
0
0
0
0
0
0
0
0
-7.6575e-15
9.62199e-16
0
-2.28064e-15
2.71718e-17
0
0
0
0
0
0
0
0
0
0
0
0
0
0
0
0
0
0
0
0
0
0
0
0
0
0
0
0
0
0
0
0
0
0
0
-3.37564e-16
1.49128e-16
0
0
0
0
0
0
0
0
0
0
0
0
0
0
0
0
0
0
0
0
-1.79682e-14
-7.02757e-14
0
0
0
0
0
0
0
0
0
0
0
0
0
0
0
0
0
0
0
0
0
0
0
0
0
0
0
0
0
0
0
0
0
0
0
0
0
0
0
0
0
0
0
0
0
0
0
0
0
0
0
0
0
0
0
0
0
0
0
0
0
0
0
0
0
0
0
0
0
-7.22883e-17
0
0
0
0
0
0
0
0
0
0
0
0
0
0
0
-1.00262e-17
1.49539e-17
0
0
0
0
0
0
0
0
0
0
0
0
0
0
0
0
0
0
0
0
0
0
0
0
0
0
0
0
0
0
0
0
0
0
0
0
0
0
0
0
0
0
0
0
8.57795e-16
-1.4798e-15
0
0
0
0
0
0
0
0
0
0
0
0
0
0
0
-6.15064e-17
8.25357e-15
0
0
0
0
0
0
-8.41556e-16
0
0
0
0
0
0
0
0
0
4.64192e-16
-1.13085e-14
0
-6.03753e-17
-4.74284e-16
2.33982e-15
0
0
0
0
0
0
0
0
0
0
0
0
0
0
0
0
0
0
5.94281e-16
1.52787e-17
0
0
0
0
0
0
0
0
2.4624e-16
3.49324e-16
6.7795e-16
1.0846e-15
0
0
0
0
0
0
0
0
-1.12057e-16
0
0
0
0
0
0
0
0
0
0
0
0
0
0
-3.20429e-16
0
0
0
0
0
0
0
0
0
0
0
0
0
0
6.71472e-16
0
0
0
0
0
0
0
0
0
0
-8.75099e-15
0
0
0
0
0
0
0
0
0
0
0
0
0
0
0
0
0
0
9.15484e-16
-4.48465e-16
0
0
0
0
0
0
0
0
0
0
0
0
0
0
0
0
0
-5.32235e-16
-4.92838e-16
0
0
0
0
0
0
0
0
0
0
0
0
0
0
0
0
0
0
0
0
0
0
0
0
0
0
0
0
0
0
0
0
0
0
0
0
0
0
0
0
0
0
0
0
0
0
0
0
0
0
0
0
0
0
0
0
0
0
0
0
0
0
0
0
0
0
-2.84453e-16
2.89217e-16
0
0
0
0
0
0
0
0
0
-1.00309e-16
0
0
0
0
0
0
0
0
0
0
0
0
0
0
0
0
0
0
0
0
0
0
0
0
0
0
0
5.34577e-16
-1.40533e-16
0
0
0
0
0
0
0
0
0
2.81865e-15
-1.98962e-15
0
0
0
0
0
0
0
0
0
-2.09425e-15
-1.48083e-14
0
0
0
0
0
0
0
0
0
0
0
0
0
0
0
0
0
0
0
0
0
0
0
0
0
0
0
0
0
0
0
0
0
0
0
0
-6.17249e-15
0
-4.03341e-30
0
0
0
0
0
0
0
0
0
0
0
0
0
0
0
0
0
0
0
0
0
-2.5659e-31
0
0
0
0
0
0
0
0
0
0
0
0
0
0
0
0
0
0
0
0
0
0
0
0
0
-1.00392e-16
0
0
2.80423e-16
0
1.28006e-14
-2.06085e-14
0
0
0
0
0
0
0
0
0
0
0
0
0
0
0
0
0
0
9.9232e-17
0
0
0
0
0
0
0
0
0
0
0
0
0
0
0
0
0
0
0
0
0
0
0
0
-4.40805e-14
0
0
0
-2.56632e-15
1.8717e-16
0
0
0
1.3564e-16
0
0
0
0
0
0
0
0
0
0
0
0
0
0
0
0
0
0
0
0
0
5.77575e-15
-3.35588e-14
0
0
0
0
0
0
0
0
0
0
0
0
0
0
0
0
0
0
0
0
0
0
0
0
0
0
0
0
0
0
1.28465e-17
1.32358e-15
0
0
0
0
0
0
0
0
0
0
0
0
0
0
-2.45846e-29
0
0
0
0
0
0
0
0
-4.11706e-17
1.18482e-16
0
0
0
0
0
0
0
0
0
0
0
0
0
0
0
0
0
0
0
0
0
0
0
0
0
0
0
0
0
0
0
0
0
0
0
0
0
0
0
0
0
0
0
0
0
0
0
0
0
0
0
0
0
0
0
0
1.80556e-15
0
0
0
0
0
7.61906e-17
0
-3.56418e-16
-1.27545e-31
0
0
0
0
0
0
0
0
0
0
0
-6.73385e-17
2.57821e-14
0
0
0
0
0
-1.21045e-15
0
0
0
0
0
0
0
0
0
0
0
0
0
0
0
0
0
0
0
0
0
0
0
0
0
0
0
0
0
0
0
0
0
0
0
0
0
0
0
0
0
0
0
0
0
0
0
-2.65182e-14
1.95974e-16
0
0
0
0
0
0
0
0
0
0
0
0
0
0
0
0
0
0
6.86649e-16
0
0
0
0
0
0
0
0
0
0
0
0
0
0
0
0
0
0
2.41912e-17
5.80978e-16
0
0
3.28122e-14
0
-7.56835e-14
0
0
0
0
0
0
0
0
0
0
0
0
0
0
0
0
0
0
0
0
0
0
0
0
0
0
0
0
0
0
0
0
0
0
0
0
0
0
0
0
0
0
0
0
0
0
0
0
0
0
0
0
0
0
0
0
0
5.77471e-16
9.98811e-17
0
0
0
0
0
0
0
-4.58899e-14
3.8244e-14
0
0
0
0
0
0
0
0
0
0
0
0
0
0
0
0
0
0
0
0
0
0
0
0
0
0
0
0
0
0
0
0
0
0
0
0
0
0
0
0
0
0
0
0
0
0
0
0
3.2128e-14
-1.28043e-13
0
0
0
0
0
0
0
3.38166e-14
0
0
0
0
0
0
0
0
0
0
0
0
0
0
0
0
0
0
0
0
0
0
0
0
0
1.29218e-15
-6.43977e-16
0
0
0
0
0
0
0
0
0
0
0
4.43922e-16
6.0147e-16
0
0
0
0
0
8.64284e-16
0
-2.55023e-15
0
0
0
0
0
0
0
0
0
0
0
0
0
0
0
0
0
0
0
0
0
0
0
0
0
0
0
0
0
0
0
0
0
0
0
0
0
0
0
0
0
0
0
0
0
0
0
0
0
0
-1.47948e-14
0
0
0
0
0
0
-2.61641e-15
0
0
0
0
0
0
0
0
0
0
0
0
0
0
0
0
0
0
0
0
0
5.10179e-31
0
0
0
0
0
0
-3.54737e-14
0
0
-2.31929e-16
0
0
0
0
0
0
0
0
0
0
0
0
0
2.79705e-16
-1.19039e-17
0
0
0
0
0
0
0
0
0
0
0
0
0
0
0
0
0
0
0
2.77125e-15
0
0
0
0
0
0
0
0
0
0
0
0
0
0
0
0
0
0
0
0
0
0
0
0
0
0
0
0
0
0
0
0
0
0
0
0
0
0
0
0
0
0
0
0
0
0
0
0
0
0
0
0
0
0
0
0
0
7.98309e-17
5.43656e-17
0
0
0
0
0
0
0
0
0
0
0
0
0
0
0
2.10075e-17
-1.88344e-15
3.33425e-17
0
0
0
0
0
0
0
0
0
0
0
0
0
0
0
0
0
0
0
0
0
3.67648e-16
0
0
0
0
0
0
0
0
0
0
-3.53844e-14
1.07389e-13
0
0
0
0
0
0
0
0
0
0
0
0
0
0
0
0
-6.47598e-15
0
0
9.1067e-15
0
3.84134e-31
0
0
0
0
0
0
0
0
0
0
0
0
0
0
0
0
0
0
0
0
0
0
0
0
0
0
0
0
0
0
0
0
0
0
0
0
0
0
0
0
0
0
0
0
0
0
0
0
0
0
0
0
0
1.75299e-16
0
0
0
0
0
0
0
0
0
0
0
0
0
0
0
0
0
0
1.15216e-16
0
0
0
0
0
0
0
0
-4.01867e-16
4.4869e-17
0
0
0
0
0
0
0
0
0
0
0
0
0
0
0
0
0
0
0
0
0
0
0
0
-3.25441e-15
-2.29801e-16
0
0
0
0
0
0
0
0
0
0
0
0
0
0
0
0
0
0
0
0
0
0
0
0
0
0
0
0
0
0
0
0
0
0
0
0
0
0
0
0
0
0
0
0
0
0
0
0
0
0
0
0
0
0
0
0
0
0
0
0
0
0
0
0
0
0
0
0
0
0
0
0
0
0
0
0
0
0
0
0
0
-1.00428e-13
2.90836e-14
0
0
0
0
0
0
0
0
0
0
0
0
0
0
0
0
0
0
0
0
0
0
0
0
0
0
0
0
0
0
0
0
-1.5016e-15
6.5679e-16
1.84152e-14
0
0
0
0
0
0
0
0
0
0
0
0
0
0
0
0
0
0
0
0
0
0
0
0
0
0
0
0
0
0
0
0
0
0
0
0
0
0
0
0
0
4.99015e-16
-4.92127e-17
-5.90052e-18
-1.94303e-16
0
0
0
0
0
0
0
0
0
0
4.21907e-14
0
0
0
0
0
0
0
0
-2.56228e-14
4.48728e-15
0
1.95556e-16
0
0
0
0
0
0
0
0
0
0
0
0
0
0
1.99359e-15
-4.94574e-15
0
0
0
0
0
0
0
0
0
0
0
0
6.07226e-15
0
0
0
0
0
0
0
0
0
0
0
0
0
0
0
0
0
0
0
0
-9.56821e-17
0
0
0
0
0
0
0
0
0
0
0
0
0
0
0
0
0
0
0
0
0
0
0
0
0
0
0
0
0
0
0
0
0
0
0
0
0
-7.846e-15
0
0
0
0
0
0
1.57347e-14
0
-1.64563e-14
0
0
0
0
0
0
0
0
0
0
0
0
0
0
0
0
0
0
0
0
0
0
0
0
0
0
0
0
0
0
0
0
0
0
0
0
0
0
0
0
0
0
0
0
0
0
0
0
0
0
0
0
0
0
0
-5.8505e-17
0
0
0
0
0
0
0
0
0
0
0
0
0
0
0
0
0
0
0
0
0
0
0
0
0
0
0
0
5.86143e-36
6.68899e-16
-6.46422e-16
0
0
0
0
0
0
-1.06235e-16
-1.25147e-16
0
0
2.96532e-15
0
0
-1.71041e-18
-6.57286e-16
0
0
0
0
0
0
3.2098e-18
5.39497e-17
0
0
4.93582e-18
0
0
0
0
0
0
0
0
0
0
0
0
0
0
0
0
0
0
0
0
0
0
0
0
0
0
0
0
0
0
0
0
0
1.12669e-13
-1.30923e-14
0
0
0
0
0
0
0
0
0
0
0
0
0
0
0
0
0
0
0
0
0
0
0
0
0
0
0
0
0
0
-2.59515e-16
7.75408e-16
1.2915e-15
0
0
0
0
0
0
0
0
0
0
0
0
0
0
0
0
0
0
0
0
0
0
0
0
0
0
0
0
0
-7.49894e-14
0
0
0
0
0
0
0
0
0
0
0
0
2.26404e-15
0
0
0
0
0
0
0
0
0
0
0
3.07959e-19
0
0
0
0
0
0
0
0
0
0
0
0
0
0
0
7.51719e-15
0
7.59329e-16
0
0
0
0
0
0
0
5.04819e-14
1.73581e-14
-1.34597e-13
0
-7.30137e-18
0
0
0
0
0
0
0
0
0
0
0
0
0
0
0
0
0
0
0
0
0
1.32999e-13
-8.35407e-15
0
0
0
0
0
8.25312e-09
0
-6.27397e-08
0
0
0
0
0
0
0
1.85359e-16
-8.90441e-16
0
0
0
0
0
0
0
0
0
0
0
0
0
0
0
0
0
0
0
0
0
0
0
0
0
0
0
0
0
0
0
0
0
0
0
0
0
0
0
0
0
0
0
0
0
0
0
0
0
0
0
0
0
0
-6.40224e-32
0
1.25998e-14
0
0
0
0
0
0
0
0
0
0
0
0
0
0
0
0
0
0
-1.10859e-13
0
0
0
0
0
0
0
0
0
0
0
0
0
0
1.86281e-17
0
0
0
0
0
0
0
0
0
0
0
0
0
0
0
0
0
0
0
0
0
0
0
0
0
0
-1.20255e-16
2.93693e-15
0
0
0
0
0
0
0
0
0
0
0
0
0
0
0
0
0
0
-3.32566e-16
0
0
0
0
0
0
0
0
0
0
0
0
0
0
0
0
0
0
0
0
0
-5.62536e-16
0
0
0
5.73814e-16
0
0
0
0
0
0
0
0
0
0
0
0
-6.56348e-15
0
0
0
0
0
0
0
0
0
0
0
0
0
0
0
0
0
0
0
0
0
0
0
0
0
0
0
0
0
0
0
0
0
0
0
0
0
0
0
0
0
0
0
0
0
0
0
0
0
-1.51222e-16
0
0
0
0
0
0
0
0
0
0
0
0
0
1.1478e-17
-3.01404e-17
0
-2.36083e-16
0
0
0
0
0
0
0
0
0
0
0
0
0
0
-1.61669e-15
0
0
0
0
0
0
0
0
0
0
0
0
0
1.27515e-14
2.1422e-14
0
0
0
0
0
0
0
0
0
0
0
0
0
0
0
0
0
0
0
0
0
-3.13783e-17
0
0
0
0
0
0
0
0
0
0
0
0
0
0
0
0
0
0
0
0
0
0
0
0
0
0
0
0
0
0
0
0
0
0
0
0
0
0
0
-5.38851e-17
0
0
0
0
0
0
0
0
0
-5.36881e-08
-2.1763e-16
0
0
0
0
0
0
0
0
0
0
0
0
0
0
0
0
0
0
0
0
0
0
0
0
0
0
0
0
0
0
0
0
0
0
0
0
0
0
0
0
0
0
0
0
0
0
0
0
0
0
0
0
0
0
0
0
0
0
0
0
0
0
0
0
0
0
0
0
0
0
0
5.55338e-15
0
0
0
0
0
0
0
0
0
0
0
0
0
0
0
0
8.61208e-17
0
0
0
0
0
0
0
0
1.50817e-15
0
-9.40358e-17
0
0
0
0
0
0
0
0
0
0
0
0
0
0
0
-5.7446e-16
0
0
0
0
0
0
0
0
0
0
0
0
0
0
0
0
0
0
0
0
0
0
0
0
0
0
0
0
0
0
0
0
0
0
0
1.70041e-14
0
0
0
0
0
0
0
0
3.82805e-17
1.95981e-15
0
0
0
0
0
-5.04176e-31
0
0
0
0
0
0
0
0
0
0
0
0
0
0
0
0
0
0
0
0
0
0
0
0
0
0
1.87912e-15
-1.68906e-16
1.41541e-17
0
0
0
-3.18823e-16
0
0
0
0
0
0
0
0
0
0
0
0
-1.32791e-16
1.60225e-16
0
0
0
0
0
0
0
0
0
0
0
0
0
0
0
0
6.55208e-16
0
0
0
0
0
0
0
0
0
0
0
0
0
0
0
0
0
0
0
0
0
0
0
0
0
0
0
0
0
0
1.54987e-15
0
0
0
0
0
0
2.32277e-16
0
0
-3.2471e-16
0
0
0
0
0
0
0
0
0
0
0
0
0
0
0
0
0
0
0
0
0
0
-8.50769e-17
9.62789e-16
1.24779e-14
-5.75259e-16
0
0
0
0
0
0
0
0
0
0
0
0
0
0
0
0
0
0
0
0
0
0
0
0
0
0
0
0
0
0
0
0
0
0
0
0
0
0
0
0
0
6.89879e-14
2.68541e-14
0
0
0
0
0
0
0
0
0
0
0
0
0
0
0
0
1.01996e-14
2.2464e-15
1.56404e-15
-9.59865e-16
-7.20917e-17
0
0
0
0
0
0
0
0
0
0
-1.78367e-15
-2.02612e-15
0
0
0
0
0
0
0
0
0
0
0
0
0
0
0
0
0
0
0
0
0
0
0
0
0
0
0
0
0
0
0
0
0
0
0
0
0
0
0
0
0
-1.9973e-16
0
0
0
0
0
0
0
0
0
0
0
0
0
0
0
0
0
0
0
0
0
0
0
0
0
0
0
0
0
0
0
0
0
0
0
0
0
0
0
0
0
0
0
0
-7.80931e-18
-4.61455e-16
0
0
0
0
0
0
0
0
0
0
0
0
0
0
0
0
0
0
0
0
0
0
0
-2.00586e-18
0
0
0
0
0
0
0
0
0
0
0
0
0
0
0
0
0
0
0
0
0
0
0
0
0
0
0
0
0
0
0
0
0
0
0
0
0
0
0
0
0
0
0
0
0
0
0
0
0
0
0
0
0
0
0
-5.25086e-08
0
0
0
0
0
0
0
0
0
0
0
0
0
0
0
0
0
0
0
0
0
0
0
0
0
0
0
0
0
0
0
0
0
0
0
0
0
0
0
0
0
0
0
0
0
0
0
-7.68269e-31
0
0
0
0
0
0
0
0
0
0
0
0
0
0
0
0
0
0
0
0
0
0
0
0
1.83661e-15
-3.74832e-16
0
0
0
0
0
0
0
0
0
0
0
0
0
0
0
0
0
0
0
0
0
0
0
0
0
0
0
0
0
0
0
0
0
0
0
0
0
0
0
0
0
0
0
0
0
0
0
0
0
0
0
0
0
0
0
0
0
0
0
0
0
0
0
0
0
0
0
0
0
0
0
0
0
0
0
0
0
0
0
-4.68676e-14
4.67875e-15
0
0
0
0
0
0
0
0
0
0
0
0
0
0
0
0
0
0
0
0
0
0
0
0
0
0
0
0
0
0
0
0
0
0
0
0
0
0
0
0
0
0
0
0
0
2.35691e-14
0
-8.00443e-14
0
0
0
0
1.49131e-14
0
0
0
-6.15966e-17
5.54419e-17
0
0
0
1.19065e-18
0
0
0
0
0
0
0
0
0
3.01079e-16
0
0
0
0
0
0
0
0
0
0
0
0
0
0
0
0
0
0
0
0
0
0
0
0
0
0
0
0
0
1.40861e-16
0
0
0
0
0
0
0
0
0
0
0
0
0
0
0
0
0
0
0
0
0
0
0
0
0
0
0
0
0
0
0
0
0
0
0
-2.79238e-16
0
1.45797e-16
0
0
0
-6.8245e-18
-2.35461e-17
-7.89179e-19
0
0
0
0
0
0
0
0
0
0
0
0
0
0
0
0
0
0
0
0
0
0
0
0
0
0
0
0
0
0
0
0
0
0
1.79331e-14
0
0
0
0
0
0
0
0
0
0
0
0
0
0
0
0
0
0
0
0
0
0
0
0
0
0
0
0
0
0
0
0
1.17845e-17
0
0
0
0
0
0
0
0
0
0
0
0
0
0
0
0
0
0
0
0
0
0
0
0
0
0
0
0
0
0
0
0
0
0
0
0
0
0
0
0
0
0
0
0
0
0
0
0
0
0
0
0
0
0
4.13385e-15
2.03501e-17
1.01698e-15
0
0
0
0
0
0
0
0
0
0
0
0
0
0
0
0
0
0
0
2.16365e-14
0
0
0
8.71331e-16
-1.30811e-15
0
0
0
0
0
0
0
0
0
0
-2.16318e-14
4.92776e-16
0
0
0
0
0
0
0
0
0
0
0
0
0
0
0
0
0
0
0
0
0
0
0
0
0
0
0
0
0
0
0
0
0
0
0
0
0
0
0
0
0
0
0
0
0
0
0
0
0
0
0
0
0
0
0
0
0
0
0
6.51386e-14
0
0
-5.73883e-16
2.69708e-16
0
0
0
0
0
0
0
0
0
0
0
0
0
0
0
0
0
0
0
0
0
0
0
0
0
0
0
0
0
0
0
0
0
0
0
0
0
0
0
0
0
0
0
0
0
0
0
0
0
0
0
0
0
0
0
0
0
0
0
0
0
0
0
0
0
0
0
0
0
0
0
0
0
0
0
0
0
0
0
0
0
0
0
0
0
0
0
0
0
0
0
0
0
0
0
0
0
0
0
0
0
0
0
0
0
0
0
0
-8.6701e-17
-1.26904e-16
0
0
0
0
0
0
0
0
-2.16616e-16
-2.94504e-16
0
0
0
0
0
0
0
0
0
0
0
0
0
0
0
0
0
0
0
0
0
0
0
0
0
0
0
0
0
0
0
0
0
0
0
0
0
9.52614e-14
0
-6.74786e-14
0
0
0
0
0
0
0
0
0
0
0
0
0
0
0
0
0
0
0
0
0
0
0
0
0
0
0
0
0
0
0
0
0
0
0
0
0
0
0
0
0
0
0
0
0
0
0
0
0
0
0
0
0
0
0
0
0
0
0
0
0
0
0
0
0
0
0
0
0
0
0
0
6.14295e-15
0
3.84763e-15
0
0
0
-6.58413e-14
0
7.269e-14
0
0
0
0
0
0
0
0
0
0
0
0
0
0
0
0
0
0
2.04336e-17
-1.87578e-16
0
0
0
0
0
0
0
0
0
0
0
0
0
0
0
0
0
0
0
0
0
0
0
0
0
0
0
0
0
0
0
0
0
0
0
0
0
0
0
0
0
0
0
0
0
0
0
0
0
0
0
0
0
0
0
0
0
0
0
0
0
0
0
0
0
0
0
0
0
0
0
0
0
0
0
0
0
0
0
0
0
0
0
0
0
0
0
0
0
0
0
0
0
0
0
0
0
0
0
0
0
0
0
0
0
0
0
0
0
0
0
0
0
0
0
0
0
0
0
0
0
0
0
0
0
0
0
0
0
0
0
0
0
0
0
0
0
0
0
0
0
0
0
0
0
0
0
0
0
0
0
0
0
0
0
0
0
0
0
0
0
0
0
0
0
0
0
0
0
0
-5.68596e-16
2.98109e-16
0
0
0
0
0
0
-4.24086e-16
0
0
3.3434e-17
2.32218e-15
0
0
0
0
-3.24495e-17
0
0
0
0
0
0
0
0
0
0
0
0
-3.00902e-16
0
0
0
0
0
0
0
0
0
0
0
0
0
0
0
0
0
0
0
0
0
0
0
0
0
0
0
0
0
0
0
0
0
0
0
0
0
0
0
0
0
0
0
0
0
0
0
0
0
0
0
0
0
0
0
0
0
0
0
0
0
0
0
0
0
0
0
0
0
0
0
0
0
0
0
0
0
0
0
0
0
0
0
0
0
0
0
0
0
0
0
0
0
0
0
0
0
0
0
0
0
0
0
0
0
0
0
0
0
0
0
0
0
0
0
0
0
0
0
0
0
0
0
0
0
0
0
0
0
0
0
0
0
0
0
0
0
0
0
0
0
0
0
0
2.80955e-17
-1.66615e-16
0
0
0
0
0
0
0
0
0
0
0
0
0
0
0
0
0
0
0
0
0
0
0
0
0
0
0
0
0
0
0
0
0
0
0
1.51018e-15
-2.04071e-30
0
0
4.0694e-14
5.89494e-14
4.66441e-14
0
-4.33249e-14
-9.44475e-15
0
0
0
0
0
0
0
0
0
3.81256e-15
1.38688e-15
2.00167e-15
0
0
0
0
0
0
0
0
0
0
0
0
0
0
0
0
0
0
0
0
0
0
0
0
0
0
0
0
0
0
0
0
0
0
-2.11946e-14
0
0
0
-8.16304e-17
0
-2.24598e-16
0
0
0
0
0
0
0
0
0
0
0
0
0
0
0
0
0
0
0
0
0
0
-4.09072e-18
0
0
0
0
0
0
6.58407e-17
0
0
0
0
0
0
0
0
0
0
0
0
0
0
0
0
0
0
0
0
0
0
0
0
0
0
0
0
0
0
2.0856e-13
-3.6107e-14
-6.1029e-14
0
0
0
0
0
0
0
0
0
0
0
0
0
0
0
0
0
0
0
0
0
0
0
0
0
0
3.98765e-14
-2.83882e-14
0
-4.2271e-08
0
0
0
0
0
0
0
0
0
0
0
0
0
0
0
0
-8.90476e-17
1.22726e-16
-4.0185e-16
6.2345e-18
0
0
0
0
0
0
0
0
0
0
0
0
0
0
0
0
0
0
0
0
0
0
0
0
0
0
0
0
0
0
0
0
0
0
0
0
0
0
0
0
0
0
0
0
0
0
0
0
0
0
0
0
0
0
-2.85251e-16
1.66917e-16
0
0
0
0
0
0
0
7.22327e-17
0
0
0
0
0
0
0
0
0
0
0
0
0
0
0
0
0
0
0
0
0
0
0
0
0
0
0
0
0
-4.4517e-15
0
0
0
0
0
0
0
0
0
0
0
0
0
0
0
0
0
0
0
0
0
0
0
0
0
0
0
0
0
0
0
0
0
0
0
0
0
0
0
0
0
0
0
0
0
0
0
0
0
0
0
0
0
0
0
0
0
0
0
0
0
0
0
0
0
2.51358e-15
0
0
0
0
0
0
0
0
0
0
0
0
0
0
0
0
0
0
0
0
0
0
0
0
0
0
0
0
0
0
0
0
0
0
0
0
0
0
0
0
0
0
0
0
0
0
0
0
0
0
0
0
0
0
0
-2.35746e-15
0
1.5686e-16
0
-7.17341e-17
0
0
0
0
0
-3.85512e-17
0
-4.81695e-16
0
0
0
0
0
0
0
0
0
0
0
0
0
0
0
0
0
0
0
0
0
0
0
0
0
0
0
0
0
0
0
0
0
0
0
0
0
0
0
0
0
0
0
0
0
0
0
0
0
-1.69528e-16
9.3381e-17
0
0
0
0
0
0
0
0
0
0
0
3.68636e-15
0
0
0
0
0
0
0
0
0
0
0
0
0
0
1.00835e-30
0
0
0
0
0
0
0
0
0
0
6.36112e-16
0
0
0
0
0
0
0
0
0
0
0
0
0
0
0
0
0
0
0
0
0
0
0
0
0
0
0
0
0
0
0
0
0
0
0
0
0
0
0
0
0
0
0
0
0
0
0
0
0
0
0
0
0
0
0
0
0
0
0
0
0
0
0
0
0
0
0
0
0
0
0
0
0
0
0
0
0
0
0
0
0
0
0
0
0
0
0
0
0
0
0
0
0
0
0
0
0
0
0
0
0
0
0
0
0
0
0
0
0
0
0
0
0
0
0
0
0
0
0
0
0
0
0
0
0
0
0
0
0
0
0
0
0
0
0
0
0
0
0
0
0
0
0
0
0
0
0
0
0
0
0
0
0
0
0
0
0
0
0
0
0
0
0
0
0
0
0
0
0
0
0
0
0
0
0
0
0
0
0
0
0
0
0
0
0
0
0
0
0
0
0
0
0
0
0
0
-6.74236e-18
0
0
0
0
0
0
0
0
0
0
0
0
0
0
0
0
0
0
0
0
0
0
0
0
0
0
0
0
0
0
0
0
0
0
0
0
0
0
0
0
0
0
0
0
0
0
0
0
0
0
0
0
0
0
0
0
1.72147e-15
-3.41171e-17
0
0
0
0
0
0
0
0
0
0
0
0
0
0
0
0
0
0
0
0
0
0
0
0
0
0
0
0
0
0
0
0
0
0
0
0
0
0
0
0
0
0
0
0
0
0
0
0
0
-2.23427e-15
0
0
0
0
0
0
0
0
0
0
0
0
0
0
0
0
0
0
0
0
0
0
0
0
0
0
0
0
0
0
0
-3.86021e-16
0
0
0
0
0
0
0
0
0
0
0
0
0
0
0
0
0
0
0
0
0
0
0
0
0
0
0
0
0
0
0
0
0
0
0
0
0
0
0
0
0
0
0
0
0
0
0
0
0
0
0
0
0
0
0
0
0
0
0
0
0
0
0
0
0
0
0
0
0
0
0
0
0
0
0
0
0
0
0
-5.5001e-15
1.66523e-14
0
0
2.53642e-14
0
0
0
0
0
0
0
0
0
0
0
0
0
0
0
0
0
0
0
0
0
0
0
0
0
0
-1.59444e-18
0
0
0
0
0
0
0
0
0
0
0
0
0
-2.29473e-19
0
0
0
0
0
0
0
0
0
6.16804e-15
7.02871e-16
0
0
0
0
-1.12009e-14
0
0
0
0
0
0
0
0
0
0
0
0
0
0
8.46484e-15
0
0
0
0
0
0
0
0
0
0
0
0
0
0
0
0
0
0
0
0
0
0
0
0
0
0
0
0
0
0
0
6.12646e-14
7.31805e-14
0
0
0
0
0
0
0
9.52894e-15
6.2458e-15
0
0
0
0
0
0
1.55533e-16
-3.05981e-16
0
0
0
0
0
0
0
0
0
0
0
0
0
0
0
0
0
0
0
0
0
0
0
0
0
0
0
0
0
0
0
0
0
0
0
0
0
0
0
0
0
0
0
0
0
0
0
0
0
0
0
0
0
0
0
0
0
0
0
0
0
0
0
0
0
0
0
0
-5.07798e-17
0
-6.90524e-15
4.5394e-16
0
0
0
0
0
0
0
0
0
0
0
0
0
0
0
0
0
0
0
0
0
0
0
0
0
0
0
0
0
0
0
0
0
0
-1.42373e-15
-7.84504e-14
-1.18597e-14
0
0
0
0
0
0
0
0
0
0
0
0
0
-5.58262e-15
0
0
0
0
0
0
0
0
0
0
0
-9.83945e-16
0
0
0
0
0
0
0
0
0
0
0
-1.49779e-14
0
0
0
0
0
0
0
0
0
0
0
0
0
1.8079e-14
0
0
0
0
0
0
0
5.96865e-16
0
0
0
0
0
0
0
0
0
0
0
0
0
0
0
0
0
0
0
0
0
0
0
0
0
0
0
0
0
0
0
0
0
0
0
0
0
0
0
0
0
0
0
0
0
-1.86538e-17
-1.17729e-16
7.07065e-16
1.04697e-16
0
0
0
0
0
0
0
0
0
0
0
0
0
0
0
0
0
0
0
0
0
0
0
0
0
0
0
0
0
0
0
0
0
0
0
0
0
0
-2.70536e-16
0
0
0
0
0
0
0
0
0
0
0
0
0
0
0
0
0
0
0
0
0
0
0
0
0
0
0
0
0
0
0
0
0
0
0
0
0
0
0
0
0
0
0
0
0
0
0
0
0
9.1935e-16
0
7.23621e-16
0
0
0
1.93582e-13
3.21836e-14
0
0
0
0
0
0
0
0
0
0
0
0
4.01347e-14
4.17956e-15
-4.06978e-16
0
0
0
0
0
0
0
0
0
0
0
0
0
0
0
0
0
0
0
0
0
0
0
0
0
0
0
0
0
0
0
0
0
0
0
0
0
0
0
0
0
-5.10179e-31
0
0
0
0
0
0
0
0
0
0
0
0
0
0
5.71442e-16
0
0
0
0
0
0
0
0
0
0
0
0
0
0
0
0
0
0
0
-5.63717e-16
0
0
0
0
0
0
0
0
0
0
5.16181e-31
0
-6.43801e-15
-1.01411e-14
-4.82888e-17
0
0
0
0
0
0
0
0
0
0
0
0
0
0
0
0
0
0
0
0
0
0
0
0
0
1.35481e-16
-8.25473e-15
0
0
0
0
0
0
0
-2.85124e-16
-3.06999e-17
7.01797e-16
2.11412e-16
0
1.94408e-17
-2.79884e-15
0
0
0
0
0
0
0
0
0
0
0
0
0
0
0
0
-1.4473e-14
-2.76219e-14
0
0
0
0
5.56462e-15
0
0
0
0
0
0
0
0
0
0
0
0
0
0
0
0
0
0
0
0
0
-3.94665e-17
-1.69007e-17
0
0
0
0
0
0
0
0
0
0
0
0
0
0
0
0
0
0
0
0
0
0
0
0
0
0
0
0
0
0
0
0
0
0
0
0
0
0
0
0
0
0
0
0
0
0
0
2.0405e-14
0
0
0
0
0
0
0
0
0
0
-4.76076e-17
0
0
0
0
0
0
0
0
2.81e-15
0
0
0
0
-2.07342e-15
0
0
0
0
0
0
0
0
0
0
0
0
0
0
0
0
0
0
0
0
0
0
0
0
0
0
0
0
0
0
0
0
6.82537e-17
0
0
0
0
0
0
1.01914e-16
-9.90385e-17
0
0
0
0
0
0
0
0
0
0
0
0
0
0
0
0
0
-8.60969e-18
0
0
0
0
0
0
0
0
0
0
0
0
2.77321e-17
-3.23943e-17
0
0
0
0
0
0
0
0
0
0
0
0
0
0
0
0
0
0
0
0
0
0
0
0
0
0
0
0
0
0
0
0
0
0
0
0
0
0
0
0
0
0
0
0
-1.56949e-15
0
0
0
0
0
0
0
0
0
4.45201e-14
-1.92761e-14
0
-4.95825e-14
0
2.65129e-18
0
0
0
0
0
0
0
0
0
0
0
0
0
0
0
0
0
0
0
0
0
0
0
0
0
0
0
0
0
0
0
0
0
0
0
0
0
0
0
0
0
0
0
0
0
0
0
0
0
0
0
0
0
-2.82418e-17
0
0
0
0
0
0
0
0
0
0
0
0
0
-1.18784e-16
0
0
0
0
0
0
0
0
0
0
0
0
0
0
0
0
0
0
0
0
0
0
0
0
0
0
0
0
0
0
0
0
0
0
0
0
0
-9.79032e-16
0
0
0
0
0
0
0
0
0
0
0
0
0
0
0
9.55474e-15
0
0
0
0
0
0
0
0
0
-3.50648e-16
5.98954e-17
0
0
-3.49556e-14
0
0
0
0
0
0
0
0
0
0
0
0
0
0
0
0
0
0
-5.28171e-16
0
0
0
0
0
0
0
0
0
0
0
0
0
0
0
0
4.60961e-30
0
0
0
0
0
0
0
0
0
0
0
0
0
0
0
0
0
0
0
0
0
0
0
0
0
0
0
0
0
1.58285e-17
0
0
0
0
0
0
0
0
0
0
0
0
0
0
0
0
0
0
0
0
0
0
0
0
0
0
0
0
0
0
0
0
0
0
0
0
-2.45833e-14
0
2.52714e-15
4.42839e-14
0
0
0
0
0
0
0
0
0
0
0
0
4.92059e-14
0
0
0
0
0
0
0
0
0
0
-3.6773e-17
0
0
0
0
0
0
0
0
0
0
-3.32815e-14
0
3.11457e-16
0
5.98306e-17
0
0
0
0
2.13778e-16
0
0
0
0
0
0
0
0
0
1.42178e-15
0
0
0
0
0
0
0
0
-6.19474e-16
-4.12945e-30
0
0
0
0
0
0
0
0
0
0
0
0
0
0
0
0
0
0
0
0
-4.33305e-14
7.28828e-14
0
0
0
0
0
0
1.0817e-15
0
0
0
0
0
0
0
0
0
0
0
0
0
0
0
0
0
0
0
0
0
0
-1.02138e-14
0
0
0
0
0
0
0
0
0
0
0
0
0
0
0
0
0
0
0
0
0
0
0
0
0
0
0
0
0
0
0
0
0
-2.02689e-16
-1.02378e-14
-7.87242e-17
0
0
0
0
0
0
0
0
0
0
0
0
0
0
0
0
2.71596e-16
0
0
0
0
0
0
0
0
0
0
-7.63481e-17
0
0
0
0
0
0
0
0
0
0
0
0
0
8.2303e-16
0
0
0
0
0
0
0
0
0
0
1.23532e-15
0
0
0
0
0
0
-2.79384e-14
7.54821e-14
-7.32766e-14
0
0
0
0
0
0
0
0
0
0
0
0
0
5.72089e-14
4.32644e-14
-1.31273e-13
7.11611e-14
0
1.92619e-14
0
-1.26575e-13
0
0
0
0
0
0
0
0
0
0
0
0
0
0
0
0
0
0
0
0
0
0
0
0
0
0
0
0
0
0
0
0
0
0
0
0
0
0
0
0
0
0
0
0
0
0
0
0
0
0
0
0
0
6.40224e-31
9.0119e-15
-1.80238e-14
0
0
0
0
0
0
0
0
0
0
0
0
0
0
0
0
0
0
0
0
0
0
0
0
0
0
0
0
0
0
0
0
0
0
0
0
0
0
0
0
0
0
0
0
0
0
0
0
0
0
0
0
0
0
0
0
0
0
0
0
0
-2.05762e-16
0
0
0
0
0
0
0
0
0
0
0
0
0
0
0
0
0
0
0
0
0
0
0
0
0
0
0
-1.87746e-14
0
0
0
0
0
0
0
0
0
0
0
0
0
-1.47368e-14
0
0
0
0
0
0
0
0
0
0
0
0
0
0
0
0
0
0
0
0
0
0
0
0
5.83396e-15
0
0
0
0
0
0
0
0
0
0
0
0
0
0
-2.26778e-15
0
0
0
0
0
3.60126e-32
0
0
0
0
0
0
0
0
0
0
0
2.15817e-15
7.02454e-16
0
0
0
0
0
0
0
0
0
0
0
0
0
0
0
4.5652e-14
1.86762e-15
0
0
0
0
0
0
0
0
0
0
0
0
0
0
0
0
-9.31728e-17
-2.97531e-16
2.74574e-16
0
0
0
0
0
0
0
0
0
0
0
0
0
0
0
0
0
0
0
0
0
0
0
0
0
0
0
0
0
0
0
0
0
0
0
0
0
0
0
0
0
0
0
0
0
0
0
0
0
0
0
0
0
0
0
0
0
0
0
0
0
0
0
0
0
0
0
0
-5.04238e-14
0
0
0
0
0
0
0
0
0
0
0
0
0
0
1.75732e-14
-9.76721e-15
0
0
0
0
0
0
0
0
0
0
0
0
0
0
0
0
-6.69061e-16
0
0
0
0
0
0
0
0
0
0
0
0
0
0
0
0
0
0
0
0
0
0
0
0
0
0
0
0
0
0
0
0
0
0
-3.19447e-14
0
0
0
0
0
0
0
0
0
0
0
-2.50423e-15
-2.74162e-15
0
0
0
0
0
0
0
0
0
0
0
0
0
0
0
0
0
0
0
0
0
0
0
0
0
0
0
0
0
0
0
0
0
0
0
0
0
0
0
0
0
0
0
0
0
0
0
0
0
0
0
0
0
-4.83974e-15
0
0
0
0
0
0
0
0
0
0
0
0
0
0
0
0
0
0
0
0
0
0
0
0
0
0
0
0
0
0
0
0
0
0
0
0
0
0
0
0
0
0
0
0
0
0
0
0
0
0
0
0
0
0
0
0
0
0
0
0
0
0
0
0
0
0
0
0
0
0
0
0
0
0
0
0
0
0
0
0
0
-1.34632e-16
6.471e-17
0
0
0
0
0
0
0
0
0
0
0
3.81702e-18
0
0
0
0
0
0
0
0
-2.66191e-14
-2.70359e-15
0
-1.4273e-14
-4.73762e-14
0
0
0
0
0
0
0
0
0
0
0
0
0
0
0
0
0
0
0
0
0
0
0
0
0
0
0
0
0
0
0
0
0
0
0
0
0
0
0
0
0
0
0
0
0
0
0
0
0
0
0
0
0
0
0
0
0
0
0
0
0
0
0
0
0
0
-7.8507e-14
0
0
0
2.55124e-16
-4.53656e-17
0
0
0
0
0
2.04239e-16
0
0
0
0
0
0
0
0
0
0
0
0
0
0
0
0
0
0
0
0
0
0
0
0
0
0
0
0
0
0
0
0
0
0
0
0
0
0
0
0
0
0
0
0
0
0
0
0
0
0
0
0
0
0
0
0
0
0
0
0
0
0
0
0
0
0
0
0
0
9.38137e-14
0
0
0
0
0
0
0
0
0
0
0
0
0
0
0
0
0
0
0
0
8.69311e-15
0
0
0
0
0
0
-6.84608e-14
0
0
0
0
0
0
0
0
0
0
0
0
0
0
0
0
0
-3.30481e-15
3.30443e-15
0
0
0
0
0
0
0
0
0
0
0
0
0
0
0
0
0
0
0
0
0
0
0
0
0
0
0
0
0
0
0
0
0
0
0
0
0
0
0
0
0
0
0
0
0
0
0
0
0
0
0
0
0
0
0
0
0
0
-1.00613e-16
0
0
0
0
0
0
0
0
0
0
0
0
1.11588e-17
0
0
0
0
0
0
0
-5.56021e-14
0
0
0
0
0
0
0
0
0
0
0
0
0
0
0
0
0
0
0
0
0
0
0
0
0
0
3.63499e-15
-1.89235e-14
0
0
0
0
0
0
0
0
0
0
0
1.64441e-14
9.98984e-15
0
0
0
0
0
0
0
0
0
0
0
0
0
0
0
0
0
0
0
0
0
0
0
0
0
0
0
0
0
0
0
0
0
0
0
0
0
0
0
0
0
0
0
0
0
0
0
0
0
0
0
0
0
0
0
0
0
0
0
0
0
0
0
0
0
0
0
0
0
0
0
0
0
0
0
0
0
0
0
1.42751e-15
-1.9714e-14
0
0
0
0
0
0
0
0
0
0
0
0
0
0
0
0
0
0
0
0
0
0
0
0
0
0
0
0
0
0
0
0
0
0
0
0
0
0
0
0
0
0
0
0
0
0
0
0
0
0
0
0
0
0
0
-1.36358e-16
0
0
0
0
0
0
0
0
0
0
0
0
0
0
0
0
0
0
0
0
0
0
0
0
0
0
0
0
0
0
0
0
0
0
0
0
-1.01511e-14
0
0
0
0
0
0
0
0
0
0
0
0
0
0
0
0
0
0
0
0
0
0
0
0
0
0
0
0
0
-1.13493e-15
0
0
0
0
0
0
0
0
0
0
0
0
0
0
0
0
0
0
0
0
-1.54575e-16
0
0
-1.66702e-15
1.37298e-15
0
0
0
0
-1.81172e-14
-1.28279e-14
0
0
0
-6.95325e-14
0
0
0
0
0
0
0
0
0
0
0
0
0
0
0
0
0
0
2.42574e-16
0
1.17579e-16
0
0
0
-7.18322e-16
0
-3.68941e-16
0
0
0
0
0
0
0
0
0
0
0
0
0
0
0
0
0
0
0
0
0
0
0
0
0
0
0
0
0
0
0
0
0
0
0
0
0
0
0
0
0
0
0
0
0
0
0
0
0
0
0
0
0
0
0
0
0
0
-1.57208e-16
0
0
0
0
0
0
0
0
0
0
-6.63529e-18
0
0
0
0
0
0
0
0
0
0
0
0
0
0
0
0
0
0
0
0
5.23705e-15
0
0
0
0
-8.10552e-15
0
0
0
0
0
0
0
0
0
0
0
0
0
0
0
0
3.37289e-15
3.66421e-15
0
0
0
0
0
0
0
0
0
0
0
0
0
-1.72913e-13
2.06478e-15
-2.12521e-14
0
0
0
0
0
0
0
0
0
0
0
0
0
0
0
0
0
0
0
0
0
0
0
0
0
0
0
0
0
1.28873e-14
0
0
0
0
0
0
0
0
0
0
0
0
0
0
0
0
0
0
0
0
0
0
0
0
0
0
0
0
0
0
0
0
0
0
0
0
0
-4.17356e-15
-1.86888e-14
8.50457e-18
0
0
0
0
0
0
0
0
0
0
0
0
0
0
0
0
0
0
0
0
0
0
0
0
0
0
0
0
0
0
0
0
0
0
0
0
2.38032e-14
-3.48642e-15
0
0
0
0
0
0
0
0
0
0
0
0
0
0
0
0
0
0
0
0
0
0
0
0
4.79319e-17
0
0
0
0
0
0
0
0
0
0
0
0
0
0
0
-5.04176e-31
8.83686e-16
-7.524e-16
0
0
0
0
0
0
0
0
-7.43165e-15
0
0
0
0
0
0
0
0
0
0
0
0
0
0
0
0
0
0
0
0
0
0
0
0
0
0
0
0
0
0
0
0
0
0
0
0
0
0
0
0
0
0
0
0
0
0
0
0
0
0
0
0
0
0
0
0
0
0
0
0
0
0
0
0
0
0
0
0
0
0
0
0
0
0
-4.29152e-16
0
0
0
-1.70713e-14
0
-3.28801e-14
0
0
0
0
0
0
2.73492e-16
0
0
0
0
0
0
0
0
0
0
0
0
0
0
0
0
0
0
0
0
0
0
0
0
0
0
0
0
0
0
0
0
0
0
0
0
0
0
0
0
0
0
0
0
0
0
0
0
0
0
0
0
0
0
0
0
0
0
0
0
0
0
0
0
8.30463e-17
0
0
0
0
0
0
0
0
0
3.39304e-16
0
0
0
0
0
0
0
0
0
0
0
0
0
0
0
0
0
0
0
0
0
0
0
0
0
0
0
0
0
0
0
0
0
0
0
0
0
-3.35028e-15
1.05968e-14
0
0
0
0
0
0
0
0
7.00608e-16
0
0
0
0
0
0
0
0
0
0
0
0
0
0
0
0
0
0
0
0
0
0
0
0
0
0
0
0
0
0
0
0
0
0
0
0
0
0
0
0
0
0
0
0
0
0
0
0
0
6.3634e-16
0
0
0
0
3.97718e-15
0
-2.06254e-14
0
0
0
0
0
0
0
0
0
0
0
0
0
0
-1.42665e-17
0
0
0
0
0
0
0
0
0
0
0
0
0
0
0
0
0
0
0
0
0
0
3.5322e-16
1.97561e-16
0
0
0
0
0
0
0
0
0
0
0
0
0
0
0
0
0
0
0
0
0
0
0
0
0
0
0
0
0
0
0
0
0
0
0
0
0
0
0
0
0
0
0
3.86565e-16
0
0
0
0
0
0
0
0
0
0
0
0
0
0
0
0
0
0
0
0
0
0
0
0
0
0
0
0
0
0
0
0
0
0
0
0
0
0
0
0
0
0
0
0
0
0
0
0
0
0
0
0
0
0
0
0
0
0
0
0
0
-9.01977e-16
0
0
0
0
0
0
0
0
0
0
0
0
0
0
0
0
0
0
0
0
0
0
0
0
0
0
0
0
0
0
0
0
0
0
0
0
0
0
0
0
0
0
0
0
0
0
0
0
0
0
0
0
0
0
0
0
0
0
0
0
0
0
0
0
0
0
0
0
0
0
0
0
0
0
0
0
0
0
0
0
0
0
0
0
0
1.66453e-16
0
0
0
0
0
0
0
0
0
0
0
0
0
0
0
0
0
0
0
0
0
0
0
0
0
0
0
0
0
0
0
0
0
0
0
0
0
0
0
0
0
0
0
0
0
0
0
0
0
0
0
0
0
0
0
0
1.54622e-16
-7.78309e-16
0
0
0
0
-1.80577e-14
0
0
0
0
0
0
0
0
0
0
0
0
0
2.73746e-14
0
0
0
0
0
0
0
0
0
0
0
0
0
0
0
0
0
0
0
1.6174e-15
0
0
0
0
0
0
0
0
0
0
0
0
0
0
0
0
0
0
0
0
0
0
0
0
0
0
0
0
0
0
0
0
0
0
1.11072e-16
0
0
0
0
0
0
0
0
-4.49549e-16
0
0
0
0
0
0
0
0
0
0
0
0
0
0
0
0
0
0
0
0
0
0
0
0
0
0
0
0
0
0
0
0
0
0
0
0
0
0
0
0
0
2.84221e-16
0
0
0
0
0
0
0
0
0
0
0
0
0
0
0
0
0
0
0
0
0
0
0
0
0
0
0
0
0
0
0
0
0
0
0
0
0
0
0
0
0
0
0
0
0
0
-2.42801e-14
-7.67521e-14
0
0
0
0
0
0
0
0
0
0
0
0
0
0
0
0
-3.26113e-16
-2.2068e-16
0
0
0
0
0
0
0
0
0
0
0
0
0
0
0
0
0
0
0
0
0
0
0
0
0
0
0
0
0
0
0
0
0
0
0
0
0
0
0
0
0
0
0
0
0
0
0
0
0
0
0
0
0
0
0
0
0
0
0
0
0
0
0
0
0
0
0
0
0
0
0
0
0
0
0
0
0
0
0
0
0
0
0
0
0
0
0
0
0
0
0
0
0
0
0
0
0
0
0
0
0
0
0
0
0
0
0
0
0
0
0
0
0
0
-6.73186e-15
0
0
0
0
0
0
0
0
0
0
0
0
0
0
0
0
0
0
0
0
0
0
0
0
-6.60566e-14
0
0
0
0
0
0
0
0
0
0
0
0
0
1.84951e-14
0
-7.87198e-14
0
0
0
0
0
0
0
0
0
0
0
0
0
0
0
0
0
0
0
0
0
0
0
0
0
0
0
0
0
-2.35152e-17
-1.10659e-15
0
0
0
0
0
0
0
0
-5.93668e-14
0
0
0
0
0
0
0
0
0
0
0
0
0
0
0
0
0
0
0
0
0
0
0
0
0
0
0
1.19585e-14
-2.15621e-16
4.22642e-16
0
0
0
0
0
0
0
0
0
0
0
0
0
0
0
0
0
0
0
0
0
0
0
0
0
0
0
0
0
0
0
0
0
0
0
0
0
0
0
0
0
0
0
0
0
0
0
0
0
0
0
0
0
0
0
0
0
0
0
0
0
0
0
0
0
0
0
0
0
0
0
0
0
0
0
0
0
0
-1.13035e-17
0
2.55762e-14
-4.14224e-15
0
0
0
0
0
0
-2.25258e-16
1.39468e-16
0
0
0
0
0
0
0
0
0
0
0
0
0
0
0
0
0
8.87646e-15
-8.45979e-15
0
0
0
0
0
0
0
0
0
9.00197e-14
-6.79992e-14
0
0
0
0
0
0
0
0
0
0
0
0
0
0
0
0
0
0
0
0
0
0
0
0
0
0
0
3.75378e-15
0
0
0
0
0
0
0
0
0
0
0
0
0
0
0
0
0
0
0
0
0
0
0
0
0
0
0
0
0
0
0
0
0
0
0
0
0
0
-1.66741e-14
-2.92258e-14
0
0
0
0
5.82316e-15
0
0
0
0
0
0
0
0
0
0
0
0
0
0
0
0
0
0
0
0
0
0
0
0
0
0
0
0
0
0
0
0
0
0
0
0
0
0
0
0
9.75507e-15
0
0
0
0
0
0
0
0
0
0
0
0
0
0
0
0
0
5.8957e-15
0
0
0
0
0
0
0
0
0
0
-2.26334e-15
0
-1.73467e-15
-8.85354e-15
0
0
0
0
0
0
0
0
1.32606e-14
0
0
0
0
0
0
5.52397e-17
1.90496e-16
0
0
0
0
0
0
0
0
0
0
0
0
9.17573e-16
0
0
0
0
0
0
0
0
0
0
0
0
0
0
0
0
0
0
0
0
0
0
5.79923e-15
0
0
0
0
0
0
0
0
2.44193e-14
0
0
0
0
0
0
0
0
0
0
0
0
0
-6.09581e-17
1.85882e-15
0
0
0
0
0
0
0
0
0
0
0
0
0
0
0
0
0
0
0
0
1.03945e-15
-1.66233e-16
0
0
0
0
0
0
0
0
0
0
0
0
8.19487e-30
0
0
0
0
0
1.97463e-16
0
0
0
0
0
0
0
0
0
0
0
0
0
0
0
0
0
0
0
0
0
0
0
0
0
0
0
0
1.46192e-16
1.76544e-16
0
0
0
0
-1.23853e-14
0
0
0
0
0
7.89751e-16
3.29159e-16
0
0
0
0
0
0
0
0
0
0
0
0
0
0
0
0
0
0
0
0
0
0
0
0
0
0
0
0
0
0
0
0
0
0
0
0
0
0
0
0
0
0
0
0
0
0
0
0
0
0
0
0
0
0
0
0
0
0
0
0
0
0
0
0
0
0
0
0
-7.4931e-16
0
0
0
0
0
0
0
0
0
0
0
0
0
0
0
-2.69921e-16
0
-3.04865e-17
0
0
0
0
0
0
0
0
0
0
0
0
0
0
0
0
0
0
0
0
0
0
0
0
0
0
0
0
0
0
0
0
0
0
0
0
0
-4.8605e-14
0
0
0
0
0
0
0
0
0
0
0
0
0
0
0
0
0
-8.49647e-17
-2.56431e-16
0
0
0
0
-1.11861e-16
-6.07769e-17
0
0
0
0
0
0
0
8.9789e-17
-2.50514e-16
0
0
0
0
0
0
0
0
0
0
0
0
0
0
0
0
0
0
0
0
0
0
0
0
0
0
0
0
0
0
0
0
0
0
0
0
0
0
0
0
0
0
0
0
0
0
0
0
0
0
0
0
0
0
0
0
0
4.57871e-16
0
0
0
0
0
0
0
0
0
-2.71099e-16
6.71383e-16
0
0
0
0
3.99693e-16
0
0
0
0
0
0
2.35478e-15
0
0
0
0
0
0
0
0
0
0
0
0
0
0
0
0
2.86497e-17
0
0
0
0
0
0
0
0
0
0
0
0
0
0
0
0
0
0
0
0
0
0
0
0
0
0
0
0
0
0
0
0
0
0
0
0
0
0
0
0
0
0
0
0
0
0
0
0
0
0
0
0
-1.25587e-16
0
0
0
0
0
0
0
0
0
0
0
0
0
0
0
0
0
0
0
0
0
0
0
0
0
0
0
0
0
0
0
0
0
0
0
0
0
0
0
0
0
0
0
0
0
0
0
0
0
0
0
0
0
0
0
0
0
0
0
0
0
4.16625e-16
0
0
0
0
0
0
0
0
0
0
0
0
0
0
0
0
0
0
0
0
0
0
-2.27881e-17
0
0
0
0
0
0
0
3.70914e-17
0
0
0
0
0
0
0
0
0
0
0
0
0
0
0
0
0
0
0
0
0
0
0
0
0
0
0
0
0
0
0
0
0
0
0
0
0
0
0
0
0
0
0
0
0
0
0
0
0
0
0
0
0
0
0
0
0
0
0
0
0
0
0
0
0
0
0
0
0
0
0
0
0
0
0
0
0
2.55089e-31
0
0
0
-2.92076e-14
0
0
0
0
0
0
0
0
0
0
0
0
0
0
0
0
0
0
0
0
0
0
0
0
0
0
0
0
-6.13485e-19
0
0
0
0
0
0
0
0
0
0
-2.39523e-14
1.15307e-14
0
0
3.62389e-19
0
0
0
0
0
0
0
0
0
0
0
0
0
0
0
0
0
0
0
0
0
0
0
0
0
0
0
0
0
0
0
0
0
0
0
0
0
0
0
0
0
1.10313e-15
4.74862e-15
0
0
0
-4.79742e-14
0
7.60977e-15
0
0
0
0
0
0
0
0
0
0
0
0
0
0
0
0
0
0
0
0
0
0
0
0
0
0
0
0
0
0
0
0
0
0
0
0
0
0
0
0
0
0
0
0
0
0
0
0
8.24804e-15
1.9418e-14
0
0
2.70072e-16
-5.12542e-16
-8.0118e-14
-4.09343e-30
-1.52464e-15
0
0
0
0
0
0
0
0
0
0
0
0
0
0
0
0
1.46144e-17
0
0
0
0
0
0
0
0
0
0
0
0
0
0
0
0
0
0
0
0
0
0
0
0
0
0
0
0
0
0
0
0
0
0
0
0
-1.15945e-17
0
0
0
0
0
0
0
0
0
0
0
0
0
0
-6.07061e-17
0
1.31349e-16
0
0
0
0
0
0
0
0
0
0
0
0
0
0
0
0
0
0
0
0
0
0
0
0
0
0
0
0
0
0
0
0
0
0
0
0
0
0
0
0
0
0
0
0
0
0
0
0
0
0
0
0
0
0
0
0
0
0
0
0
0
0
0
0
7.06158e-15
0
0
0
0
0
0
0
0
-1.94096e-16
-3.50653e-17
0
0
0
0
0
0
0
0
0
0
0
0
0
0
0
0
0
0
0
0
0
0
0
0
0
0
0
0
0
0
0
0
0
0
-4.14101e-15
-3.75215e-14
0
0
0
0
1.36546e-15
0
0
0
-3.7117e-15
0
0
0
0
0
0
0
0
0
2.08522e-14
0
0
0
1.75418e-16
-1.01165e-16
0
0
0
0
-7.04556e-14
0
0
0
0
0
0
0
0
0
0
0
0
0
0
0
0
0
0
0
0
0
0
0
0
0
0
0
0
0
-1.72133e-14
0
0
0
-1.34299e-13
0
0
0
0
0
0
0
0
0
0
0
0
0
0
0
0
0
0
0
0
0
-3.43858e-17
-1.66329e-16
0
0
0
0
0
0
0
-1.96767e-17
-1.07428e-16
0
0
0
0
0
0
0
0
0
0
0
0
2.11623e-15
0
0
0
0
0
0
0
0
0
0
0
1.00239e-14
1.05867e-15
0
0
0
0
0
0
0
0
0
0
0
0
0
0
0
-1.10524e-16
0
0
0
0
0
0
0
0
0
0
0
0
0
0
0
0
0
0
0
0
0
0
0
0
0
0
0
0
0
0
0
0
0
0
0
0
0
0
0
0
0
0
6.94304e-16
-7.64328e-14
0
0
0
0
0
0
0
0
0
0
0
0
1.14421e-14
0
0
0
0
0
0
0
1.54216e-15
0
0
0
0
0
0
0
0
0
0
0
0
0
0
0
0
0
0
0
0
0
0
0
7.1869e-15
-9.40239e-15
0
0
0
0
0
0
0
-9.06511e-15
1.81302e-14
0
0
-1.84968e-15
0
0
0
0
0
0
0
0
0
0
0
0
0
0
0
0
0
0
0
0
0
0
0
0
0
0
0
0
0
0
0
0
0
1.18961e-15
0
0
0
0
0
0
0
0
0
0
0
0
0
0
0
0
0
0
0
0
0
0
0
0
0
0
0
0
0
0
0
-2.03398e-14
0
0
0
0
0
0
0
0
0
0
0
0
0
0
0
0
0
0
0
0
0
0
0
0
0
0
0
0
0
0
0
0
9.1101e-17
-2.37847e-15
0
0
0
0
0
0
0
0
0
0
0
0
0
0
0
0
0
0
0
0
0
0
0
0
0
-5.93918e-14
0
0
0
0
0
0
0
0
0
0
-7.41394e-14
0
0
0
0
0
0
0
0
0
0
0
0
0
0
0
0
0
0
-2.54481e-16
1.68147e-14
7.00075e-17
0
0
0
0
0
0
0
0
0
0
0
0
0
0
0
0
0
0
-7.98642e-14
0
0
0
0
0
0
0
0
0
0
-2.21049e-14
0
0
0
0
-4.10156e-14
0
0
0
0
0
0
0
0
0
0
0
0
0
0
4.18651e-17
0
0
0
0
0
0
-2.36883e-15
0
0
0
0
-3.74441e-14
0
0
0
0
0
0
0
0
0
0
0
0
0
0
0
0
0
0
0
0
0
0
0
0
0
0
0
0
0
0
0
0
0
0
4.94507e-17
1.77205e-15
0
0
0
0
0
0
0
-1.4316e-14
0
0
0
0
0
0
0
0
0
0
0
0
0
0
0
-3.07329e-14
-1.43389e-14
0
0
0
0
0
0
0
-7.45583e-17
0
0
0
0
0
0
0
0
0
0
0
0
0
0
0
0
0
0
0
0
0
0
0
0
0
0
0
0
0
0
0
0
0
0
-1.96973e-14
0
0
0
0
0
0
0
0
0
0
0
0
-1.62126e-16
0
0
0
0
0
0
0
0
0
0
0
0
0
0
0
0
0
0
0
0
0
0
0
0
0
0
0
0
0
0
0
0
0
0
0
0
0
0
0
0
0
0
0
0
0
0
0
0
0
0
0
0
0
0
0
0
0
0
0
0
0
0
0
0
0
0
0
0
0
0
0
0
0
0
0
0
0
0
0
0
0
0
0
0
0
0
0
0
0
0
0
0
0
0
0
0
0
0
0
0
0
0
0
0
0
0
0
0
0
0
0
0
0
0
0
0
0
0
0
0
0
0
0
0
0
0
0
0
0
0
0
0
0
0
0
0
0
0
0
0
0
0
9.07419e-15
0
4.2271e-08
4.2271e-08
3.85476e-08
4.59944e-08
4.56924e-08
3.88496e-08
5.39575e-08
3.05845e-08
5.03994e-08
3.41426e-08
4.058e-08
4.3962e-08
3.96094e-08
4.49326e-08
5.07852e-08
3.37568e-08
4.10354e-08
4.35066e-08
5.2092e-08
3.245e-08
4.2271e-08
4.2271e-08
4.2271e-08
4.2271e-08
4.20599e-08
4.24821e-08
5.42246e-08
3.03174e-08
4.32795e-08
4.12625e-08
4.89838e-08
5.40204e-08
3.05216e-08
4.81627e-08
3.63793e-08
4.64229e-08
3.81191e-08
3.45883e-08
4.99537e-08
4.2271e-08
5.01443e-08
3.43977e-08
4.31499e-08
4.13921e-08
4.2271e-08
4.2271e-08
4.04675e-08
4.40745e-08
4.27639e-08
4.17781e-08
5.13865e-08
3.31555e-08
3.64001e-08
4.81419e-08
3.77041e-08
4.68379e-08
0
0
0
0
0
0
0
0
0
0
0
0
0
0
0
0
0
0
0
0
0
0
0
0
0
0
0
0
0
0
0
0
0
0
0
0
0
0
0
0
0
0
0
0
0
0
0
0
0
0
0
0
0
0
0
0
0
0
0
0
1.00661e-15
0
0
0
0
0
0
0
0
0
0
0
0
0
0
0
0
0
0
0
0
1.10855e-14
0
0
0
0
0
0
0
0
0
0
0
-1.39583e-15
0
0
2.23669e-14
2.44688e-14
0
0
0
0
0
0
0
0
0
0
0
0
0
0
0
0
0
0
0
0
0
0
0
0
0
0
0
0
0
0
0
0
0
0
0
0
0
0
0
0
0
2.61552e-14
0
0
0
0
0
3.40251e-08
5.05169e-08
3.41002e-08
5.04418e-08
4.23183e-08
4.22237e-08
0
0
0
0
0
3.86805e-08
4.58615e-08
0
5.48251e-08
2.97169e-08
0
0
0
0
0
0
0
0
0
4.28592e-08
4.16828e-08
4.2271e-08
4.2271e-08
0
0
0
0
0
0
0
0
0
0
0
0
0
0
0
0
4.36665e-08
4.08755e-08
0
0
0
0
0
0
0
4.50832e-08
3.94588e-08
4.02616e-08
4.42804e-08
0
0
0
0
3.75733e-08
4.69687e-08
0
0
0
0
0
1.28144e-15
0
0
0
0
0
0
0
0
0
0
0
0
0
0
2.3918e-17
0
0
0
0
0
5.01272e-08
3.44148e-08
0
0
0
0
7.64212e-16
-1.74292e-14
0
0
4.2271e-08
4.2271e-08
4.04444e-14
5.43883e-15
0
0
0
0
0
4.18498e-08
4.26922e-08
4.52194e-08
3.93226e-08
0
0
0
3.86855e-08
4.58565e-08
0
0
0
0
4.80133e-08
3.65287e-08
0
0
5.07074e-08
3.38346e-08
0
0
0
0
0
8.75438e-17
0
0
0
4.04695e-16
0
0
0
0
4.29891e-08
4.15529e-08
0
0
0
0
0
0
0
0
0
0
0
0
0
0
0
0
0
4.1179e-08
4.3363e-08
3.11814e-16
7.61479e-16
0
0
4.43026e-08
4.02394e-08
0
4.1826e-08
4.2716e-08
0
0
0
0
0
0
0
0
5.39843e-08
3.05577e-08
3.83653e-08
4.07021e-08
4.38399e-08
4.2271e-08
4.2271e-08
3.88033e-08
4.57387e-08
4.2271e-08
4.2271e-08
4.20729e-08
4.24691e-08
0
0
0
0
0
0
0
0
0
0
0
0
0
0
0
0
0
0
0
4.2271e-08
4.2271e-08
0
4.13906e-08
4.31514e-08
4.32545e-08
4.12875e-08
0
0
0
0
0
0
4.68086e-08
3.77334e-08
0
0
3.57073e-08
4.88347e-08
4.2271e-08
4.2271e-08
0
0
0
0
0
0
4.15132e-08
4.30288e-08
0
0
0
0
0
0
0
4.79824e-08
3.65596e-08
0
0
0
0
0
0
0
0
0
0
0
4.2271e-08
4.2271e-08
2.73842e-14
0
4.5975e-08
3.8567e-08
0
0
0
0
0
0
0
0
0
5.29247e-08
3.16173e-08
0
0
0
4.2271e-08
4.2271e-08
0
4.2271e-08
4.2271e-08
0
5.15031e-08
3.30389e-08
0
0
0
0
0
0
0
6.33397e-08
6.28735e-08
-6.28735e-08
-6.95815e-08
6.95815e-08
7.71454e-08
-7.71454e-08
-8.00509e-08
8.00509e-08
0
0
0
0
0
0
0
0
0
0
0
0
0
0
0
0
0
0
0
0
0
0
0
0
-1.14683e-16
7.73306e-16
0
0
5.21361e-08
3.24059e-08
0
0
0
0
0
0
0
0
0
0
0
0
0
0
0
4.2271e-08
4.2271e-08
0
0
0
0
0
0
0
0
0
0
0
3.97438e-08
4.47982e-08
3.92045e-14
0
0
0
0
0
0
0
0
0
0
0
4.73504e-08
3.71916e-08
0
0
0
5.80348e-08
2.65072e-08
0
0
0
0
0
0
0
0
0
0
0
0
0
0
0
0
0
0
4.65795e-08
3.79625e-08
0
-6.40109e-15
-1.24197e-13
-1.31979e-14
0
0
0
0
-8.44977e-14
-3.61968e-14
0
0
0
4.06411e-08
4.39009e-08
5.32228e-08
3.13192e-08
0
3.23742e-14
0
0
4.32769e-08
4.12651e-08
0
0
0
0
0
0
0
4.8273e-08
3.6269e-08
0
0
0
0
0
7.27597e-16
-5.42906e-15
0
0
0
0
0
0
0
0
0
0
3.9601e-08
4.4941e-08
0
0
0
0
0
0
0
0
0
0
0
0
0
0
0
0
0
4.28694e-08
4.16726e-08
4.2271e-08
4.2271e-08
0
4.28858e-08
4.16562e-08
0
0
0
0
0
0
0
0
0
0
0
0
0
0
0
0
0
0
0
0
0
0
0
0
0
0
0
0
0
0
0
0
0
0
0
0
0
0
0
0
0
0
0
0
0
0
0
0
0
0
0
0
0
0
0
0
0
0
0
0
0
0
0
3.95388e-16
0
-1.31299e-13
0
0
0
0
0
0
1.02145e-15
0
0
0
0
0
0
0
0
0
0
0
0
0
0
0
0
0
0
0
0
0
0
0
0
0
0
0
0
0
0
0
0
0
0
0
0
0
0
0
0
0
-3.50185e-16
0
0
0
4.2271e-08
4.2271e-08
0
0
0
0
0
0
0
0
0
0
0
0
0
0
0
0
0
0
0
0
0
0
0
0
0
0
0
0
0
0
0
0
0
0
0
0
0
0
0
0
0
0
0
3.08813e-15
0
0
0
0
0
0
0
0
0
0
4.57889e-08
3.87531e-08
4.32241e-08
4.13179e-08
0
0
0
0
0
0
0
0
0
0
0
0
-3.41731e-16
0
0
0
0
0
0
0
0
0
0
0
0
0
0
0
0
0
0
0
0
0
0
0
0
0
0
0
0
0
0
0
0
0
0
0
0
0
0
0
0
0
0
0
0
0
0
0
0
0
0
0
0
0
0
0
0
0
0
0
0
0
0
0
0
0
0
0
0
4.57815e-08
3.87605e-08
0
0
0
0
0
0
0
0
0
0
0
0
0
0
0
0
0
0
0
0
0
0
0
0
0
0
0
0
0
0
0
0
0
-2.63962e-15
0
0
0
0
0
0
0
0
0
0
0
0
0
0
0
0
0
0
0
0
0
0
4.02351e-16
-5.58504e-16
0
0
0
0
0
0
0
0
0
0
0
0
0
0
0
0
0
0
0
0
0
0
0
0
0
0
0
0
0
0
0
0
0
2.69837e-15
0
0
0
0
0
0
0
0
0
0
4.7354e-08
3.7188e-08
-1.60263e-15
0
0
1.84631e-14
0
0
0
0
0
0
0
0
0
-2.69672e-14
0
0
0
0
0
0
0
0
0
0
0
0
0
0
0
0
0
0
0
0
0
0
0
0
0
0
0
0
0
0
0
0
0
0
0
0
0
0
0
0
0
0
0
0
0
0
0
0
0
0
0
0
0
0
0
0
0
0
0
0
0
0
0
0
0
0
0
0
0
0
0
0
0
0
0
0
0
0
0
0
0
0
0
0
0
0
-2.30243e-16
0
3.20994e-16
5.53239e-15
4.38696e-08
4.06724e-08
0
0
0
1.14944e-16
0
0
0
0
-1.45782e-14
-2.97142e-14
0
0
0
0
0
0
0
0
0
-5.08118e-18
0
0
0
0
0
0
0
0
0
0
0
0
0
0
0
0
0
0
0
0
0
0
0
0
0
1.77576e-16
0
0
0
0
0
0
0
0
0
0
0
0
0
0
0
0
0
0
0
0
0
0
0
0
0
7.80211e-14
0
0
0
0
0
0
0
0
0
0
0
0
0
0
0
-5.95507e-15
-7.9413e-15
0
0
0
0
0
0
0
0
0
0
-2.10432e-14
0
0
0
0
0
0
0
0
0
0
0
0
0
0
0
0
0
0
0
0
-5.28253e-14
2.26685e-15
-6.73791e-15
0
0
0
0
0
0
1.0537e-14
-4.24073e-15
0
0
0
0
0
0
0
0
0
-1.7886e-14
2.47631e-14
0
0
0
0
0
0
0
0
0
0
0
0
0
0
0
0
0
0
7.19137e-08
-7.19137e-08
4.2271e-08
4.2271e-08
0
0
0
0
0
0
0
0
0
0
0
0
0
0
0
0
0
4.51122e-08
3.94298e-08
0
0
0
0
0
0
0
0
0
0
0
9.02402e-15
0
0
0
0
0
0
0
0
0
0
0
0
0
0
0
0
0
0
0
0
0
0
0
0
0
0
0
0
0
0
0
0
0
0
2.67338e-16
0
0
0
0
0
0
0
0
0
0
0
0
0
0
0
0
0
0
0
0
0
0
0
0
0
0
0
-8.32932e-15
0
0
0
0
0
0
0
0
0
0
0
0
0
0
0
0
0
0
0
0
0
0
0
0
0
0
0
0
0
0
0
0
0
0
2.95625e-15
-4.89128e-15
0
0
0
3.19942e-15
1.30638e-14
0
0
0
1.12588e-16
0
0
0
0
0
0
0
0
0
0
0
0
0
0
0
0
0
0
0
0
8.36906e-08
-8.36906e-08
-8.49805e-08
8.49805e-08
0
0
0
0
-7.03187e-08
7.03187e-08
0
0
0
0
0
0
0
0
0
0
0
0
0
0
0
0
0
0
0
0
0
0
0
0
0
0
0
0
0
0
0
0
0
0
0
0
0
0
0
0
0
0
0
0
0
0
0
0
0
0
0
0
0
0
0
0
0
0
0
0
0
0
0
0
0
0
0
0
0
0
0
0
0
0
0
0
0
0
0
0
0
0
-7.65554e-08
7.65554e-08
0
0
0
0
0
0
0
0
0
0
0
0
0
0
0
0
0
0
0
0
0
0
-7.19961e-16
0
0
0
0
0
0
4.62899e-08
3.82521e-08
0
0
0
0
-1.67187e-14
-1.08019e-14
0
0
0
0
0
0
0
0
0
0
0
0
0
0
8.43385e-15
2.798e-15
0
0
0
0
0
0
0
0
0
0
0
0
0
0
0
0
0
0
-2.5374e-16
1.77267e-17
0
0
0
0
0
0
-6.17612e-15
0
0
0
0
0
0
0
0
0
0
0
4.72545e-14
0
5.17882e-15
-3.8148e-15
0
0
0
0
0
0
0
0
3.22282e-15
0
0
0
0
0
0
0
0
0
3.87248e-16
0
0
2.71282e-15
0
0
0
0
0
-3.5669e-17
2.09534e-16
0
0
0
0
0
0
0
0
0
0
0
0
0
0
4.2271e-08
4.2271e-08
0
0
0
0
0
0
0
0
0
0
0
0
0
0
0
0
0
3.48185e-08
4.97235e-08
0
0
0
0
0
0
0
0
0
0
0
0
0
0
0
0
0
0
0
0
0
0
0
0
0
0
0
0
0
0
0
0
0
0
0
0
0
0
0
0
-1.71881e-14
0
0
0
0
0
-5.35807e-17
0
0
6.65517e-15
5.17872e-16
0
0
0
0
0
0
0
7.4765e-15
0
0
0
0
0
0
0
0
0
-3.8358e-17
0
0
0
0
0
0
0
0
0
0
0
0
0
0
0
0
0
0
0
0
0
0
0
0
0
0
0
0
0
0
-5.79596e-15
0
0
0
4.33803e-08
4.11617e-08
0
0
0
0
0
0
3.61316e-08
4.84104e-08
0
0
0
0
0
1.19823e-16
0
0
0
0
0
0
0
0
0
0
0
0
0
0
0
0
0
0
0
0
0
0
-1.16051e-14
3.88973e-15
0
0
0
0
0
0
0
0
0
0
0
0
0
0
0
0
0
0
0
0
0
0
2.93876e-15
0
0
0
0
0
0
0
0
0
0
0
0
0
0
0
0
0
0
0
0
0
0
0
0
0
0
0
0
0
0
0
0
0
0
0
0
0
0
0
0
0
0
0
0
0
0
0
0
0
0
0
0
-7.43863e-08
7.43863e-08
0
0
0
0
0
0
0
0
-2.93798e-15
0
0
0
0
0
0
0
0
0
0
0
0
0
0
0
0
0
0
1.43168e-16
0
1.87416e-17
0
0
0
0
0
0
0
0
0
0
0
0
5.09622e-17
3.56974e-16
8.15872e-16
0
0
0
0
0
0
0
0
0
0
0
0
0
0
0
0
0
0
0
0
0
0
0
0
0
0
0
0
0
0
0
0
0
0
0
0
0
0
0
0
0
0
0
0
0
0
0
0
0
0
0
0
0
0
0
0
0
0
0
0
0
0
0
0
0
0
0
0
0
0
0
0
0
0
0
0
0
0
0
0
0
0
0
0
0
0
-2.37588e-16
0
0
0
0
0
0
0
0
0
0
0
0
0
0
0
0
0
0
0
0
0
0
0
0
0
0
0
0
0
0
0
0
0
0
0
0
0
-1.44097e-16
0
0
0
0
0
0
0
0
0
0
0
0
-5.11179e-31
0
0
0
0
0
0
0
0
0
-1.57469e-15
1.62113e-16
0
0
0
0
0
0
0
0
0
0
0
0
0
0
0
0
0
0
0
0
0
0
0
0
0
0
0
0
0
0
0
0
0
0
0
0
0
-1.04342e-15
5.16181e-31
0
0
0
0
0
0
0
0
0
0
0
0
0
0
0
0
0
0
0
0
0
0
0
0
0
0
0
0
0
0
0
0
0
0
0
0
0
0
0
0
0
0
0
0
0
0
0
0
0
0
0
0
0
0
0
0
0
0
0
0
7.70385e-16
-1.13038e-15
0
0
0
0
0
0
0
0
0
0
0
0
0
0
0
0
0
0
0
0
0
0
0
0
0
0
0
0
0
0
0
0
0
0
0
0
0
0
0
0
0
0
0
0
0
0
0
0
3.58123e-16
0
0
0
0
0
0
0
0
0
0
0
0
0
0
-1.68616e-14
0
0
0
0
0
0
-2.02505e-15
-2.51034e-17
-3.21595e-16
0
0
9.65717e-16
-5.29913e-15
0
0
0
1.21978e-16
0
0
0
1.14779e-15
0
0
0
0
0
1.17511e-16
0
0
0
0
0
0
0
0
0
0
0
0
0
0
0
0
0
0
0
0
0
0
0
0
0
0
0
0
0
0
-4.22217e-17
-6.78439e-16
1.3346e-16
-4.16738e-17
0
0
0
0
0
0
0
0
0
0
1.25231e-16
0
0
0
0
0
0
0
0
0
0
0
-8.10753e-15
0
0
0
0
0
0
0
0
0
0
0
0
0
0
-6.35322e-17
7.50413e-08
-7.50413e-08
0
0
0
0
0
0
0
0
0
0
0
0
0
0
0
0
0
0
0
0
0
0
0
-8.01324e-08
8.01324e-08
0
0
0
0
0
0
0
0
0
0
0
0
0
0
-4.30253e-15
0
0
0
0
0
0
0
0
0
0
0
0
0
0
0
0
0
0
0
0
0
0
0
0
0
0
0
0
4.1316e-08
4.3226e-08
0
-1.07224e-14
0
0
0
0
0
0
0
0
0
0
0
0
0
0
0
0
0
0
0
0
0
0
0
0
0
0
0
0
0
0
0
0
0
0
0
0
0
0
0
-5.67143e-16
0
0
0
0
0
1.9666e-16
0
0
0
0
0
0
0
0
0
0
0
0
0
0
0
0
0
0
0
0
0
0
0
0
0
0
3.83273e-08
4.62147e-08
0
0
1.2879e-16
0
0
0
0
0
0
0
0
0
0
0
0
0
0
1.37539e-16
0
0
0
0
0
0
0
0
0
0
0
0
0
0
0
0
0
0
0
0
0
0
0
0
0
0
0
0
0
0
0
0
-6.78571e-08
6.78571e-08
0
0
0
0
0
0
0
0
0
0
0
0
0
0
0
0
0
0
0
0
0
0
0
0
0
0
0
0
0
0
0
0
0
0
0
0
0
0
0
0
0
0
0
0
0
0
0
0
0
0
0
0
0
0
0
0
0
0
0
0
0
0
0
0
0
0
0
0
0
0
0
0
0
0
-5.39976e-15
0
0
0
0
0
0
0
0
0
0
0
0
0
0
0
0
0
0
0
2.30665e-16
0
0
0
-2.80378e-16
-1.44502e-15
8.08777e-17
0
0
0
0
0
0
0
0
0
0
0
0
0
0
0
0
0
0
0
0
0
0
0
0
0
0
0
0
0
0
0
0
0
0
0
0
0
0
0
0
0
0
0
1.53951e-16
0
0
0
0
0
0
0
0
0
0
0
0
0
0
0
0
0
0
0
0
-7.01326e-17
-1.48779e-14
0
0
0
0
0
0
-4.44778e-17
6.84074e-17
0
0
0
0
0
0
0
0
0
0
0
0
0
0
0
0
0
0
0
0
0
0
0
0
0
0
0
0
0
0
0
0
0
0
0
0
0
0
0
0
0
0
0
0
0
0
0
0
0
0
0
0
0
0
0
0
0
0
0
0
0
0
0
0
0
0
0
0
0
0
0
0
0
0
0
0
1.35358e-17
0
3.72752e-15
0
0
0
0
0
0
0
0
0
0
0
0
0
0
0
0
0
0
0
0
0
0
0
0
0
0
0
0
0
-6.26322e-16
9.13835e-16
0
0
0
0
0
0
0
0
0
0
0
0
0
0
0
0
0
0
0
0
0
0
0
0
0
3.2515e-16
0
0
0
0
0
0
0
0
0
0
0
0
0
0
0
0
0
0
0
0
0
0
0
0
0
0
0
0
1.23927e-15
-1.92642e-15
0
0
0
0
0
0
0
0
0
0
0
0
0
2.39443e-16
0
0
-1.89979e-16
0
0
0
0
0
0
-1.46121e-14
1.17815e-16
0
0
0
0
0
0
0
0
0
0
-7.65002e-17
0
0
0
0
0
0
0
0
0
0
0
0
0
0
0
0
0
0
0
0
0
0
4.78623e-08
3.66797e-08
0
0
0
2.32883e-16
0
0
0
0
0
0
0
0
0
0
0
1.08797e-16
0
0
0
0
0
0
0
0
0
0
0
0
0
0
0
0
0
0
-3.36913e-14
0
0
0
0
0
0
0
0
0
0
0
0
0
0
0
0
0
0
0
0
0
0
0
0
-3.67819e-15
0
0
0
0
0
0
0
0
0
0
0
0
0
0
0
0
0
0
0
0
3.07535e-16
0
-6.16816e-17
0
3.83767e-17
-7.66593e-17
7.9211e-17
0
0
0
0
0
0
0
0
0
0
0
2.82361e-16
0
0
0
0
0
2.88532e-16
0
0
0
0
1.06957e-16
0
0
0
0
-2.23143e-17
1.17279e-16
0
0
0
-1.83607e-16
0
0
0
0
0
0
0
2.74069e-15
0
0
8.84118e-15
2.76319e-16
0
0
0
8.58052e-14
0
0
0
0
0
0
0
0
0
0
0
0
-1.71758e-17
6.00595e-15
0
0
0
0
0
0
0
0
0
0
0
0
0
0
0
0
0
0
0
0
-2.14531e-14
0
0
0
0
0
0
0
0
0
0
0
0
0
0
0
0
0
0
0
0
-5.41067e-16
0
0
0
0
0
0
0
0
0
0
0
0
0
0
0
0
0
0
0
0
0
0
0
0
0
0
0
0
-8.04848e-15
0
0
0
0
0
0
0
0
0
0
0
0
0
0
0
0
0
0
0
0
0
0
0
0
0
0
0
0
0
0
0
0
0
0
0
0
0
0
0
0
0
0
0
0
0
0
0
0
0
0
0
0
0
0
0
0
0
0
0
0
0
0
0
0
-8.1112e-15
0
0
0
0
0
0
0
0
0
0
0
0
0
0
0
0
0
0
0
0
0
-3.53863e-16
0
0
0
0
0
0
0
0
0
0
0
0
0
0
0
-7.10562e-17
0
0
0
0
0
0
0
0
0
0
0
2.8419e-17
0
0
0
0
0
0
-1.57991e-16
-2.61395e-17
0
0
0
0
0
0
0
0
0
0
3.69333e-08
4.76087e-08
0
0
0
0
1.16183e-16
0
0
5.52379e-17
0
0
0
0
0
0
0
0
0
0
0
0
0
0
0
0
0
0
-1.34042e-16
0
0
0
0
1.22608e-17
0
1.74599e-14
0
0
0
0
0
0
0
0
0
0
0
0
0
0
0
0
0
0
0
0
0
0
0
0
0
0
0
0
0
0
0
0
0
0
0
0
0
0
0
0
0
0
0
0
0
0
0
0
0
0
0
0
0
-2.41137e-16
-4.75406e-15
0
0
0
0
0
0
0
0
0
0
0
0
0
0
0
0
0
0
0
0
0
0
-9.42719e-16
0
0
0
0
0
0
0
0
0
0
0
0
0
0
0
0
0
0
0
0
0
0
0
0
0
0
0
0
0
0
0
0
0
0
0
0
0
0
0
0
0
0
0
-3.35078e-15
0
0
0
3.55595e-16
0
0
0
0
0
0
0
0
0
0
0
0
0
0
0
0
0
0
0
0
0
0
0
0
0
0
0
0
0
0
0
7.83849e-16
9.6379e-16
0
0
0
0
3.20334e-08
-8.02974e-17
-1.80047e-16
0
0
0
0
0
0
0
0
4.70944e-16
0
0
0
0
0
0
0
0
0
0
0
0
0
0
1.62575e-17
0
0
0
0
0
0
0
0
0
0
0
0
0
0
0
0
0
0
0
0
0
0
0
0
0
0
1.15168e-17
0
0
0
0
0
0
0
0
0
0
0
0
0
0
0
0
0
0
0
0
0
0
0
-2.58564e-15
0
0
0
0
0
0
0
0
0
0
0
0
0
0
0
0
0
0
0
0
0
0
0
0
0
0
0
0
0
3.4779e-16
0
0
0
0
0
0
0
0
0
0
0
0
0
0
0
0
0
0
0
0
0
0
0
0
0
0
0
0
0
0
0
0
1.02709e-14
0
0
0
0
0
-2.01801e-16
0
0
0
0
0
0
0
0
0
0
0
0
0
0
0
2.43403e-16
0
0
0
0
0
0
0
0
0
0
0
0
0
0
0
0
0
0
0
0
0
0
0
3.61531e-16
0
0
0
0
0
0
0
0
0
0
0
0
0
0
0
0
0
0
0
0
0
0
0
0
0
2.81874e-17
0
0
0
0
0
0
0
0
0
0
0
0
0
0
0
0
0
0
0
0
0
0
0
0
0
0
0
0
0
0
0
0
0
0
0
0
0
0
0
0
0
0
-1.49535e-16
0
0
0
0
0
0
0
0
0
0
0
0
0
0
0
0
0
0
0
0
0
0
0
0
0
0
0
0
0
0
0
0
0
0
0
0
0
0
0
0
0
0
0
0
0
0
0
0
0
0
0
0
-7.80414e-08
9.86151e-17
0
0
0
0
0
0
0
0
0
0
0
0
0
0
0
0
0
0
0
0
0
0
0
0
0
0
0
0
0
0
0
0
0
0
0
0
0
0
0
0
0
0
0
0
0
0
0
0
0
0
0
0
0
0
0
0
0
0
0
0
0
0
0
0
0
0
0
0
0
0
0
0
0
0
0
0
0
0
0
0
0
0
0
0
0
0
0
0
0
0
0
0
0
0
0
0
0
0
0
0
0
0
0
0
0
0
0
0
0
0
0
0
0
0
0
0
0
0
0
0
0
0
0
0
0
0
0
0
0
0
0
-3.12274e-08
0
0
0
0
0
0
0
0
0
0
1.20137e-16
0
0
0
0
0
0
0
0
0
0
0
0
0
0
0
0
0
0
0
0
0
0
-3.5482e-16
0
0
0
0
-4.07527e-15
0
0
0
0
0
0
0
0
0
0
0
0
0
0
0
-2.12863e-14
0
0
0
0
0
0
0
0
0
0
0
0
0
0
0
0
0
0
0
0
0
0
0
0
0
0
0
0
0
0
0
0
0
0
0
0
0
0
0
0
0
0
-5.33146e-08
0
0
-4.95918e-08
0
0
0
0
0
0
0
0
0
0
0
0
0
0
0
0
0
0
0
0
0
0
0
0
0
0
0
0
0
0
0
0
0
0
0
0
4.56119e-16
0
0
0
0
0
0
0
0
0
0
0
0
0
0
0
0
0
0
0
0
0
0
0
0
0
0
0
0
0
0
0
0
0
0
0
0
0
0
0
0
0
0
0
0
0
0
0
0
0
0
0
0
0
0
0
-2.48967e-16
-4.39842e-08
0
0
0
0
0
0
0
0
0
1.67349e-18
0
0
0
0
0
0
0
0
0
0
0
0
0
-4.2271e-08
0
0
0
0
0
0
0
0
0
0
0
0
0
0
0
0
0
0
0
0
0
0
0
0
0
0
0
0
0
0
0
0
0
0
0
0
3.58041e-14
-1.05706e-16
1.65202e-16
0
0
0
0
0
0
0
0
0
0
-3.49502e-08
0
0
0
0
0
0
2.74723e-17
-1.48084e-17
0
0
0
4.2271e-08
0
0
0
0
0
0
0
3.96275e-16
6.93939e-16
0
-2.77722e-14
0
0
0
0
0
0
0
0
0
0
0
0
0
0
0
0
0
0
0
0
0
0
0
0
0
0
0
0
-4.05578e-08
0
0
-5.12026e-16
0
0
0
0
0
0
0
0
0
0
0
0
0
0
0
0
0
0
0
0
0
0
0
0
0
0
0
0
0
9.66659e-16
0
0
0
0
0
0
0
0
0
0
0
0
0
0
0
0
0
0
0
0
0
0
0
0
0
0
0
0
0
0
0
0
-4.98092e-15
0
4.04839e-15
0
0
0
0
0
-2.36839e-17
0
0
0
0
0
0
0
0
0
0
0
0
0
0
0
0
0
0
0
0
0
0
0
0
0
0
0
0
-1.78134e-16
2.95864e-17
0
0
0
0
0
-1.72802e-14
0
0
0
0
4.05503e-16
0
0
0
0
0
0
0
0
0
0
0
0
0
0
0
0
0
0
0
0
-4.2271e-08
0
0
0
0
0
0
0
0
0
0
0
1.30123e-14
0
0
0
0
0
0
0
0
0
0
0
0
0
0
0
0
0
0
0
0
0
2.24007e-15
0
0
-6.50228e-32
-1.63266e-16
3.51062e-16
0
0
0
0
0
0
0
0
0
0
0
-4.33622e-14
0
0
0
0
0
0
0
0
0
0
0
6.22282e-16
0
0
0
0
-7.07698e-19
7.86638e-16
0
0
0
0
0
0
0
0
0
0
0
0
-4.2271e-08
0
0
0
4.31504e-14
0
3.34978e-14
0
0
0
0
0
-2.73706e-16
0
0
0
0
0
0
0
0
0
0
0
0
0
0
-1.89801e-16
0
0
0
0
0
0
0
0
0
0
0
0
0
0
0
0
0
0
0
0
0
0
0
0
0
0
0
9.03794e-17
0
0
0
0
0
0
0
0
0
0
0
0
0
0
0
0
0
0
0
0
0
0
0
0
0
0
0
0
0
0
0
0
0
0
0
0
0
-2.56814e-17
7.4456e-15
0
0
0
0
0
0
0
0
0
0
6.56204e-15
0
0
0
0
0
0
0
0
0
0
0
0
0
0
0
-5.12467e-08
0
0
0
0
0
0
0
-3.89212e-08
0
0
0
0
0
-5.50598e-17
0
0
0
0
0
0
0
0
-1.74251e-16
0
0
0
0
0
0
0
0
0
0
0
0
0
0
0
0
2.5331e-16
0
0
-4.2271e-08
0
0
0
0
0
0
0
0
7.08284e-17
-3.57372e-16
0
6.39535e-16
-6.45346e-29
0
0
-2.04071e-30
0
0
0
0
0
0
0
-3.32953e-08
-1.92118e-15
0
0
0
-4.24499e-08
0
0
0
0
0
0
0
0
0
0
0
-4.33071e-08
0
0
0
0
3.32827e-16
0
0
0
2.35203e-14
0
0
-1.12997e-14
0
0
0
0
0
0
0
0
0
-4.69467e-08
0
0
0
0
0
0
-4.56208e-08
-4.20921e-08
0
0
0
0
1.06779e-14
0
0
0
0
0
0
0
0
0
0
0
0
0
0
0
0
0
0
0
0
0
0
0
-8.34138e-16
-6.30066e-15
0
0
0
0
0
0
0
0
0
0
0
0
0
0
-4.12349e-08
0
0
0
0
0
0
0
0
0
-8.55234e-15
0
0
0
0
0
0
-3.14441e-15
-1.73092e-15
1.97853e-15
0
0
0
0
0
0
0
0
0
0
0
0
0
0
0
0
0
0
0
0
0
7.21996e-16
0
-7.00325e-16
0
0
0
0
0
0
0
0
0
0
0
0
0
0
0
0
8.58683e-17
0
0
0
0
2.67208e-15
0
0
0
0
0
0
0
0
0
0
0
0
0
0
-1.02436e-30
0
0
0
0
0
0
0
0
0
0
0
0
0
0
0
0
0
0
0
0
0
0
0
0
0
0
0
0
0
0
0
0
0
0
0
0
0
0
0
0
0
0
0
0
0
0
0
0
0
0
0
0
3.67431e-16
0
-2.53766e-14
0
0
0
0
0
0
0
0
0
0
0
0
4.32566e-17
0
0
0
-3.23968e-17
0
0
0
0
0
0
0
0
0
0
0
0
0
0
0
0
0
0
0
0
0
0
0
0
3.49417e-15
5.11414e-17
0
0
0
0
0
0
0
0
0
5.23337e-15
0
0
0
0
0
0
0
0
0
0
0
0
0
0
0
0
0
-1.79e-16
0
0
0
0
0
0
-2.11833e-14
0
0
0
0
0
0
0
0
0
0
0
0
0
0
0
0
0
0
0
0
0
0
0
0
0
0
0
0
0
0
0
0
0
-9.10598e-16
0
0
0
-1.09866e-15
0
-4.31717e-16
0
0
0
0
0
0
0
0
0
0
0
0
0
0
0
0
0
0
0
0
0
0
0
0
0
0
0
0
0
0
0
0
0
0
3.28578e-16
-3.93984e-08
0
0
0
0
0
0
0
0
0
0
0
0
0
0
0
0
0
0
0
0
0
0
0
0
0
-1.48948e-15
0
0
-4.13615e-08
0
0
0
0
0
0
0
0
0
0
-4.69463e-08
0
0
0
0
0
0
0
0
0
0
0
0
0
0
0
0
0
0
2.17702e-14
8.32923e-15
-4.18475e-08
0
0
0
0
0
0
0
0
0
0
0
0
0
0
0
3.51383e-14
0
0
0
-4.31805e-08
0
0
0
0
0
-8.4085e-15
0
0
0
0
0
0
4.91692e-29
0
1.91687e-14
0
0
0
0
0
0
0
0
0
0
0
0
0
0
0
0
0
0
0
0
0
0
0
0
0
0
0
0
0
0
0
0
0
0
0
0
0
0
0
0
0
0
-4.51436e-08
0
-4.26945e-08
0
0
0
0
0
0
0
0
4.57769e-15
0
0
0
0
0
0
0
0
0
0
0
0
0
0
0
-2.10713e-15
0
0
0
0
-4.2271e-08
0
0
0
2.08136e-16
0
0
0
0
0
0
0
0
0
0
-3.62524e-14
0
0
0
0
0
0
9.192e-16
0
0
0
0
0
0
0
-4.14251e-08
0
0
0
0
0
0
0
0
0
0
0
0
0
0
0
0
0
0
0
0
0
0
-1.94359e-16
0
0
0
0
0
0
0
-1.02036e-30
0
0
0
0
0
0
0
0
0
0
0
0
-3.75957e-08
0
0
0
0
0
0
0
2.18023e-08
0
0
0
-1.27996e-17
0
0
-4.70627e-17
0
-6.40986e-17
-3.08539e-08
0
0
0
0
3.56906e-16
0
0
0
0
0
0
0
0
0
2.51671e-15
-3.8125e-16
0
0
0
0
0
0
0
0
0
0
0
0
0
0
0
0
0
0
0
0
9.12953e-15
0
0
0
0
7.97501e-15
-1.60148e-14
0
0
0
0
0
-9.15553e-16
6.3691e-16
0
0
0
0
0
0
0
0
-4.2271e-08
0
0
-5.60546e-08
0
0
0
0
0
0
0
0
0
0
0
0
0
0
-2.54161e-16
0
0
0
0
0
0
0
-3.57711e-17
0
0
0
0
0
0
0
-4.60061e-08
0
0
0
0
0
0
0
0
0
0
0
0
0
0
-2.50419e-14
-2.665e-14
1.89589e-15
1.83719e-16
0
0
0
0
0
0
0
0
0
0
0
0
2.73358e-14
-1.39894e-14
-4.2271e-08
0
0
0
0
0
0
0
0
0
0
0
0
0
0
0
0
0
0
0
0
0
0
0
0
0
0
0
0
0
0
0
0
9.06149e-16
-4.94141e-08
5.07547e-16
4.12238e-16
0
0
0
0
0
0
0
0
0
-4.14491e-08
0
0
0
0
0
0
0
0
0
0
0
0
0
0
0
5.80852e-08
3.75953e-08
0
-3.75508e-14
0
0
0
0
0
0
0
0
-4.31003e-08
0
0
-4.2271e-08
0
0
1.57252e-15
4.52304e-16
0
0
0
0
0
0
0
0
0
0
0
0
0
0
0
4.15355e-14
1.96447e-14
0
0
0
0
0
0
0
0
-4.23949e-08
0
0
-4.2271e-08
0
0
0
0
0
0
0
0
0
0
0
0
-8.8204e-17
0
0
0
0
0
1.02215e-14
3.44321e-14
0
3.2239e-14
0
0
0
0
0
0
0
0
0
0
0
0
0
0
0
0
0
0
0
0
0
0
0
0
0
0
0
0
0
0
0
0
0
0
0
0
0
0
0
0
0
0
0
0
0
0
0
0
0
0
0
0
0
0
0
0
0
0
0
0
0
0
0
0
-4.21471e-08
0
0
0
0
0
0
0
-6.24866e-17
0
0
0
0
0
0
0
0
0
-5.01086e-08
-6.35783e-16
0
0
0
0
0
-1.50136e-15
0
0
-5.38098e-08
0
0
0
0
0
0
0
0
0
0
0
0
0
0
0
0
0
0
-2.30503e-14
0
0
0
0
0
0
0
0
-3.31185e-15
0
0
0
0
0
0
0
0
0
0
0
0
0
0
-1.89937e-15
0
-3.8061e-17
0
0
0
0
0
0
0
0
0
0
6.88781e-15
-2.84623e-15
0
0
0
0
0
0
0
0
0
0
0
-8.25122e-15
0
0
0
0
0
0
0
0
0
0
0
0
0
0
0
0
0
0
0
0
0
0
0
0
0
0
0
0
0
0
0
0
0
0
0
0
0
0
0
0
0
0
0
0
0
0
0
0
0
0
0
0
0
0
0
0
-9.27077e-17
0
0
0
0
0
0
0
0
0
0
0
5.21889e-16
0
0
0
0
2.80178e-16
0
0
0
0
0
0
0
0
0
-1.92113e-14
6.72973e-16
0
0
0
0
0
0
0
0
0
0
0
0
0
4.34928e-17
0
0
0
0
0
0
0
0
0
0
0
0
0
0
0
0
0
0
0
0
6.5288e-16
0
0
0
0
0
0
5.01086e-08
0
0
0
0
0
0
0
0
-2.14507e-17
4.27019e-15
0
0
0
0
0
0
0
0
0
0
0
5.38098e-08
0
0
0
0
0
0
0
0
4.63671e-15
8.36698e-16
-2.41389e-16
0
0
0
0
0
0
0
0
0
0
0
0
0
0
0
0
0
-1.29045e-31
0
0
0
0
0
0
0
0
0
0
0
0
0
0
0
0
0
0
0
0
0
0
0
0
0
-1.67025e-14
-5.80852e-08
0
0
0
0
0
0
0
0
-7.90071e-14
0
0
0
0
0
0
0
0
0
0
0
0
0
0
0
0
0
0
0
0
6.49187e-16
0
0
5.91793e-17
0
1.51529e-14
0
2.87478e-14
0
0
0
0
0
0
0
0
0
0
0
0
0
0
0
0
0
0
0
0
0
0
0
0
-9.21923e-30
3.29425e-14
0
0
0
0
0
0
0
0
0
0
0
0
0
0
0
0
0
0
0
0
0
0
0
0
0
0
0
0
0
0
-1.00489e-16
-3.74438e-16
6.71264e-16
1.1177e-15
2.24209e-15
0
0
0
0
6.55351e-15
0
0
0
-6.83667e-17
0
0
0
0
0
0
0
0
0
0
0
0
0
0
0
0
0
0
0
0
0
0
0
0
0
0
0
0
0
0
0
0
0
0
0
0
0
0
0
0
-4.31169e-08
0
0
0
0
0
0
0
0
0
0
0
0
0
0
0
0
0
0
0
0
0
0
0
0
0
0
0
0
2.42745e-15
0
2.02825e-14
0
0
0
0
0
0
0
1.88372e-14
0
0
0
0
0
0
0
0
0
0
0
0
0
0
0
0
0
0
0
0
0
0
0
9.45524e-16
0
0
0
0
0
0
0
0
0
0
0
0
0
0
0
0
0
0
0
0
0
0
0
0
0
0
0
0
0
0
0
0
0
0
0
0
0
0
0
0
0
0
0
0
0
0
0
0
0
0
0
0
0
0
0
0
0
0
0
0
0
0
0
0
-1.18138e-16
-2.46438e-15
0
0
0
0
0
0
0
0
0
0
0
0
0
0
0
0
0
0
0
0
0
0
0
0
0
0
0
3.42939e-16
0
0
0
0
4.40897e-14
0
0
0
0
0
0
0
0
0
0
0
0
0
0
0
0
0
0
0
0
0
0
0
0
0
0
0
0
0
0
0
0
0
0
0
0
0
0
0
0
0
0
0
0
0
0
0
-3.82544e-16
-9.04768e-17
0
0
0
0
0
0
0
0
0
0
0
0
0
0
0
0
0
-8.41468e-15
0
0
0
0
0
0
0
0
0
0
0
0
0
0
0
0
0
0
0
0
0
0
0
0
0
0
0
0
0
0
0
0
0
0
0
0
0
0
0
0
0
0
0
0
0
0
0
0
0
0
0
0
0
0
0
0
0
0
0
0
0
0
0
0
0
0
0
0
0
0
0
0
0
0
0
0
0
0
0
0
0
0
0
0
2.84874e-08
0
0
0
0
0
0
0
0
0
0
0
0
0
0
0
0
0
0
0
0
0
0
0
0
0
0
0
0
0
0
0
0
0
0
0
0
0
0
0
0
0
0
0
0
0
0
0
0
0
0
0
0
7.00308e-17
0
0
0
0
0
0
0
0
0
0
0
-1.33731e-14
0
0
0
0
0
0
-1.13585e-15
0
0
0
-1.47669e-14
0
0
0
0
0
0
0
0
0
0
0
0
0
0
3.85359e-08
0
0
0
0
0
0
0
0
0
0
0
0
0
0
0
0
0
0
0
0
0
0
0
0
0
0
0
0
-1.39766e-14
0
0
0
0
0
0
0
0
0
0
0
0
0
0
0
0
0
-1.92284e-15
0
0
0
0
0
0
3.51279e-08
0
-1.05216e-16
0
0
0
0
0
0
0
0
0
-2.68027e-17
-8.60711e-17
0
0
0
0
0
0
0
-4.24353e-16
0
0
0
0
0
0
6.71553e-19
-4.30929e-08
0
0
0
0
0
0
0
0
0
0
0
0
0
0
0
0
0
0
0
0
0
0
0
0
0
0
0
0
0
0
0
0
0
0
0
0
0
-9.67605e-17
0
0
0
0
0
0
0
0
0
0
-4.2271e-08
0
0
0
0
0
0
0
0
0
0
0
0
1.33031e-17
0
0
0
0
0
0
0
0
0
-3.92342e-15
0
0
0
0
-4.14417e-08
0
0
0
0
0
0
0
8.19419e-14
0
0
0
0
0
0
0
0
0
0
0
0
0
0
0
0
0
0
0
0
0
0
0
0
0
0
0
0
0
0
0
0
-6.92969e-15
0
0
0
0
0
0
0
-3.76159e-14
0
-2.13242e-14
0
0
0
0
0
0
0
0
0
0
7.11558e-16
0
-1.68339e-15
7.82673e-16
0
0
0
0
0
0
0
0
0
0
0
0
0
0
0
0
0
0
0
0
0
0
0
0
0
0
0
0
0
0
0
0
0
0
0
0
0
0
0
0
0
0
0
0
0
0
0
0
0
-9.5603e-15
0
0
0
0
0
0
0
0
0
0
0
0
0
0
0
0
0
0
0
-1.0345e-16
0
0
0
0
0
0
0
0
0
0
0
0
0
0
0
0
0
0
0
0
0
0
0
0
0
0
0
0
0
0
0
0
0
0
0
5.75659e-16
0
0
0
6.62079e-17
0
0
0
0
0
0
)
;

boundaryField
{
    frontback
    {
        type            empty;
        value           nonuniform List<scalar> 0();
    }
    topbottom
    {
        type            calculated;
        value           uniform 0;
    }
    outlet
    {
        type            calculated;
        value           nonuniform List<scalar> 0();
    }
    inlet
    {
        type            calculated;
        value           uniform 0;
    }
    walls
    {
        type            calculated;
        value           nonuniform List<scalar> 
151
(
-1.69084e-07
-1.69084e-07
-1.69084e-07
-1.69084e-07
-1.69084e-07
-1.69084e-07
-1.69084e-07
-1.69084e-07
-1.69084e-07
-1.69084e-07
-1.69084e-07
-1.69084e-07
-1.69084e-07
-1.69084e-07
-1.69084e-07
-1.69084e-07
-1.69084e-07
-1.69084e-07
-1.69084e-07
-1.69084e-07
-1.69084e-07
-1.69084e-07
-1.69084e-07
-1.69084e-07
-1.69084e-07
-1.69084e-07
-1.69084e-07
-1.69084e-07
-1.69084e-07
-1.69084e-07
-1.69084e-07
-1.69084e-07
-1.69084e-07
-1.69084e-07
-1.69084e-07
-1.69084e-07
-1.69084e-07
-1.69084e-07
-1.69084e-07
-1.69084e-07
-1.69084e-07
-1.69084e-07
-1.69084e-07
-1.69084e-07
-1.69084e-07
-1.69084e-07
-1.69084e-07
-1.69084e-07
-1.69084e-07
-1.69084e-07
-1.69084e-07
-1.69084e-07
-1.69084e-07
-1.69084e-07
-1.69084e-07
-1.69084e-07
-1.69084e-07
-1.69084e-07
-1.69084e-07
-1.69084e-07
-1.69084e-07
-1.69084e-07
-1.69084e-07
-1.69084e-07
-1.69084e-07
-1.69084e-07
-1.69084e-07
-1.69084e-07
-1.69084e-07
-1.69084e-07
-1.69084e-07
-1.69084e-07
-1.69084e-07
-1.69084e-07
0
0
0
0
9.2266e-16
-1.69084e-07
-1.69084e-07
-1.69084e-07
-1.69084e-07
-1.69084e-07
-1.69084e-07
-1.69084e-07
-1.69084e-07
-1.69084e-07
-1.69084e-07
-1.69084e-07
-1.69084e-07
-1.69084e-07
-1.69084e-07
-1.69084e-07
-1.69084e-07
-1.69084e-07
-1.69084e-07
-1.69084e-07
-1.69084e-07
0
-1.69084e-07
-1.69084e-07
0
0
0
0
-1.69084e-07
-1.69084e-07
-1.69084e-07
-1.69084e-07
-1.69084e-07
0
-9.2266e-16
0
-1.69084e-07
-1.69084e-07
0
-1.69084e-07
-1.69084e-07
-1.69084e-07
0
-1.69084e-07
-1.69084e-07
-1.69084e-07
-1.69084e-07
-1.69084e-07
-1.69084e-07
-1.69084e-07
-1.69084e-07
-1.69084e-07
-1.69084e-07
-1.69084e-07
-1.69084e-07
-1.69084e-07
-1.69084e-07
-1.69084e-07
-1.69084e-07
-1.69084e-07
0
-1.69084e-07
-1.69084e-07
-1.69084e-07
-1.69084e-07
-1.69084e-07
-1.69084e-07
-1.69084e-07
0
-1.69084e-07
0
-1.69084e-07
-1.69084e-07
)
;
    }
    procBoundary2to0
    {
        type            processor;
        value           nonuniform List<scalar> 
83
(
0
0
0
0
0
0
0
0
-1.9828e-16
0
-5.88966e-17
0
0
0
1.04269e-15
3.7756e-14
0
0
0
0
8.66237e-15
0
0
0
0
-1.15565e-16
0
0
0
0
-2.30559e-15
0
0
0
0
0
0
0
0
0
0
1.03014e-14
0
0
0
0
1.93917e-14
0
1.6219e-14
-4.62864e-14
0
-7.07314e-17
0
0
-3.53433e-16
0
0
0
0
1.56628e-16
0
0
-6.33397e-08
0
0
6.09512e-15
0
-1.72213e-15
8.00507e-15
0
-1.13337e-16
0
0
0
0
1.79211e-14
0
0
0
-4.62589e-15
0
0
0
)
;
    }
    procBoundary2to3
    {
        type            processor;
        value           nonuniform List<scalar> 
99
(
0
0
0
0
0
0
0
0
0
0
0
0
1.69105e-14
0
0
0
0
0
0
0
0
0
0
0
0
0
0
0
0
0
0
0
0
0
0
0
0
0
0
0
0
0
0
0
1.31979e-14
0
0
0
0
-9.11018e-14
0
0
0
0
0
0
0
0
0
0
0
0
0
0
0
0
0
0
0
4.61767e-08
0
0
0
0
0
0
0
0
0
0
0
0
0
0
0
0
0
0
0
0
0
0
0
6.22781e-14
5.98868e-14
0
0
0
0
)
;
    }
}


// ************************************************************************* //
