/*--------------------------------*- C++ -*----------------------------------*\
| =========                 |                                                 |
| \\      /  F ield         | OpenFOAM: The Open Source CFD Toolbox           |
|  \\    /   O peration     | Version:  v2012                                 |
|   \\  /    A nd           | Website:  www.openfoam.com                      |
|    \\/     M anipulation  |                                                 |
\*---------------------------------------------------------------------------*/
FoamFile
{
    version     2.0;
    format      ascii;
    class       surfaceScalarField;
    location    "900";
    object      meshPhi;
}
// * * * * * * * * * * * * * * * * * * * * * * * * * * * * * * * * * * * * * //

dimensions      [0 3 -1 0 0 0 0];
oriented        oriented;


internalField   nonuniform List<scalar> 
20580
(
0
0
0
0
0
0
0
0
0
0
0
8.85826e-14
0
-4.35101e-14
0
0
0
0
0
0
0
0
0
0
0
1.47624e-14
-2.38811e-14
6.12382e-15
0
0
0
0
0
0
0
0
0
0
0
0
0
0
0
0
0
0
6.99271e-17
1.14453e-16
0
0
0
0
0
0
0
0
0
0
0
0
0
0
0
0
0
0
0
0
0
0
0
0
0
0
0
0
0
0
0
0
0
0
0
0
0
0
0
0
0
0
0
0
0
0
0
0
0
0
0
0
0
0
-6.00368e-33
-5.11714e-16
0
0
0
0
0
0
0
0
0
0
0
0
0
0
0
0
-4.67428e-08
-2.62334e-08
0
0
0
1.07176e-16
-3.48309e-16
0
0
0
0
0
4.4024e-14
0
0
0
0
0
0
0
0
0
-9.69645e-17
-5.76814e-17
0
0
2.10955e-15
0
0
0
0
0
0
0
0
0
0
0
0
0
0
0
0
0
0
0
0
0
0
0
0
0
0
0
0
0
0
0
0
0
0
0
0
1.80764e-17
0
0
0
0
0
0
0
0
0
0
0
0
0
0
0
0
1.08656e-16
5.64988e-17
0
0
0
0
0
0
-5.67516e-16
0
0
0
0
0
0
0
0
0
0
0
0
0
0
0
0
4.82145e-17
1.10784e-16
0
-4.38469e-17
0
0
1.06034e-15
5.30042e-18
0
0
6.60506e-17
-3.40925e-16
4.03083e-17
0
0
0
0
0
0
0
0
0
-4.12585e-08
-3.17177e-08
0
0
0
0
0
0
0
0
0
0
0
0
0
0
0
0
0
-1.03263e-30
0
-1.77741e-16
0
0
0
0
0
2.95759e-15
0
-2.42071e-16
0
0
0
0
0
0
0
0
0
0
0
0
0
0
0
0
0
0
0
0
0
0
0
0
0
0
0
0
0
0
0
0
0
-2.33439e-14
2.30905e-14
0
0
0
0
0
0
0
0
0
0
0
0
0
0
0
0
0
0
0
0
0
0
0
0
0
0
0
0
0
0
0
0
0
0
0
0
0
0
0
0
0
0
0
0
0
0
0
0
0
0
0
9.22264e-17
0
0
0
0
0
-1.51178e-15
1.9637e-15
0
0
0
0
0
-1.03049e-14
-1.07454e-14
0
0
0
0
0
0
0
0
0
0
0
0
0
0
0
0
0
0
0
0
0
0
0
0
0
0
0
0
0
0
0
0
0
0
0
0
0
0
0
0
0
0
0
0
0
0
0
0
0
0
0
0
0
0
0
0
0
0
0
0
0
0
0
0
0
0
0
0
0
0
0
-1.63944e-14
0
0
0
0
0
0
0
0
0
0
0
0
0
0
0
0
0
0
0
0
0
0
0
0
0
0
0
0
0
-2.48325e-08
-4.81437e-08
0
0
0
0
0
0
0
0
0
0
0
0
0
0
0
0
0
-8.84847e-17
-2.04693e-16
0
0
0
0
0
0
0
0
0
0
0
0
0
0
0
0
0
0
0
0
0
0
0
0
0
0
0
0
0
0
0
0
0
0
0
0
0
0
0
0
0
0
0
0
0
0
0
0
0
0
0
0
0
0
0
0
0
0
0
0
0
0
0
0
0
0
0
0
0
0
0
0
0
0
0
0
0
4.63102e-17
0
0
0
0
0
0
0
0
0
0
0
0
0
0
0
0
0
0
0
0
0
0
0
0
-1.23007e-17
-4.78835e-16
0
0
0
0
0
0
0
0
0
4.83888e-16
0
0
0
-1.19224e-15
0
1.20074e-32
0
0
0
9.39065e-17
0
0
0
0
0
0
0
0
0
0
0
0
0
0
0
0
0
0
0
0
0
0
0
4.26466e-14
0
-1.0705e-13
0
0
0
0
0
0
0
0
0
0
0
0
0
0
0
0
0
0
0
0
0
0
0
0
0
0
0
0
0
0
0
0
0
0
0
0
0
0
0
0
0
0
0
0
0
0
0
1.1127e-16
-6.39386e-17
0
0
0
0
0
0
0
0
0
0
0
0
0
0
0
0
0
0
0
6.0928e-18
-5.76814e-17
0
0
0
0
0
0
0
0
0
0
0
0
0
0
0
0
0
0
0
0
0
0
0
-7.23173e-15
3.88356e-14
0
0
0
0
0
0
0
0
0
0
0
0
0
0
0
0
0
0
7.08673e-17
9.38454e-17
0
0
0
0
0
0
0
0
0
0
0
0
0
-2.1301e-16
0
2.66361e-16
0
0
0
0
0
0
-2.99694e-14
0
0
0
0
0
0
0
0
0
0
0
0
0
0
0
0
0
0
0
0
0
0
0
0
0
-1.55594e-16
2.59939e-15
0
0
0
0
0
0
0
0
0
0
0
0
0
-3.75768e-08
-3.53994e-08
0
0
0
0
0
0
0
0
0
0
0
0
0
0
-6.89688e-17
0
0
0
0
0
0
0
0
0
0
0
0
0
0
0
0
0
0
0
0
0
0
0
0
1.08276e-16
0
0
0
0
0
0
0
0
0
0
0
0
0
0
0
0
0
0
0
0
0
0
0
0
0
0
0
0
0
0
0
0
0
0
0
0
0
0
0
0
4.5085e-14
0
-1.25078e-14
0
0
0
0
0
0
0
0
0
0
0
0
0
0
0
0
0
0
0
0
1.91133e-16
0
0
0
0
0
0
2.70862e-16
3.89281e-08
-7.24423e-15
0
3.68595e-15
0
0
0
0
0
0
0
0
0
0
0
0
0
0
0
0
0
0
0
0
0
0
0
0
0
0
0
0
0
0
0
0
0
0
0
0
0
0
3.67211e-16
-9.44003e-18
0
0
0
0
0
0
0
0
0
0
0
0
0
0
0
0
0
0
0
0
0
0
0
0
-6.41628e-17
6.72413e-16
0
0
0
0
0
0
3.3396e-16
-1.4235e-15
0
0
0
0
0
-3.64881e-08
-3.64881e-08
0
0
0
0
0
0
0
0
0
0
0
0
9.18639e-16
0
-1.10725e-14
6.986e-14
0
-5.69702e-16
-1.77192e-16
0
0
0
0
0
0
0
0
0
-3.04661e-16
-2.36216e-16
0
0
0
0
0
0
0
0
0
0
0
1.23972e-15
0
0
0
0
0
-1.37595e-14
-1.10251e-14
0
0
0
0
0
0
0
0
0
0
0
0
0
0
0
0
0
0
0
0
0
0
0
0
0
0
0
0
0
0
0
0
0
0
0
0
0
0
0
0
0
0
0
0
0
0
0
0
0
0
0
0
0
0
0
0
0
0
0
0
0
1.45296e-16
0
0
0
2.65588e-15
-4.80995e-15
0
0
0
0
0
0
0
0
0
0
0
0
0
0
0
0
0
8.46664e-17
6.32256e-08
-4.18023e-08
0
7.53465e-15
-5.62641e-16
0
0
0
0
0
0
0
0
0
0
0
0
0
0
0
0
0
0
0
0
0
0
0
0
0
0
0
0
0
0
0
0
0
0
0
0
0
0
0
0
0
0
0
0
0
0
0
0
0
0
0
0
3.83722e-16
3.94246e-16
0
0
0
0
0
7.7439e-17
-1.66646e-16
1.06583e-15
0
0
0
0
0
0
0
0
0
0
0
0
0
7.19434e-15
-5.92336e-16
0
0
0
0
0
0
0
0
0
0
0
0
0
0
0
0
0
0
0
0
0
0
0
5.68686e-16
-1.69849e-15
0
0
0
0
0
0
0
0
0
0
0
0
0
0
0
-1.1854e-15
4.20335e-16
0
0
0
0
0
0
0
0
0
0
0
0
0
0
0
0
0
0
0
0
0
0
0
0
0
0
0
0
0
0
0
0
0
0
0
0
0
0
0
1.8616e-16
0
-3.11247e-15
0
0
0
0
0
0
0
0
0
0
0
0
0
0
0
0
0
0
0
0
0
0
0
0
0
2.43898e-14
0
0
0
0
0
0
0
0
0
0
0
0
0
0
0
0
0
0
0
0
0
0
0
0
0
0
0
0
0
0
0
0
0
0
0
0
0
0
0
7.38576e-17
-3.35501e-16
0
0
0
0
0
0
0
0
0
0
0
0
0
0
0
2.36859e-17
0
0
0
0
0
0
0
0
0
0
0
0
0
0
0
-1.35875e-17
-4.16362e-16
0
0
0
0
0
0
0
0
0
0
0
0
0
0
0
0
0
0
0
0
0
0
3.50254e-08
4.22071e-16
0
0
0
0
0
0
0
0
0
6.95583e-16
0
0
0
0
0
0
0
0
0
0
0
0
0
0
0
0
0
0
0
0
0
0
0
0
0
0
0
0
0
0
0
0
0
0
0
0
0
0
0
0
0
0
0
8.34021e-15
1.54433e-14
0
0
0
0
0
0
0
0
0
0
0
0
0
-3.27855e-15
-6.60781e-17
0
0
0
0
0
3.2682e-16
-5.03101e-17
0
0
0
0
0
0
3.49633e-16
0
1.27974e-16
0
-4.29432e-17
1.08563e-16
0
0
0
0
0
0
0
0
0
0
0
0
4.62479e-16
0
0
0
-2.70432e-15
0
-4.30295e-16
0
0
0
5.84799e-15
0
0
0
0
0
0
0
0
-2.61697e-16
7.08762e-17
0
0
0
0
0
0
0
0
0
0
0
0
0
0
-4.11915e-16
-1.1718e-16
0
0
0
0
0
0
0
0
0
0
0
0
0
0
0
0
0
0
0
0
0
0
0
0
0
0
0
0
0
0
0
2.68624e-16
0
-7.25353e-15
0
0
0
0
0
0
0
0
0
0
0
0
0
0
0
0
0
0
0
0
0
0
0
0
0
0
0
0
0
0
0
0
0
0
0
0
0
0
0
0
0
0
0
0
0
0
0
0
0
0
0
0
-2.92028e-16
9.61675e-16
0
0
0
0
0
0
0
0
-8.88765e-16
-1.85782e-15
0
0
0
0
0
0
0
0
0
0
0
0
0
0
0
0
0
0
0
0
0
0
0
0
0
0
0
0
0
0
0
0
0
0
0
0
0
0
0
0
0
0
0
0
0
0
0
0
0
0
0
0
0
0
0
0
0
6.20023e-15
-1.09231e-14
0
0
0
0
0
0
0
0
0
0
0
0
0
0
0
0
1.08881e-15
2.14134e-17
0
0
0
0
1.05491e-14
-8.61743e-15
0
0
0
0
0
1.23367e-14
-1.78756e-15
0
0
0
0
0
0
0
0
0
0
0
0
0
-1.00862e-30
0
0
0
0
0
0
0
0
4.5197e-15
-5.34451e-15
0
0
0
0
-1.07364e-15
0
2.45391e-18
0
0
0
0
0
0
0
0
0
0
0
0
0
0
0
0
0
0
0
0
0
0
0
0
0
0
0
0
0
-1.65221e-29
2.02552e-14
-9.91483e-17
0
0
0
0
0
0
0
0
0
0
0
0
0
0
0
0
0
-3.96439e-15
-1.52477e-15
-1.94753e-14
0
0
0
0
0
0
9.82227e-15
-3.47733e-14
0
0
0
0
0
0
0
0
0
0
0
0
0
0
0
0
0
0
0
0
0
0
0
5.00583e-19
0
0
0
0
0
0
0
0
0
0
0
0
0
0
0
0
0
0
0
0
0
0
0
0
0
0
0
0
0
0
0
0
0
0
0
0
0
0
0
0
0
0
0
0
0
0
0
0
0
0
-3.93662e-14
9.27886e-15
-3.21075e-15
0
0
0
0
0
0
0
0
-4.62164e-14
8.51238e-15
0
0
0
0
5.23101e-16
0
0
0
0
0
0
0
0
1.84725e-14
0
-2.10511e-17
0
0
0
0
0
5.43243e-16
0
0
0
0
0
0
0
0
0
0
0
0
0
0
0
0
0
0
0
0
0
0
0
0
0
0
0
0
0
0
0
0
0
0
0
0
0
0
2.58651e-16
0
-6.10008e-17
0
0
0
0
0
0
0
0
0
0
0
0
0
0
0
0
0
0
0
0
0
0
0
0
0
0
0
0
-1.42152e-16
0
3.22258e-17
0
0
0
0
0
0
0
0
0
0
0
0
0
0
0
0
0
0
0
0
0
0
0
0
0
0
0
0
0
0
-1.59109e-15
0
0
0
0
1.97328e-16
0
0
0
0
0
0
0
1.16344e-14
1.42418e-14
0
0
4.74631e-16
0
0
0
0
0
0
0
0
0
0
0
0
4.19178e-08
0
0
0
0
0
0
0
0
0
0
2.88083e-16
2.37786e-17
-1.1692e-16
0
0
0
0
0
0
0
0
4.68821e-15
0
0
0
0
0
0
0
0
0
0
0
0
0
0
0
0
0
0
0
0
0
0
0
0
0
0
0
0
0
0
0
0
0
0
0
0
0
0
0
0
0
0
-4.62639e-16
2.32606e-16
0
0
0
4.24406e-16
4.13466e-08
0
0
0
0
0
0
0
0
0
0
0
0
0
0
0
0
0
-2.00591e-16
8.13033e-16
0
0
0
0
0
-9.71105e-17
0
0
0
0
0
0
0
0
0
0
-2.42688e-16
7.12775e-17
-3.90379e-16
-4.74583e-16
-2.36179e-16
0
0
3.19329e-15
0
-1.23257e-15
0
0
0
0
0
-2.21361e-14
-3.27561e-29
0
0
0
0
0
0
0
0
0
6.9716e-15
-2.04125e-30
0
0
0
0
0
0
0
0
0
0
0
0
0
0
0
0
0
0
0
0
0
0
0
0
0
0
0
0
0
0
0
0
0
-1.34966e-14
3.3494e-14
0
0
0
0
0
0
0
0
2.83734e-17
-4.94761e-15
0
8.58683e-15
0
0
0
-3.01998e-16
0
0
0
0
0
0
0
3.79508e-08
2.29762e-16
3.47204e-08
-9.42738e-17
1.4019e-16
0
0
0
0
0
0
0
0
0
0
4.35209e-16
5.46389e-17
-2.22058e-15
2.59303e-15
0
0
0
0
0
0
0
0
0
0
0
0
-6.7496e-17
0
0
0
0
0
0
-1.40714e-16
0
0
0
0
0
1.46552e-14
0
0
0
0
0
0
0
0
0
0
0
0
0
0
0
0
0
0
0
0
0
0
0
0
-3.37713e-16
0
0
0
0
0
0
0
0
0
0
0
0
0
0
0
0
0
0
0
0
0
0
0
0
0
0
0
0
0
0
0
0
0
0
0
0
0
0
0
0
0
0
0
0
0
0
0
0
0
0
0
0
0
0
0
0
0
0
0
0
0
0
0
0
0
0
-9.35814e-17
-1.03162e-16
0
0
0
0
0
0
0
0
0
0
0
8.14807e-14
-8.10008e-14
0
0
0
0
0
0
-8.73408e-14
0
0
0
0
-2.87979e-15
0
0
0
-2.98556e-17
3.94937e-08
0
3.9349e-14
0
0
0
0
0
0
0
0
0
0
3.99294e-15
0
0
0
0
0
0
0
0
0
0
0
0
0
0
0
0
0
0
-1.68139e-14
0
0
0
0
-2.90862e-16
0
0
0
0
0
0
0
0
0
0
0
0
0
0
0
0
0
0
0
0
0
0
0
0
0
0
0
0
0
0
0
0
0
0
0
0
-3.4306e-15
0
0
0
-1.28359e-15
0
0
0
0
0
0
0
0
0
0
0
0
0
0
0
0
0
0
0
0
0
0
0
0
0
0
0
0
0
0
0
0
0
0
0
0
3.63154e-08
0
0
0
0
0
0
0
0
0
0
0
0
0
0
0
0
0
0
0
0
-2.99362e-14
-4.42008e-14
-2.50833e-14
0
0
0
0
0
0
-3.76461e-16
1.97629e-16
0
0
0
0
0
0
0
2.03893e-15
0
0
0
0
0
0
0
3.64881e-08
0
0
0
0
0
0
0
0
0
0
2.37237e-16
-1.29145e-16
0
0
0
0
0
0
0
0
0
0
0
0
0
-3.92066e-16
-4.49699e-16
-2.28809e-16
0
0
0
0
0
-1.39916e-14
0
0
0
0
0
0
0
0
0
0
0
0
0
0
0
0
0
0
0
0
0
0
0
0
0
0
0
0
0
0
0
0
0
0
0
0
0
0
0
0
0
2.01877e-16
-1.18823e-16
0
0
0
0
0
0
0
-1.20895e-14
0
0
0
0
0
0
0
0
0
0
0
0
0
0
0
0
0
0
0
0
0
0
0
0
0
0
0
0
0
0
0
0
0
0
0
0
0
0
0
0
0
0
0
0
0
0
0
0
0
0
0
0
0
0
0
0
-1.35338e-16
2.67418e-16
0
0
0
0
0
0
0
0
0
2.14263e-15
-2.81219e-16
0
0
0
0
0
0
0
0
0
0
0
0
0
0
0
0
0
0
0
1.05803e-15
3.16179e-14
0
0
0
0
0
0
0
0
0
0
0
0
0
0
0
0
0
0
0
0
0
0
0
0
0
0
0
0
0
0
1.62107e-15
0
0
0
0
0
0
0
0
0
0
0
0
0
0
0
0
0
0
0
0
0
0
0
0
0
0
0
0
0
-1.67773e-16
0
0
0
0
0
3.64881e-08
1.15363e-16
0
0
0
0
0
0
0
0
0
0
0
0
-6.3514e-16
-1.4931e-14
-2.67169e-15
6.11976e-17
0
0
0
3.6177e-14
0
0
0
0
0
0
0
0
0
0
0
0
0
0
0
0
0
0
0
0
-3.6416e-14
0
0
0
0
0
0
0
0
0
0
0
0
0
0
0
0
0
0
0
0
0
0
0
0
0
0
0
0
0
0
0
0
0
0
0
-1.29263e-15
3.64881e-08
0
0
0
0
0
0
0
0
0
0
0
0
0
0
0
0
0
-8.86966e-16
3.84741e-16
0
0
0
0
0
0
0
0
0
0
0
0
0
0
0
0
0
3.57832e-16
3.9562e-08
0
0
0
0
0
0
0
0
0
0
0
0
1.54895e-16
-4.99939e-17
0
0
0
0
0
0
0
0
0
0
-1.33862e-16
0
0
0
0
0
0
0
0
0
0
3.50065e-14
0
0
0
0
0
0
0
0
4.59075e-14
-4.24963e-14
0
0
0
0
0
0
0
0
0
0
0
0
0
0
0
0
0
0
0
0
0
0
0
0
0
0
0
0
0
0
-1.34333e-16
0
-8.99317e-17
0
0
0
0
0
0
0
0
0
0
0
0
0
0
0
0
0
0
0
0
0
0
0
0
0
0
0
0
0
0
0
0
0
0
0
0
0
0
0
0
0
0
0
0
0
0
0
0
0
0
0
0
0
0
0
0
0
0
0
0
0
0
0
0
0
0
0
0
0
0
0
0
0
0
0
0
0
0
0
0
0
0
0
0
0
0
0
0
0
0
0
0
0
0
0
0
0
0
0
0
0
0
0
0
0
0
0
0
0
0
0
0
0
0
0
0
0
0
0
0
0
0
0
0
0
0
0
0
0
0
0
0
0
0
0
0
0
0
0
0
0
0
0
0
0
0
0
0
0
0
0
0
0
0
0
4.89154e-17
-1.2013e-16
0
0
0
0
0
0
0
0
0
0
0
0
0
0
0
0
0
0
0
0
0
-1.11827e-14
0
0
0
-2.44373e-16
3.5811e-16
0
0
0
0
0
0
0
-1.10021e-16
0
0
0
0
0
0
0
0
0
0
0
0
0
0
0
0
0
0
0
0
0
4.83228e-17
0
0
0
0
0
0
0
0
0
0
0
0
0
0
0
0
0
0
0
0
0
0
0
0
0
0
0
0
0
0
0
0
0
0
3.27881e-29
9.96922e-15
0
0
0
0
0
0
0
0
0
-1.30024e-14
0
0
0
0
0
0
-4.55613e-17
0
0
0
0
0
0
0
0
-6.84303e-16
0
0
0
0
-1.76795e-15
4.11767e-15
0
-7.36256e-16
0
0
0
0
0
0
7.97186e-16
0
0
-1.58116e-14
-1.66217e-14
0
0
-5.13045e-15
0
1.48927e-15
0
0
0
0
0
0
0
0
0
-3.66284e-14
1.11496e-16
0
0
0
0
0
0
0
0
0
0
0
0
0
0
-6.20748e-14
1.41198e-14
0
0
0
0
0
0
0
0
-9.31052e-15
0
0
0
0
0
0
0
0
0
0
0
0
0
0
0
0
0
0
0
0
0
0
0
0
0
0
0
0
0
0
0
0
0
0
-1.51452e-14
-3.53156e-14
0
0
0
0
0
0
0
0
0
0
0
0
0
0
0
0
0
0
0
0
0
0
0
0
0
0
0
0
0
0
0
0
0
0
0
0
0
0
0
0
0
0
0
0
0
0
-2.76944e-15
1.65093e-16
0
0
0
0
0
0
0
0
0
0
0
0
0
0
-7.67086e-15
-2.63321e-14
0
0
0
0
0
0
4.58977e-16
0
-2.56657e-31
0
0
0
0
0
0
0
0
1.24504e-15
0
1.91199e-15
0
0
0
0
0
0
0
0
0
0
0
0
0
0
0
0
0
0
0
0
0
0
0
0
0
0
0
0
0
0
0
0
0
0
0
0
0
0
0
0
0
0
0
-2.403e-16
1.41532e-16
0
0
0
0
0
0
0
0
0
0
0
0
0
0
0
0
0
0
0
-1.05665e-30
0
0
0
0
0
0
-2.19246e-15
0
0
0
0
0
0
0
0
0
0
0
0
0
0
0
0
-2.90498e-14
0
0
0
0
0
0
0
0
0
0
0
0
0
0
0
0
0
0
0
0
0
-3.81942e-15
8.96875e-16
0
0
0
0
0
0
0
0
0
0
0
0
0
0
-1.72496e-14
1.54651e-15
0
0
0
0
0
0
-3.05697e-16
0
0
0
0
0
0
-2.76968e-15
0
0
0
0
0
-1.95379e-16
-1.18442e-16
0
0
0
0
0
0
0
0
0
0
0
0
0
0
0
0
0
0
0
0
0
0
0
0
0
0
0
0
0
0
0
0
2.42913e-16
0
0
0
0
-1.95514e-15
0
0
0
0
0
0
0
0
0
0
0
0
0
0
0
0
0
0
0
0
0
0
0
0
0
0
0
0
-5.56409e-16
0
0
0
0
0
0
0
0
0
0
0
0
0
0
0
0
0
0
0
0
0
0
0
0
0
0
0
0
0
0
0
0
0
0
0
0
0
0
0
0
0
6.00072e-16
0
0
0
0
0
0
0
5.48527e-15
0
0
0
0
0
0
0
0
0
0
0
0
0
0
0
0
0
0
0
0
0
0
0
0
0
0
0
0
0
0
0
0
-2.14068e-15
0
0
0
0
0
0
0
0
0
0
0
0
0
0
0
0
0
0
0
0
0
0
0
0
0
0
0
0
0
0
0
0
0
0
0
0
0
0
0
0
0
0
0
0
0
0
0
0
0
0
0
0
0
0
0
0
0
0
0
0
0
0
0
0
0
0
0
0
0
0
0
0
0
0
0
0
0
0
0
0
0
0
0
0
0
0
0
0
0
0
0
0
0
0
0
0
0
0
0
-1.15112e-14
-2.62592e-15
0
0
-3.32308e-16
0
0
0
0
0
0
0
0
0
0
0
0
0
0
0
0
0
0
0
0
0
0
0
0
0
0
-2.6233e-16
-7.46578e-17
0
0
0
0
0
0
0
0
0
0
0
0
0
0
0
0
0
0
0
0
0
0
0
0
0
0
0
0
0
0
0
0
0
0
0
0
0
0
0
0
0
0
0
0
0
0
0
0
0
0
0
0
0
0
0
0
0
0
0
0
0
0
0
0
0
0
0
0
0
3.49016e-16
0
0
0
0
0
0
0
0
0
0
0
0
0
0
0
0
0
0
0
0
0
0
0
0
0
0
0
0
0
-1.66019e-16
0
1.52406e-17
5.36026e-17
0
0
2.29956e-15
0
0
0
0
0
0
0
-5.55696e-17
0
0
0
0
0
0
-1.69199e-14
1.00177e-14
-5.93672e-17
0
0
0
0
0
0
0
0
0
0
0
0
0
0
0
0
0
0
0
0
0
0
0
0
0
0
0
0
2.70588e-16
0
0
0
0
0
0
0
1.43738e-14
0
-1.68057e-14
4.44159e-14
0
0
0
0
0
0
0
2.2207e-16
3.179e-16
0
0
0
0
0
0
0
0
0
0
0
0
2.33949e-16
-4.61182e-17
0
7.47709e-14
-2.01148e-14
0
0
0
0
0
0
0
0
0
0
0
0
4.4971e-16
0
0
0
0
0
0
0
0
0
0
0
0
0
0
0
0
0
0
0
0
0
0
0
0
0
0
0
0
0
0
0
0
0
0
0
0
0
0
0
0
0
0
0
0
0
0
0
0
0
0
0
0
0
0
0
0
0
0
0
0
0
0
0
0
0
0
0
0
0
0
0
0
0
0
0
0
0
0
0
0
0
0
0
7.7348e-15
-2.07487e-29
0
0
0
-2.30946e-14
0
0
0
0
0
0
0
0
0
0
0
0
0
0
0
0
0
0
0
0
0
0
0
0
0
0
0
0
0
0
0
8.9349e-14
-3.24868e-15
0
0
0
0
0
2.05726e-30
0
-6.19458e-16
0
0
0
0
0
0
1.12573e-15
-1.38011e-15
0
0
0
0
0
0
0
0
0
0
0
0
0
0
0
0
0
0
0
0
0
0
0
2.10843e-16
0
0
7.02406e-17
0
0
0
0
0
0
0
0
0
0
0
0
-9.95843e-16
0
1.32401e-15
0
0
0
0
0
0
0
0
0
0
0
0
0
0
0
0
0
0
-5.7917e-16
0
0
0
0
0
0
0
0
0
0
0
0
0
0
0
0
0
0
0
0
0
0
0
0
0
0
0
0
0
0
0
0
0
0
0
0
0
0
0
0
0
0
-7.40559e-15
0
-1.55293e-14
4.00284e-17
2.60675e-17
0
0
0
0
0
0
0
0
0
0
0
0
3.99644e-16
3.69292e-17
0
0
0
0
0
0
0
0
0
0
0
0
0
2.37094e-16
-1.16485e-15
0
0
0
0
0
0
0
0
0
0
0
0
0
1.363e-15
0
0
0
0
0
0
0
0
0
0
0
0
0
0
0
0
0
0
0
0
0
0
0
0
0
0
0
0
0
0
0
0
0
0
0
0
0
0
0
0
0
0
0
0
0
0
0
0
0
0
0
0
0
0
0
0
0
0
0
0
0
0
0
0
0
0
0
0
0
0
0
0
0
0
0
-3.49789e-16
-1.21507e-16
0
0
0
0
0
0
0
0
0
0
0
0
0
0
0
0
0
0
0
0
0
0
0
0
0
0
0
0
0
0
0
0
0
0
0
0
0
0
0
0
0
0
0
0
0
0
0
0
0
0
0
0
0
0
0
0
0
0
0
0
0
0
0
0
0
0
0
0
0
0
0
0
0
0
0
0
0
0
0
0
0
0
0
0
0
0
0
0
4.85652e-14
-4.50265e-15
0
0
0
0
0
0
0
0
0
0
0
-1.99013e-17
9.47343e-15
0
0
0
0
0
0
0
0
0
0
0
0
0
0
0
0
0
0
0
0
0
0
0
0
0
0
0
0
0
0
0
0
0
0
0
0
0
0
0
0
0
0
0
0
0
0
0
0
0
0
0
0
0
0
0
0
0
0
0
0
-4.29239e-14
0
1.35786e-14
0
0
0
0
0
0
0
0
0
0
0
0
0
0
0
0
0
0
0
0
0
0
0
0
0
0
0
0
0
0
0
0
0
0
0
0
0
0
0
0
0
0
0
0
0
0
0
0
0
0
0
0
0
0
0
0
0
0
0
0
0
0
0
0
0
0
0
0
0
0
0
0
0
-4.13071e-15
-3.41812e-16
0
0
0
0
0
0
0
0
0
0
0
0
0
0
0
0
0
0
0
3.92612e-14
-2.30504e-15
0
0
3.88483e-16
0
0
0
0
0
0
0
0
0
0
0
0
0
0
0
0
0
0
0
0
0
0
0
0
0
0
0
0
0
0
0
0
0
0
0
0
0
0
0
0
0
0
0
8.21391e-16
0
7.00299e-16
0
1.44596e-15
0
0
0
0
0
0
0
0
0
0
0
6.30505e-16
0
0
0
0
0
0
0
0
0
9.84716e-17
-2.37775e-16
0
0
0
0
0
0
0
0
0
0
0
0
0
0
0
0
0
0
0
8.16027e-17
0
0
0
0
0
0
0
0
0
0
0
0
0
0
0
0
0
0
0
0
0
0
0
0
0
0
0
0
0
0
0
0
0
0
0
0
0
0
0
0
0
0
0
0
0
0
0
0
0
0
0
0
0
0
0
0
0
0
0
0
0
0
0
0
0
0
0
0
0
0
0
0
0
0
0
0
0
0
0
-2.07003e-16
0
0
0
2.72156e-15
0
-7.31417e-16
0
0
0
0
0
0
0
0
0
4.90791e-17
0
0
0
0
0
0
0
0
0
0
0
0
0
0
0
0
0
0
1.33558e-16
0
0
0
0
0
0
0
0
0
0
0
0
0
0
0
0
0
0
0
0
0
0
0
0
0
0
0
0
0
0
0
-3.99906e-14
-7.56289e-15
0
0
0
0
0
0
0
0
0
0
0
0
0
0
0
0
0
0
0
0
0
0
0
0
0
0
0
0
0
0
0
0
0
0
0
0
0
0
0
0
0
0
0
0
0
0
0
0
0
0
0
0
-3.43191e-15
3.59812e-14
0
0
0
0
0
0
0
0
0
0
0
-2.96341e-16
0
0
0
0
0
0
0
0
0
0
0
0
0
0
0
0
0
0
0
0
0
0
0
0
0
0
0
-1.37175e-15
0
0
0
0
0
0
0
0
0
0
0
0
0
0
0
0
0
0
-2.15709e-14
0
0
0
0
0
0
0
0
0
0
0
0
0
0
0
0
0
0
-7.65535e-15
-2.97455e-14
0
0
0
0
0
0
0
-1.15363e-16
0
0
0
0
0
0
0
0
0
0
0
0
0
0
0
0
0
0
0
0
0
0
0
0
0
0
0
0
0
0
0
0
0
0
0
0
0
0
0
0
0
0
0
0
0
0
0
0
0
0
0
0
0
0
0
0
0
0
-4.35121e-17
0
0
0
0
0
0
0
0
0
0
0
0
1.0834e-16
0
0
0
0
0
0
0
0
0
0
0
0
0
0
0
0
0
0
0
0
0
0
0
0
0
0
0
0
0
0
0
0
0
0
0
0
0
0
0
0
0
0
0
0
0
0
0
0
0
0
0
0
0
0
0
0
0
0
0
0
0
0
0
0
0
0
0
0
0
0
0
0
0
1.64292e-15
-6.84898e-16
0
0
0
0
-1.95635e-15
0
0
0
0
0
0
0
0
0
0
0
0
0
0
-5.78174e-16
-6.49598e-16
0
0
0
0
0
0
0
0
0
0
0
0
0
0
0
0
0
0
0
0
0
0
0
0
0
0
0
0
0
0
0
0
0
0
0
0
0
0
0
0
0
0
0
0
0
0
0
0
0
0
0
0
0
0
0
0
0
0
0
0
0
0
0
0
0
0
0
0
0
0
0
0
0
0
0
0
0
0
0
0
0
0
0
0
0
0
0
0
0
0
0
0
0
0
0
0
0
0
0
-3.45018e-15
3.68893e-15
-1.49379e-15
-2.43397e-15
0
0
0
0
0
0
-3.0186e-08
-4.27902e-08
0
0
0
0
0
0
0
0
0
0
0
0
0
0
0
0
0
0
0
0
0
-3.2707e-16
0
0
0
0
0
4.18022e-16
1.18996e-16
0
0
0
0
8.53602e-17
1.01801e-16
0
0
0
0
0
0
0
0
0
0
0
0
0
0
0
0
0
0
0
0
0
0
0
0
0
0
0
0
0
0
0
0
0
0
0
0
0
0
0
0
4.23765e-14
0
-2.47855e-14
0
0
0
0
0
0
0
0
0
0
0
0
0
0
0
0
0
0
0
0
0
0
0
0
0
0
0
0
0
0
0
0
0
0
0
0
0
0
0
0
0
0
0
0
0
0
0
0
0
0
0
0
0
0
0
-1.74417e-14
-9.49449e-17
0
0
0
0
0
0
0
0
0
0
0
0
0
0
0
0
0
0
0
0
0
0
0
0
0
0
0
0
0
0
0
1.24565e-16
0
0
0
0
0
0
0
-8.12833e-17
0
0
0
0
0
0
0
0
0
3.1683e-16
-2.87744e-17
0
0
0
0
2.21199e-16
0
0
-6.23076e-17
0
0
0
-3.55139e-16
0
0
0
0
0
0
0
0
0
0
0
0
0
0
0
0
0
0
0
0
0
0
0
0
0
0
0
0
0
0
0
0
0
0
0
0
0
0
0
0
0
-3.10396e-14
0
0
0
0
0
0
0
0
0
0
0
0
0
0
0
-4.35537e-16
0
0
0
0
0
0
0
0
0
0
0
0
0
0
0
0
0
0
0
0
0
0
0
0
0
0
0
0
0
0
0
0
0
0
0
0
1.535e-14
0
0
0
0
0
0
0
0
0
0
0
0
0
0
0
0
0
0
0
0
0
0
0
0
0
0
0
0
0
0
0
-1.37187e-13
0
0
1.02333e-15
-4.34186e-16
0
0
-1.68547e-16
2.47127e-16
0
0
0
0
0
0
0
0
0
0
0
0
0
0
0
0
0
0
-4.20614e-16
-3.54657e-16
0
0
0
0
0
0
0
0
0
0
0
0
-1.31875e-15
-1.97182e-15
0
0
0
0
-5.62638e-17
4.93983e-14
0
0
0
0
0
0
-2.07204e-16
0
0
0
0
0
0
0
0
0
0
0
0
0
0
0
0
0
0
0
0
0
0
0
0
0
0
0
0
0
0
0
0
0
0
0
0
-2.56725e-14
8.0959e-17
6.02525e-17
0
0
0
0
0
0
0
0
0
0
0
0
0
0
0
0
0
0
0
0
0
0
0
0
0
0
0
0
0
0
0
0
0
0
0
0
0
0
0
0
0
0
0
0
0
0
0
0
0
0
0
0
0
0
0
0
0
0
0
0
0
0
0
0
3.76379e-15
1.1037e-14
0
0
0
0
0
0
0
3.87369e-14
2.22466e-14
0
0
0
0
0
0
0
0
0
0
0
0
0
-2.40088e-15
0
0
0
0
0
0
0
0
0
0
0
-2.65626e-16
0
0
0
0
1.94201e-17
0
0
0
0
0
0
0
0
0
0
0
0
0
0
0
0
0
0
0
0
0
0
0
0
0
0
0
0
0
0
0
0
0
0
0
0
0
0
0
0
0
0
0
0
0
0
0
8.92986e-14
0
-2.58921e-14
0
0
0
0
0
0
0
0
0
0
0
0
0
0
0
0
0
0
0
0
0
0
0
0
0
0
0
0
0
0
0
-3.35048e-15
0
0
0
0
-1.75222e-14
0
0
0
0
0
0
3.54943e-08
0
0
0
0
0
0
0
0
0
0
0
0
0
0
0
5.02571e-17
7.94203e-17
0
0
0
0
0
0
0
0
0
0
0
0
0
0
0
0
0
0
0
0
0
-1.15181e-14
-5.98891e-15
0
0
0
0
0
0
2.21076e-16
0
0
0
0
0
0
0
0
0
0
0
0
0
0
0
0
0
0
0
0
0
0
0
0
0
0
0
-4.52077e-14
0
0
0
0
0
0
0
0
0
0
0
0
0
0
0
0
0
0
0
0
0
0
0
0
0
0
0
0
0
0
0
0
0
0
0
0
0
0
0
0
0
-8.61794e-17
0
0
0
0
0
0
0
0
0
0
0
0
0
0
0
0
0
0
0
0
0
0
5.9399e-14
2.02486e-14
0
0
0
0
0
0
0
0
0
0
0
0
0
0
0
0
0
0
0
0
0
0
0
0
0
0
0
0
0
0
0
0
0
0
0
0
0
0
0
0
0
0
0
3.6325e-16
0
0
0
0
-2.04125e-30
5.35723e-16
0
0
0
0
0
0
0
0
-2.78275e-14
-2.00691e-16
0
0
0
0
0
0
0
0
0
0
0
0
0
0
-3.13981e-15
-1.6668e-16
0
-4.79041e-16
0
0
0
0
0
0
0
0
0
0
0
0
0
0
0
0
0
0
0
0
0
0
0
0
0
0
0
0
0
0
0
0
6.45678e-16
-2.02348e-16
0
0
0
-2.60088e-15
0
0
0
0
0
0
0
0
0
0
0
0
0
0
0
0
0
0
0
0
0
0
0
0
0
0
0
0
0
0
0
0
-5.04309e-31
0
0
0
0
0
0
0
-5.0295e-16
0
0
0
0
0
0
1.08013e-15
-1.1162e-15
0
-4.19137e-08
-3.10625e-08
0
0
3.16043e-15
1.16132e-14
2.12712e-15
0
0
0
0
0
0
0
0
0
0
0
0
0
0
0
0
0
0
0
0
0
0
0
0
0
0
0
0
0
0
0
0
0
0
0
0
0
0
0
0
0
0
0
0
0
0
0
0
0
0
0
0
0
0
0
0
0
0
0
0
0
0
0
0
0
0
0
0
0
0
0
0
0
0
0
0
0
0
0
0
0
0
0
0
0
0
0
0
0
0
0
0
2.74995e-15
0
0
0
0
0
0
0
0
0
0
0
0
0
0
0
0
0
0
0
0
0
0
0
0
0
0
-5.10313e-31
0
0
8.93645e-15
0
0
0
0
0
0
0
-1.05562e-14
0
0
0
0
0
8.36241e-17
0
0
-4.32297e-17
0
0
0
0
0
0
0
0
0
0
0
0
0
0
0
0
0
0
0
0
-4.67897e-17
9.29658e-17
0
0
0
0
0
0
0
0
0
0
0
0
0
0
0
0
0
0
0
0
0
0
0
0
2.43276e-15
2.02425e-15
0
0
0
0
0
0
0
0
0
0
0
0
0
0
0
0
-4.15159e-16
2.85393e-16
0
5.17627e-16
1.01177e-15
0
3.44279e-14
-4.91253e-14
0
0
0
0
0
0
0
0
0
0
0
0
0
0
0
0
0
0
0
0
0
0
0
0
0
0
0
0
0
0
0
0
0
0
0
0
0
0
0
0
0
0
0
0
0
0
0
0
0
0
0
0
0
0
0
0
0
0
0
0
0
0
0
0
0
0
0
0
0
0
0
0
0
0
0
0
0
0
0
0
0
0
0
0
0
0
0
0
0
0
0
0
0
0
0
0
0
0
0
0
0
0
0
0
0
0
0
0
0
0
0
0
0
0
0
0
0
0
0
0
0
0
0
0
0
0
0
0
0
0
0
0
0
0
0
0
0
0
0
0
0
0
0
0
0
0
0
0
0
0
0
0
0
0
0
0
0
0
-3.05917e-14
0
0
0
0
0
0
0
0
0
0
0
0
0
0
0
0
0
0
0
0
0
0
0
0
0
0
0
0
0
0
0
0
0
2.69049e-16
0
0
0
0
0
0
0
0
0
0
0
0
0
0
0
0
0
0
0
0
0
0
0
0
0
0
0
0
0
0
0
0
0
0
0
0
1.52242e-14
0
0
0
0
0
0
0
0
0
0
0
0
0
0
0
0
0
0
0
0
0
0
0
0
0
0
0
0
1.64105e-16
0
0
0
0
0
0
-1.00761e-15
-1.30871e-15
0
0
0
0
0
0
0
0
0
0
0
0
0
0
0
0
0
0
0
0
0
0
0
0
0
0
0
0
0
0
0
0
0
0
0
0
0
0
0
0
0
0
0
4.01482e-16
0
0
0
0
0
0
0
0
0
0
0
0
0
0
0
0
0
0
0
-7.95091e-15
-1.78988e-14
0
0
0
0
0
0
0
0
0
0
0
0
0
0
0
0
0
0
0
0
0
0
0
0
0
0
0
0
0
0
0
0
0
0
0
0
0
0
0
0
0
0
0
0
-1.84416e-16
0
0
0
0
0
0
0
0
0
0
0
0
0
0
0
0
0
0
0
0
0
0
0
0
0
0
9.03184e-16
0
0
0
6.12949e-17
0
0
0
0
-1.18086e-16
0
-1.01873e-16
0
0
0
0
0
0
0
0
0
0
0
0
0
0
3.26454e-16
7.14144e-17
0
0
0
0
-5.31948e-17
0
9.29308e-17
0
0
0
0
0
0
0
0
0
0
0
0
0
0
0
0
0
-1.84617e-15
0
0
0
0
0
0
0
0
0
0
0
0
0
0
0
0
0
0
-5.00307e-31
2.46556e-15
0
0
6.11357e-16
0
0
0
0
0
0
0
0
0
0
0
0
0
0
0
0
0
0
0
0
6.49634e-15
0
0
0
0
0
0
0
0
0
0
0
0
0
0
0
0
0
0
0
0
0
0
0
0
0
0
0
0
0
0
0
0
0
0
0
0
0
0
0
0
0
-2.01194e-14
3.85308e-14
0
0
0
0
0
0
0
0
0
0
0
0
0
0
0
6.46623e-15
0
1.38298e-15
0
0
0
0
0
0
-2.42461e-16
0
0
0
0
0
0
0
0
0
0
0
0
0
0
0
0
-4.58029e-17
2.11537e-16
0
0
0
0
0
-8.46589e-17
1.50856e-16
0
0
0
0
0
0
0
0
0
0
0
0
0
0
0
0
0
0
-4.94362e-16
0
0
0
0
0
0
0
0
0
0
0
0
0
0
0
0
0
1.79629e-13
-5.46241e-14
-1.0469e-14
0
0
0
0
0
0
0
0
0
0
-1.61379e-29
0
0
0
0
0
0
0
0
0
0
0
0
0
0
0
0
0
0
0
0
0
0
0
0
0
0
0
0
0
0
0
0
0
0
0
0
0
0
0
0
0
0
0
0
0
0
0
0
0
0
0
0
0
0
0
0
1.88835e-14
-4.05316e-16
6.08211e-17
0
-1.37648e-16
1.91411e-16
0
0
0
0
0
0
0
0
0
0
0
0
0
0
0
0
0
0
0
0
0
0
0
0
0
0
0
0
0
0
0
0
0
0
0
0
0
1.86711e-14
0
0
0
0
0
0
0
0
0
0
0
0
0
0
0
0
0
0
0
0
0
0
5.18203e-16
0
0
0
0
0
0
0
0
0
0
0
0
0
0
0
0
0
0
0
0
0
0
0
6.2724e-14
-4.40643e-14
0
0
0
0
0
0
0
0
-5.0625e-17
0
0
0
0
0
0
0
0
0
0
0
0
0
0
0
0
0
0
0
0
0
0
0
0
0
0
0
0
0
0
0
8.66879e-14
0
0
0
0
0
0
0
0
0
0
0
0
0
0
0
0
0
0
0
0
0
0
0
0
0
0
0
0
0
0
0
0
0
0
0
0
0
0
0
0
0
0
0
0
0
0
0
0
0
0
0
0
0
0
0
0
0
-3.56906e-14
5.23463e-14
0
0
0
0
0
0
0
0
0
0
1.32718e-16
0
0
0
0
0
0
0
0
1.69993e-17
-2.64933e-18
0
0
0
0
0
0
0
1.46657e-16
0
0
0
0
0
0
0
0
-3.94873e-14
0
1.33819e-14
0
0
0
0
0
0
0
0
0
0
0
0
0
0
0
0
0
0
0
0
0
0
0
0
0
0
0
0
0
0
0
0
0
0
0
0
0
0
0
0
0
0
0
0
0
0
0
0
0
0
0
0
0
0
0
0
0
0
-1.3835e-16
0
0
-1.02863e-30
0
0
0
0
0
0
0
0
0
1.91815e-15
3.75094e-16
0
0
0
0
0
0
0
0
0
0
0
0
0
0
0
0
0
0
0
0
0
0
2.28058e-16
0
0
0
0
0
0
0
0
0
2.93496e-14
0
0
0
0
0
0
0
0
0
0
0
0
0
-3.02809e-16
0
0
0
0
0
0
0
0
0
0
0
0
0
0
0
0
0
0
0
0
0
0
0
0
0
0
0
0
0
0
0
0
0
0
0
0
0
0
0
0
0
0
0
0
0
0
0
0
0
0
0
0
0
0
0
0
0
0
0
0
0
0
0
0
0
0
0
0
0
0
0
0
0
0
0
0
0
0
0
0
0
0
0
0
0
0
0
0
0
0
0
0
0
0
0
0
0
0
0
0
0
0
0
0
0
0
0
0
0
0
0
0
0
0
0
0
0
0
0
0
0
0
0
0
0
0
0
0
0
0
0
0
0
0
0
0
0
0
0
0
0
0
0
0
0
0
0
0
-2.37913e-16
0
0
0
0
0
0
0
0
0
0
0
0
0
0
0
0
0
0
0
0
0
0
0
0
0
0
0
0
0
0
0
0
0
0
0
0
0
0
0
0
0
0
0
0
0
0
0
0
0
0
0
0
0
0
0
0
0
0
0
0
0
0
0
0
0
0
0
0
0
0
0
0
0
0
0
0
0
0
0
0
0
0
0
0
0
0
0
0
0
0
0
0
0
0
0
0
0
0
0
0
0
0
0
0
0
0
0
0
0
0
0
0
-3.15737e-15
3.54355e-15
0
0
0
0
0
0
0
0
0
0
0
0
0
0
0
0
0
0
1.44051e-16
0
0
0
0
0
0
0
0
0
0
0
0
0
0
0
0
0
0
0
0
0
0
0
0
0
0
0
0
0
0
0
0
0
0
0
0
0
0
0
0
0
0
0
0
0
0
0
0
0
0
0
0
0
0
0
0
-8.52431e-16
0
0
0
0
0
0
0
0
0
0
0
0
0
0
0
0
0
0
0
0
0
0
0
0
0
0
0
0
0
0
0
0
0
0
0
0
0
0
0
0
0
0
0
0
0
0
0
0
0
0
0
0
0
0
0
0
0
0
0
0
0
0
0
0
0
0
0
0
0
0
0
0
0
0
0
0
0
0
0
0
0
0
0
0
0
0
0
0
0
0
0
0
0
0
0
0
0
0
0
0
0
0
0
0
0
0
0
0
0
0
0
0
0
0
0
0
0
0
0
0
0
0
0
0
0
0
0
0
0
0
0
0
0
0
0
0
0
0
0
0
0
0
-2.18139e-16
5.31526e-18
0
0
0
0
0
0
0
0
0
0
0
0
0
0
0
0
0
0
0
0
0
0
0
0
0
0
0
0
0
-1.29079e-31
1.08707e-16
0
0
0
0
0
0
0
0
0
0
0
0
0
0
0
0
0
0
0
0
0
0
0
0
0
0
0
0
0
0
0
0
0
0
0
0
0
0
0
0
0
0
0
0
0
0
0
0
0
0
0
0
0
0
0
0
0
0
0
0
0
0
0
0
0
0
0
0
0
0
0
0
0
0
0
0
0
0
0
0
0
0
0
0
0
0
0
0
0
0
0
0
0
0
0
0
0
0
0
0
0
0
0
0
0
0
0
0
0
0
-7.31779e-15
0
0
0
0
0
0
0
0
0
0
0
0
0
0
0
0
0
0
0
0
0
0
0
0
0
0
0
0
0
0
0
0
0
0
0
0
0
0
0
3.99785e-16
-1.05216e-15
0
0
0
0
0
0
0
0
0
0
0
0
0
0
0
-6.74687e-14
-3.54537e-15
0
0
0
0
0
0
0
0
0
0
0
0
0
0
0
0
0
0
0
0
0
0
0
0
0
0
0
0
0
0
0
0
0
0
0
3.93127e-16
-2.3487e-16
0
0
0
0
0
0
0
0
0
0
0
0
0
0
0
0
0
0
0
0
0
0
0
0
0
0
0
0
0
0
0
0
0
0
0
0
0
0
0
0
0
0
0
0
0
0
0
0
0
0
0
0
0
0
0
0
0
0
0
0
0
0
0
0
0
0
0
1.88482e-16
0
0
0
0
0
0
0
0
0
0
0
0
0
0
0
-4.17165e-14
-2.3602e-14
0
0
0
0
0
0
0
0
0
0
0
0
0
0
0
0
0
0
0
0
0
0
0
0
0
0
0
0
0
0
0
0
0
0
0
0
0
0
0
0
0
0
0
0
0
0
0
0
-3.12444e-14
3.29851e-15
0
0
0
0
0
0
0
0
0
0
0
0
0
0
0
0
0
0
0
0
0
0
0
0
0
0
0
0
0
0
0
0
0
0
0
0
0
0
0
0
0
0
0
0
0
0
0
0
-3.27007e-14
-2.5223e-14
0
0
0
0
0
0
0
0
0
0
0
0
0
0
0
0
0
0
0
0
0
0
0
0
0
0
0
0
0
0
0
0
0
0
0
0
0
0
0
0
8.80975e-15
0
-6.19329e-16
0
0
0
1.58185e-14
0
0
0
0
0
0
0
0
0
0
0
0
0
0
0
0
0
0
0
0
0
0
0
-5.01946e-16
1.04901e-16
-4.42916e-17
0
0
0
0
0
0
0
0
0
0
0
0
0
0
2.49515e-14
-4.5209e-15
0
0
0
0
0
0
0
0
0
0
0
0
0
0
0
0
0
0
0
0
3.7338e-08
0
0
0
0
-3.57622e-15
0
0
0
0
0
0
0
0
0
0
0
0
0
0
0
0
0
0
0
0
0
0
0
0
0
0
0
0
0
0
0
0
0
0
0
0
0
0
0
0
0
0
0
0
0
0
0
0
0
0
0
0
0
0
0
0
0
0
0
0
0
0
0
0
0
0
0
0
0
0
0
0
0
0
0
0
0
0
0
0
0
0
0
0
0
0
0
0
0
0
0
0
-4.30105e-14
3.20132e-14
0
0
0
0
0
0
0
0
6.44562e-16
1.5771e-15
0
0
0
0
0
0
0
0
0
0
0
0
0
0
0
0
0
0
0
0
0
0
0
0
0
0
0
0
0
0
0
0
0
0
0
0
0
0
0
0
0
0
0
0
0
0
0
0
0
0
8.48714e-17
0
0
0
0
0
0
0
0
0
0
0
0
0
0
0
0
0
0
0
0
0
0
0
0
0
0
1.90071e-14
0
0
0
0
0
0
0
0
0
0
0
0
0
0
0
0
0
0
0
0
0
0
0
0
0
0
0
0
0
0
0
0
0
0
0
0
9.60347e-15
0
0
0
0
0
0
0
0
0
0
0
0
0
0
0
0
0
0
0
0
0
0
0
0
0
1.53072e-14
0
3.27801e-29
0
0
0
0
0
0
0
0
0
0
0
0
0
0
0
0
0
0
0
0
0
0
0
0
0
0
0
0
0
0
0
0
0
0
0
0
0
0
0
0
3.87229e-14
0
0
0
0
0
0
0
0
0
0
0
0
0
0
0
0
4.92533e-16
-3.45388e-16
0
0
0
0
0
0
0
0
0
0
0
0
0
0
0
0
0
0
0
-1.80193e-15
0
0
0
0
0
0
0
0
0
0
0
0
0
0
0
0
0
2.41949e-14
3.44802e-15
0
0
0
5.44437e-15
2.23412e-16
0
0
0
0
0
0
0
0
0
0
0
0
7.14092e-14
0
0
0
0
0
0
0
0
0
0
0
0
0
0
0
0
0
0
0
0
0
0
0
0
0
0
0
0
0
0
9.27153e-15
0
0
0
0
0
0
0
0
0
0
2.89451e-14
5.3912e-16
0
0
0
0
-7.42646e-16
0
0
0
5.70286e-14
-3.69855e-14
0
0
0
0
0
0
0
0
0
0
0
0
0
0
0
0
-8.92726e-15
0
0
0
0
0
0
0
0
0
0
0
0
0
0
0
0
0
0
0
0
0
0
0
0
0
0
0
2.32612e-15
1.29442e-15
0
0
0
0
0
0
0
0
0
0
0
0
0
0
0
1.04729e-16
0
0
0
0
0
0
0
0
0
0
0
0
0
0
0
0
0
0
0
0
0
0
0
0
1.53441e-14
4.66205e-14
9.871e-17
0
0
0
0
0
0
0
0
0
0
0
0
0
0
0
0
0
0
0
0
0
0
0
0
0
0
0
0
0
1.68629e-14
-3.06663e-14
0
0
0
0
0
0
0
0
0
3.34554e-14
1.23176e-14
-8.58894e-16
0
0
0
0
5.12106e-16
0
4.73493e-16
0
0
0
0
0
0
0
0
0
0
0
0
0
3.4615e-14
0
0
0
0
0
0
0
0
0
0
0
0
0
0
0
0
0
0
0
5.57132e-15
2.84531e-15
0
0
0
0
0
0
0
0
0
0
0
0
0
0
0
3.266e-29
0
0
0
0
0
0
0
0
0
0
0
0
0
0
0
0
0
0
0
0
0
0
0
0
0
0
0
5.68364e-14
-3.66116e-14
0
0
0
0
0
0
0
0
0
0
-5.46396e-15
0
0
0
0
0
-7.68471e-31
0
0
0
0
0
0
0
0
0
0
0
8.42836e-17
0
0
0
0
0
0
0
0
0
2.40819e-16
0
0
0
0
0
0
0
0
0
-2.29345e-16
0
-3.52259e-14
4.85796e-15
0
0
0
0
0
0
0
0
-1.20583e-16
0
0
0
0
0
0
0
0
0
0
0
5.68648e-16
0
0
0
0
0
0
0
0
0
0
0
0
0
0
0
0
0
0
0
0
0
0
0
0
0
0
0
0
0
0
0
0
0
0
0
0
0
0
0
0
0
0
0
0
0
0
0
0
0
0
0
0
0
0
0
0
0
0
2.23743e-15
0
0
0
0
0
0
0
0
0
0
0
0
0
0
0
0
0
0
0
0
0
0
0
0
0
0
0
0
0
0
0
0
0
0
0
0
0
0
0
0
0
0
0
0
0
0
0
0
0
0
0
0
0
0
0
0
0
7.56259e-16
0
0
0
0
0
0
0
0
0
0
0
0
0
0
0
1.03441e-15
0
9.13912e-16
0
0
0
0
0
0
0
0
0
0
0
0
0
0
0
0
0
0
0
0
-4.03085e-14
3.95284e-14
0
0
0
0
0
0
0
3.48606e-15
0
4.19681e-17
0
0
0
0
0
0
0
0
0
0
0
0
0
0
0
0
0
0
0
0
0
-5.03007e-14
0
0
0
-1.9085e-16
0
0
0
0
0
0
2.94719e-16
0
0
0
0
0
0
0
0
0
0
0
0
0
0
0
0
0
0
0
0
0
0
0
0
0
0
0
0
0
0
0
0
0
0
0
0
0
0
0
0
0
0
0
0
-2.71917e-14
0
0
0
1.36497e-16
0
0
0
0
0
0
0
0
0
0
0
0
0
0
0
0
0
0
0
0
0
0
0
-4.86138e-14
0
-2.7669e-15
0
0
0
0
0
0
0
0
0
0
0
0
0
0
0
0
0
-2.34474e-14
0
0
0
0
0
0
0
0
0
0
0
0
0
0
0
0
0
0
0
0
0
0
0
0
0
0
0
0
0
0
0
0
0
0
-2.65489e-14
0
0
0
0
0
0
0
0
0
0
0
3.37761e-16
0
0
0
0
0
0
0
0
3.87732e-17
-2.3929e-16
0
0
0
0
0
0
0
0
0
0
0
0
-6.29498e-14
5.23449e-15
1.46648e-13
0
0
0
0
0
0
0
0
0
0
0
0
0
0
0
0
0
0
0
0
-1.78242e-16
3.57366e-16
0
0
0
0
0
0
-3.05028e-14
0
0
0
0
0
0
0
0
0
0
0
0
0
0
0
0
-1.43236e-14
0
0
0
0
0
0
0
0
0
0
0
0
0
0
0
0
0
0
-2.19762e-16
0
0
0
0
0
0
0
0
0
0
0
0
0
0
0
0
0
0
0
0
0
0
0
0
0
0
0
0
0
0
0
0
1.56511e-14
1.73406e-14
0
0
0
0
0
0
0
0
0
0
0
0
0
0
0
0
0
0
0
-7.59486e-17
0
0
0
0
0
0
0
3.33046e-15
0
2.81465e-14
0
0
0
0
0
0
0
0
-2.30746e-14
-2.16379e-14
0
0
0
0
0
0
0
0
0
0
0
0
0
0
0
0
0
0
0
0
0
0
0
0
0
0
0
0
0
0
0
0
0
0
3.72417e-15
0
0
0
0
0
0
0
0
0
0
-1.70957e-16
0
0
0
0
0
0
0
0
0
0
0
0
0
0
0
0
0
0
0
0
0
0
0
0
0
0
0
0
0
0
0
0
0
0
0
0
0
0
-1.31058e-16
-1.642e-16
0
0
0
0
0
0
0
0
0
-8.24796e-17
-8.60137e-17
0
-4.7078e-16
0
0
0
0
0
0
0
0
0
0
0
0
0
0
0
0
0
-3.57288e-17
0
0
0
0
4.21291e-16
0
0
0
0
0
0
0
0
0
0
0
0
0
0
0
0
0
0
0
0
0
0
7.03893e-14
4.92277e-14
0
0
0
4.76069e-14
0
0
0
0
0
0
0
0
0
0
0
0
0
0
-1.25802e-15
4.49147e-14
0
0
0
0
0
0
0
0
9.98935e-17
0
0
0
0
7.8785e-17
0
0
0
0
0
0
5.75033e-17
0
0
0
0
0
0
0
0
0
0
0
0
0
0
0
-8.63077e-14
0
0
0
1.61384e-14
0
0
0
0
0
0
0
0
0
0
0
0
0
0
0
0
0
0
2.75906e-16
0
0
0
0
0
-6.07237e-17
0
0
0
0
0
0
0
0
0
0
0
0
0
0
0
0
0
0
0
0
0
0
-6.64377e-17
-9.1071e-17
0
0
0
0
0
0
0
6.13638e-16
1.67793e-15
0
0
0
0
0
0
0
0
0
0
0
0
0
0
0
0
0
0
0
0
0
0
0
0
0
0
0
0
0
0
0
3.33457e-14
-2.21596e-16
0
0
0
0
0
0
0
0
-1.73097e-16
0
0
0
0
0
0
0
0
0
0
0
0
7.49694e-14
0
0
0
0
0
0
0
0
0
0
0
0
0
0
0
0
0
0
0
-3.47504e-14
0
0
0
0
0
0
0
0
0
0
0
0
0
0
0
0
0
0
0
0
0
0
0
-3.38262e-16
-7.7615e-16
0
0
0
0
0
0
0
0
0
0
0
0
0
0
0
0
0
0
0
0
-2.42584e-16
4.36743e-16
0
0
0
0
0
0
0
0
0
0
0
0
0
0
0
0
0
0
-1.19407e-16
0
0
0
0
0
0
0
0
0
0
0
0
0
0
0
0
0
0
0
0
0
0
0
0
0
0
0
0
0
0
0
0
0
0
0
0
0
0
0
2.48237e-16
0
0
0
0
0
0
0
0
0
0
0
0
0
2.67345e-16
0
0
0
0
0
0
0
0
0
0
0
0
0
5.40702e-16
0
0
0
0
0
0
0
0
0
0
0
0
0
0
0
0
0
0
0
0
0
0
0
0
0
0
0
0
0
0
0
0
0
0
0
0
0
0
0
0
0
0
0
0
0
0
0
0
0
0
0
0
0
0
0
0
0
0
0
0
0
0
0
0
0
0
0
0
2.62842e-17
0
0
0
0
0
0
0
0
0
3.11036e-16
-1.33956e-16
0
0
0
0
0
0
0
0
0
0
0
0
0
0
0
0
0
0
0
0
0
0
0
0
0
0
0
0
0
0
0
-1.08989e-14
-8.9036e-15
0
0
0
0
0
0
0
0
0
0
0
0
0
0
0
0
0
0
0
0
0
0
0
0
0
0
0
0
0
0
0
0
7.34966e-15
1.23347e-14
0
0
0
0
0
0
0
0
0
0
0
0
0
0
0
0
0
0
0
0
0
0
0
0
0
0
0
0
0
0
0
0
0
0
0
0
0
0
0
0
0
0
0
0
0
0
0
0
0
0
0
0
0
0
0
0
0
0
0
0
0
0
0
0
0
0
0
0
0
0
0
0
0
0
0
0
0
0
0
0
0
0
0
0
0
0
0
0
0
0
0
0
0
0
0
0
0
0
-2.69904e-16
0
0
0
0
0
0
0
0
0
0
0
0
0
3.93498e-17
4.75265e-16
0
0
0
0
0
0
0
0
0
0
0
0
0
0
0
0
0
0
0
0
0
0
0
0
0
0
0
0
0
0
0
0
-2.41948e-15
0
0
0
0
0
0
0
0
0
0
0
0
0
0
0
0
0
0
0
0
0
0
0
0
0
0
0
0
0
0
0
0
0
0
0
0
0
0
0
0
0
0
0
0
0
0
2.24164e-16
-1.88437e-16
0
0
0
0
0
0
0
0
0
0
0
0
0
0
0
0
0
6.31977e-16
0
0
0
0
0
0
0
0
0
0
0
0
0
0
0
0
0
0
0
0
0
1.95749e-16
0
0
0
0
0
0
0
0
0
0
0
0
0
0
0
0
0
0
0
0
0
0
0
0
0
0
0
0
0
0
0
0
0
0
0
0
0
0
0
0
0
0
0
0
0
0
0
0
0
0
0
0
0
0
0
0
0
0
0
0
0
0
0
0
0
0
0
0
0
0
-2.6272e-15
0
3.68876e-14
0
0
0
0
0
0
0
0
0
0
0
0
0
0
0
0
0
0
0
0
0
0
0
0
0
0
0
0
0
0
0
0
0
0
0
0
0
0
0
0
0
0
0
0
0
0
0
0
0
0
0
0
0
0
0
0
0
0
0
0
0
0
0
0
0
0
0
0
0
0
0
0
0
0
0
0
0
-7.65012e-16
7.39249e-16
0
0
0
0
0
0
0
-1.9549e-16
0
0
0
-9.83342e-16
-4.56699e-16
0
0
0
0
0
0
0
0
0
0
0
0
0
0
0
0
0
0
0
0
0
0
0
0
0
0
0
1.03878e-13
0
2.49783e-16
0
0
0
0
0
0
0
0
0
0
0
0
0
0
0
0
0
0
0
0
0
0
0
0
0
0
0
0
0
0
0
0
0
0
0
0
0
0
0
0
0
0
0
0
0
0
0
0
1.03225e-14
0
0
0
0
0
0
0
0
0
0
0
0
0
0
0
0
0
0
0
0
0
0
0
0
0
0
0
0
0
0
0
0
0
0
0
0
0
0
0
0
0
0
0
0
0
0
0
0
0
0
0
0
0
0
0
0
0
0
0
0
0
0
0
0
0
0
0
0
0
0
0
0
0
0
0
0
0
0
0
0
1.25221e-14
4.83129e-14
0
0
0
0
5.94303e-16
1.92893e-16
0
0
0
0
1.02428e-15
1.42224e-17
-2.15513e-16
5.60105e-16
0
0
0
0
0
0
0
0
0
0
0
0
0
0
0
0
0
0
0
0
0
0
0
0
0
0
0
0
0
0
0
4.42653e-14
0
0
0
-1.95294e-14
0
0
0
0
0
1.21986e-16
-5.79877e-17
0
0
0
0
0
0
0
0
0
0
0
0
0
0
0
0
0
0
0
0
0
0
0
0
0
0
0
0
0
0
0
0
0
0
0
0
0
0
5.84049e-16
0
0
0
0
0
0
0
0
0
0
0
0
0
0
0
0
1.14069e-16
0
0
0
0
0
0
0
0
5.06616e-14
0
0
0
0
0
0
0
0
0
0
0
0
0
0
0
0
0
0
0
0
0
0
0
0
0
0
0
0
0
0
0
0
0
0
0
0
0
0
0
0
-2.80204e-17
0
0
0
0
0
0
0
0
0
0
0
0
0
0
0
0
0
0
0
0
0
0
0
0
0
0
0
0
0
0
0
0
0
0
0
0
0
0
0
0
0
0
0
0
0
0
0
0
0
0
0
0
0
0
0
0
0
-5.11814e-31
0
0
0
0
0
0
0
0
0
0
0
0
0
0
0
0
0
0
0
0
0
0
0
0
0
0
0
0
0
0
0
0
0
0
0
0
0
0
0
0
0
0
0
0
0
0
0
0
0
0
0
-5.85039e-16
0
0
0
0
0
0
0
0
0
0
0
0
0
0
0
-2.06297e-15
0
0
0
0
0
0
0
0
0
0
0
0
0
0
0
0
0
0
0
0
-2.1044e-15
0
0
0
0
0
0
0
-2.80147e-14
0
0
0
0
0
0
0
0
0
0
0
0
0
0
0
0
0
0
0
0
0
0
0
0
0
0
0
0
0
2.91172e-16
0
0
0
0
0
0
0
0
0
0
0
0
0
0
0
0
0
4.59296e-16
0
0
0
0
0
0
0
0
0
0
0
0
0
0
0
0
0
0
0
0
0
0
0
0
0
0
0
0
0
0
0
0
0
0
0
0
0
0
0
0
0
0
0
0
0
0
0
0
0
0
0
0
0
0
0
0
0
0
0
0
0
0
0
0
0
0
0
0
0
0
0
0
-2.80174e-15
-2.2408e-15
0
0
0
0
0
0
0
0
0
0
0
0
0
0
0
0
0
0
0
0
0
0
0
0
0
0
1.20059e-14
0
0
0
0
0
0
0
0
0
0
0
0
0
0
0
0
0
0
0
0
0
0
0
0
0
0
0
0
0
0
0
0
0
0
0
0
0
-1.36218e-16
1.35971e-15
0
0
0
0
0
0
0
0
0
0
0
0
0
0
0
2.09632e-16
1.23965e-14
0
0
0
0
0
0
0
0
0
0
0
0
0
0
0
0
0
0
0
0
0
0
0
-4.44317e-15
0
0
0
0
0
0
0
0
0
0
0
0
0
0
0
0
0
0
0
0
0
0
0
0
0
0
0
0
0
0
0
0
0
0
0
0
0
0
0
0
0
0
0
0
0
0
0
0
0
0
0
0
0
0
-1.63871e-15
1.22955e-29
2.52726e-17
0
0
0
0
0
0
-2.93334e-16
0
0
-6.95525e-16
0
0
0
0
0
0
0
0
0
0
0
0
0
0
0
0
0
0
0
0
0
0
0
0
0
0
0
0
0
0
0
0
0
0
0
0
0
0
0
0
0
0
0
0
0
0
0
0
0
0
0
0
0
0
0
0
0
0
0
0
0
0
0
0
0
0
0
0
0
0
0
3.74747e-14
5.25897e-14
0
0
0
0
0
0
0
0
0
0
0
0
0
0
0
0
0
0
0
0
0
0
0
0
0
0
0
0
0
0
0
0
0
0
0
0
0
0
0
0
0
0
0
0
0
0
0
0
0
0
0
0
0
0
0
0
0
0
0
0
0
0
0
0
0
0
0
0
0
0
0
0
5.27402e-16
2.04125e-30
0
0
0
0
0
0
0
0
0
0
0
0
0
0
0
0
0
0
0
0
0
0
0
0
0
0
0
0
2.66306e-16
0
0
0
0
0
0
0
0
0
0
0
2.94824e-14
0
0
0
0
0
0
0
0
-3.47883e-16
0
0
0
0
0
0
0
0
0
0
0
0
0
0
0
0
0
0
0
0
0
0
0
0
0
0
0
0
0
0
-1.31391e-13
0
4.56908e-14
0
2.00697e-14
0
0
0
0
0
0
0
0
0
0
0
0
0
0
0
0
0
0
0
0
0
0
0
0
0
0
0
0
0
0
0
0
0
0
0
0
0
0
0
0
0
0
0
0
0
0
0
0
0
0
0
0
0
0
0
0
0
0
0
0
0
0
0
0
0
0
0
0
0
0
0
0
0
0
0
0
0
0
0
0
0
0
0
0
0
0
0
0
0
0
0
0
0
0
0
0
0
0
0
0
0
0
0
0
0
0
0
0
0
0
0
0
0
0
0
0
0
0
0
0
-4.36206e-14
0
4.51621e-14
0
0
8.15867e-14
0
0
0
0
0
0
0
0
0
0
0
0
0
0
0
0
6.85097e-14
0
0
0
0
0
0
0
0
0
0
0
0
0
0
0
0
0
0
0
0
0
0
0
0
0
0
0
0
0
0
0
0
0
0
0
0
-1.72185e-14
0
0
0
0
0
0
0
0
0
0
0
0
0
0
0
0
0
0
0
0
0
0
0
0
0
0
0
0
0
0
0
0
0
0
0
0
0
0
0
0
0
1.8368e-15
-1.5612e-14
0
0
0
0
0
0
0
0
0
0
0
0
-3.19976e-15
0
0
0
0
0
0
0
0
0
0
0
0
0
0
0
0
0
0
0
0
0
0
0
0
0
0
0
0
1.06051e-13
2.00198e-15
0
0
0
0
0
0
0
0
0
0
0
0
0
0
0
0
0
0
0
0
0
0
0
0
0
0
0
0
0
0
0
0
0
0
0
0
0
0
0
0
0
0
0
0
0
0
0
0
0
0
0
0
0
0
0
0
0
0
2.32968e-14
0
0
0
1.79319e-15
0
0
0
0
0
0
0
0
0
0
0
0
0
0
0
0
0
-2.31093e-15
0
0
0
0
0
0
0
0
0
0
0
0
0
0
0
0
0
0
0
0
0
0
0
0
0
0
0
0
-4.57085e-14
0
0
0
0
0
0
0
0
2.66038e-16
0
-1.01271e-18
0
0
0
0
0
0
0
0
0
0
0
0
0
0
0
0
0
5.09441e-16
0
0
0
0
0
0
0
0
0
0
2.12247e-14
-8.33325e-17
0
0
0
0
0
0
0
0
0
0
0
0
0
0
0
0
0
0
0
0
0
0
0
0
0
0
0
0
0
0
0
0
0
0
0
0
0
0
0
0
0
0
0
0
0
0
0
0
0
0
0
0
0
0
0
0
0
0
0
0
0
0
0
0
0
0
0
0
0
0
0
0
0
0
0
0
0
0
0
0
0
0
0
0
0
0
0
0
0
0
0
0
0
0
0
0
0
0
0
0
0
0
0
0
0
0
0
0
0
0
0
0
0
0
0
0
0
0
0
0
0
0
0
0
0
0
0
0
0
0
0
0
0
0
0
0
0
0
0
0
0
0
0
0
-5.46187e-18
1.12299e-16
0
0
0
0
0
0
0
0
0
0
0
0
0
0
0
0
0
0
0
0
0
0
0
0
-1.26461e-16
0
0
0
0
0
0
0
0
0
0
0
0
0
0
0
0
0
0
0
0
0
0
0
0
0
0
0
0
0
0
0
0
0
0
0
0
0
0
0
0
0
0
5.52226e-16
0
0
2.47587e-16
0
0
0
0
0
0
0
0
0
1.96864e-16
0
0
0
0
0
0
0
0
0
0
0
0
0
0
0
0
0
0
0
0
0
0
0
0
-1.9384e-16
0
0
0
0
0
0
0
0
1.44518e-14
0
4.68351e-14
0
0
0
0
0
0
0
0
0
0
0
0
6.45516e-29
0
-5.67786e-17
7.47116e-17
-9.9595e-15
0
0
0
0
0
0
0
0
0
0
0
0
0
0
0
0
0
0
0
0
0
0
0
0
0
-8.29256e-17
0
0
0
0
0
0
0
0
0
0
0
0
0
0
0
0
0
0
0
0
0
0
0
0
0
0
0
0
0
0
0
0
0
0
0
0
0
0
0
0
0
0
0
0
-2.87317e-17
0
0
0
0
0
0
0
0
0
0
0
0
0
0
0
0
0
0
0
0
-1.71511e-16
0
0
0
2.70457e-14
0
0
0
0
0
0
3.31763e-17
0
0
0
0
0
0
0
0
0
0
0
0
0
0
0
0
0
0
0
0
0
0
0
0
0
0
0
0
0
0
0
2.64863e-16
0
0
0
0
0
0
0
0
-6.71021e-17
0
0
0
0
0
0
0
0
0
0
0
-2.62312e-16
0
0
0
0
0
0
0
0
0
0
0
0
4.94879e-14
0
0
0
0
0
0
1.67597e-14
1.74398e-16
0
0
0
0
0
0
0
0
0
0
0
0
0
0
0
0
0
0
0
0
0
0
0
0
0
0
0
0
1.18207e-16
0
0
0
0
0
0
0
0
0
0
0
0
0
0
0
0
0
0
0
0
0
0
0
0
0
0
0
0
0
0
0
0
0
0
0
1.30343e-16
0
0
4.24126e-16
0
0
0
0
0
0
0
0
0
0
0
0
0
6.35997e-16
0
0
0
0
0
0
0
0
0
0
0
0
0
0
0
0
0
0
0
0
0
0
0
0
0
0
0
0
0
0
0
0
0
0
0
0
0
0
0
0
2.96519e-16
0
0
0
0
0
0
0
0
0
0
0
0
0
0
0
0
0
0
0
4.4318e-16
0
0
0
0
0
0
0
0
0
0
0
0
0
0
1.50102e-16
0
0
0
0
0
0
0
0
0
0
0
0
0
0
0
0
-1.78912e-17
0
0
0
0
0
0
0
0
0
0
0
0
0
0
0
0
0
0
0
0
0
0
0
0
0
0
1.74352e-14
0
0
0
0
0
0
0
0
0
0
0
0
-3.5535e-14
2.95456e-16
0
0
0
0
-2.84356e-16
-1.68014e-16
7.35288e-15
4.04573e-16
0
0
0
0
0
0
0
0
0
0
0
0
0
0
0
0
0
0
-3.61192e-15
-7.49031e-16
0
0
0
0
0
0
0
0
0
0
0
0
0
0
0
0
0
0
0
0
0
0
0
0
0
0
0
0
0
0
0
0
0
0
0
0
0
0
0
0
0
0
0
0
0
0
0
0
0
0
0
0
0
0
0
0
0
0
0
0
0
0
0
0
0
0
0
0
0
0
0
0
0
0
0
0
0
0
0
0
0
0
0
0
0
0
0
0
0
0
-3.52783e-14
0
0
0
0
0
0
1.63287e-14
2.63569e-14
0
0
0
0
0
0
0
0
0
0
0
0
0
0
0
0
0
0
3.00184e-33
0
0
1.52421e-14
7.97517e-14
0
0
0
1.35781e-15
0
3.52646e-14
0
0
0
0
0
0
0
0
0
0
0
0
0
0
0
0
0
0
0
0
0
0
0
0
0
0
0
0
0
0
0
0
0
0
0
0
0
0
0
0
0
2.4886e-16
0
0
0
0
0
0
0
0
0
0
0
0
0
0
0
0
0
0
0
0
0
0
0
0
0
0
0
0
0
0
0
0
0
0
0
0
0
0
0
0
0
0
0
0
0
0
0
0
0
0
0
0
0
0
0
0
0
0
0
0
0
0
0
0
0
0
0
0
0
0
0
0
0
0
-1.22231e-16
0
0
0
0
0
0
-1.08498e-16
0
0
0
0
0
0
0
0
0
0
0
0
0
0
0
0
0
0
0
0
0
-2.07263e-16
0
0
0
0
0
0
0
0
0
0
0
0
0
0
0
0
0
0
0
0
0
0
0
0
0
1.3073e-15
1.35043e-15
0
9.26794e-14
0
0
0
0
0
0
0
0
0
0
0
0
0
0
0
0
0
0
0
0
0
0
0
0
0
0
0
0
0
0
0
0
0
0
0
2.30525e-17
0
0
0
0
0
0
0
0
0
0
0
0
0
0
0
0
0
0
0
0
-2.29364e-17
0
0
0
0
0
0
0
0
0
0
4.6393e-16
-2.18921e-14
0
0
-2.32728e-16
3.84236e-31
0
0
0
0
0
0
0
0
0
0
0
0
0
0
0
0
0
0
0
0
0
0
0
0
0
0
0
0
0
1.25707e-14
0
0
0
0
0
0
0
0
0
0
0
0
0
0
0
0
0
0
0
0
0
0
0
0
0
0
7.70052e-16
0
0
0
0
0
0
0
0
0
0
0
0
0
9.8469e-15
0
0
0
0
0
0
-1.92791e-16
-9.13747e-15
0
4.63451e-14
0
0
0
0
0
0
0
0
0
0
0
0
0
0
0
0
0
0
0
0
0
5.67426e-14
0
0
0
0
0
0
0
0
0
0
0
0
0
0
2.08228e-15
0
0
0
0
0
0
0
0
0
0
0
7.68523e-16
0
0
0
0
0
0
0
0
0
0
0
0
0
0
0
0
0
0
0
0
0
0
0
3.58286e-14
0
0
0
0
0
0
0
0
0
0
0
0
0
0
0
0
0
0
0
0
0
0
0
0
0
0
0
0
0
0
0
0
0
0
0
0
0
0
0
0
0
0
0
0
0
0
0
0
0
0
0
0
0
0
0
0
0
-4.00357e-15
9.29667e-15
0
0
0
0
0
0
0
0
0
-6.97021e-15
0
0
0
0
0
0
0
0
0
0
0
0
0
0
0
0
0
0
0
0
0
0
0
0
0
0
0
0
0
0
0
0
0
0
0
0
0
0
0
0
0
0
0
0
0
0
0
0
-2.50992e-16
0
0
0
0
0
0
0
0
0
0
0
0
0
0
0
0
0
0
0
0
0
0
0
0
0
0
0
0
0
0
0
0
0
0
0
0
0
0
0
0
0
0
0
0
0
0
0
0
0
0
0
0
0
0
0
0
0
0
0
0
0
0
0
0
0
0
0
0
0
0
0
0
0
0
0
0
0
0
0
0
0
0
0
0
0
0
0
0
0
0
0
0
0
0
3.27338e-14
0
0
0
0
0
0
0
0
0
0
0
2.89284e-14
-3.70186e-14
0
0
0
0
0
0
0
0
0
0
-1.6716e-16
0
0
0
0
0
0
0
0
0
0
0
0
0
0
0
0
0
0
0
0
0
0
0
-6.52806e-18
0
0
0
0
0
0
0
0
0
0
0
0
0
0
0
0
4.19803e-14
0
0
0
0
0
0
0
0
0
0
0
0
0
0
0
0
0
0
0
0
0
0
0
0
0
0
0
0
0
0
0
0
0
0
0
0
0
0
0
0
0
0
0
0
0
0
0
0
0
0
0
0
0
-3.68525e-14
4.00125e-14
0
0
0
0
0
0
0
0
0
0
0
0
0
7.64119e-16
0
0
0
0
0
0
0
0
0
0
9.95787e-15
0
0
0
0
0
0
0
0
0
0
0
0
0
0
0
3.59687e-14
0
0
0
0
0
0
0
0
0
0
0
0
1.30311e-15
0
0
0
0
0
0
0
0
3.80487e-16
0
0
0
0
0
0
0
0
0
0
0
0
0
0
0
0
0
0
0
0
0
0
0
0
0
0
0
0
0
0
0
0
0
0
0
0
0
0
0
0
0
0
0
0
0
0
-1.58185e-15
0
0
0
0
0
0
0
0
0
0
0
0
0
0
0
0
0
0
0
0
0
0
0
0
0
0
0
0
0
0
0
0
0
0
0
0
0
0
0
0
0
0
0
0
0
0
0
0
0
0
0
0
0
0
0
0
0
0
0
0
0
0
0
0
0
0
0
0
0
0
0
0
0
0
0
0
0
0
0
0
0
0
0
0
0
1.88185e-15
0
0
0
0
0
0
0
0
-3.45454e-08
-3.84308e-08
-3.87113e-08
-3.42649e-08
-4.08826e-08
-3.20937e-08
-3.56382e-08
-3.66135e-08
-3.63627e-08
-3.56133e-08
-3.73629e-08
-3.64881e-08
-3.64881e-08
-3.40481e-08
-3.73439e-08
-3.56323e-08
-3.64881e-08
-3.10584e-08
-3.75607e-08
-3.54155e-08
-3.5899e-08
-3.70772e-08
-3.73796e-08
-3.55966e-08
-3.68444e-08
-3.61318e-08
-3.82558e-08
-3.65414e-08
-3.64348e-08
-4.10518e-08
-3.19245e-08
-3.64881e-08
-3.64881e-08
-3.36337e-08
-3.93425e-08
-3.64881e-08
-3.64881e-08
-3.847e-08
-3.45062e-08
-3.64881e-08
-3.64881e-08
-3.64881e-08
-3.64881e-08
-3.64881e-08
-3.64881e-08
-4.68852e-08
-2.6091e-08
-3.66608e-08
-3.46338e-08
-3.83424e-08
-4.2087e-08
-3.08892e-08
0
0
0
0
0
0
0
0
0
0
0
0
0
0
0
0
0
0
0
0
0
0
0
0
0
0
0
0
0
0
0
0
0
0
0
0
0
0
0
0
0
0
0
0
0
0
0
0
0
0
0
0
0
0
0
0
0
0
0
0
0
0
0
0
0
0
0
0
0
0
0
0
0
0
-3.47232e-08
-3.8253e-08
0
0
-3.85039e-08
-3.44723e-08
-3.64964e-08
-3.64798e-08
-3.64881e-08
-3.64881e-08
-3.64881e-08
-3.64881e-08
0
0
0
0
0
0
-3.62452e-08
-3.6731e-08
-3.77801e-08
-3.51961e-08
-3.85463e-08
-3.44299e-08
-3.33373e-08
-3.96389e-08
-4.5227e-08
-2.77492e-08
0
0
-4.27061e-08
-3.02701e-08
-3.64881e-08
-3.64881e-08
-3.64881e-08
-3.64881e-08
0
0
-3.67275e-08
-3.62487e-08
0
0
-3.72339e-08
-3.57423e-08
-3.64881e-08
-3.64881e-08
-3.64881e-08
-3.64881e-08
0
0
0
0
0
2.59063e-16
-1.47246e-16
0
0
-4.03243e-08
-3.26519e-08
0
0
-3.64881e-08
-3.64881e-08
0
0
0
-3.64881e-08
-3.64881e-08
0
0
0
0
0
0
0
0
0
0
2.24692e-15
0
-3.64881e-08
-3.64881e-08
0
-3.63093e-08
-3.66669e-08
-1.7889e-16
0
0
0
0
0
0
0
0
0
0
0
0
0
0
0
0
0
-3.61935e-08
-3.67827e-08
0
0
0
-4.28816e-08
-3.00946e-08
0
-4.05876e-08
-3.23886e-08
0
-4.10904e-16
1.53209e-14
-3.65382e-08
-3.6438e-08
-3.64881e-08
-3.64881e-08
0
-4.5353e-08
-2.76232e-08
0
0
0
0
0
0
0
0
0
0
0
0
0
0
-3.64428e-08
-3.65334e-08
0
0
0
0
0
0
0
0
-3.64881e-08
0
0
-3.64881e-08
-3.64881e-08
0
0
0
0
-4.88375e-08
-2.41387e-08
0
0
0
-3.48696e-08
-3.81066e-08
-3.64881e-08
-3.64881e-08
0
0
-4.1848e-08
-3.11282e-08
0
0
0
6.24447e-15
0
0
0
0
0
0
0
0
0
-4.70329e-08
-2.59433e-08
0
0
0
-6.17434e-16
-4.42929e-08
-2.86834e-08
-3.64881e-08
-3.64881e-08
0
0
0
0
0
0
0
0
0
0
-3.99544e-08
-3.30218e-08
0
0
0
-3.64881e-08
-3.64881e-08
0
0
0
0
0
-3.52267e-08
-3.77495e-08
0
0
0
0
-4.69143e-08
-2.60619e-08
0
0
0
0
0
0
0
0
0
-3.64881e-08
-3.64881e-08
0
0
-3.64881e-08
-3.64881e-08
0
0
0
0
0
0
0
0
0
0
0
0
0
0
0
0
0
0
0
0
0
0
0
0
0
0
0
0
0
0
0
0
0
0
0
-3.69514e-08
-3.60248e-08
0
0
0
0
0
0
0
0
0
0
0
0
0
0
0
0
0
0
0
0
0
-3.64881e-08
-3.64881e-08
0
-3.64881e-08
0
0
0
0
0
0
0
0
0
0
0
0
0
0
0
0
0
0
0
0
0
0
0
0
0
0
0
0
-3.66041e-16
0
0
0
0
0
0
0
-3.64881e-08
-3.64881e-08
0
0
0
0
0
0
0
0
0
0
0
0
0
0
0
0
0
0
0
0
0
0
0
-3.54628e-08
-3.75134e-08
-3.62163e-08
-3.67599e-08
0
0
0
0
0
0
0
0
0
0
0
0
0
0
1.52072e-14
0
0
0
0
0
0
0
0
3.64087e-14
-3.32235e-14
0
-3.55028e-08
-3.74734e-08
0
4.04602e-14
0
0
0
0
0
0
0
0
0
0
0
0
0
0
0
0
0
0
0
0
0
0
0
0
0
0
1.79467e-16
0
0
0
0
0
0
0
0
-3.60187e-08
-3.69575e-08
-3.64881e-08
-3.64881e-08
0
0
0
0
0
0
0
0
0
0
0
0
0
0
0
0
0
0
0
0
-1.83437e-15
-5.95302e-14
0
0
0
0
-6.12159e-16
0
0
0
0
0
0
0
0
0
0
0
0
0
0
0
0
0
0
0
0
0
0
0
0
0
-3.36505e-14
0
0
0
0
0
0
-3.74819e-08
0
0
0
0
-8.34085e-15
0
0
-2.85718e-08
-4.44044e-08
0
0
0
0
0
0
0
0
0
0
0
0
0
0
0
0
1.64142e-17
-6.98882e-17
0
0
0
0
0
0
0
0
1.06849e-14
0
0
0
0
0
0
0
0
0
0
0
0
0
0
0
0
0
0
0
0
0
0
0
0
0
0
0
0
-3.16296e-08
0
-4.31343e-15
0
0
0
0
0
0
0
0
0
0
0
0
0
0
0
0
0
0
0
0
0
0
0
0
0
0
0
-6.42081e-14
0
-4.41141e-15
0
0
0
0
0
1.6064e-16
1.0714e-16
0
0
0
0
0
0
0
0
0
0
8.28353e-15
0
0
0
0
0
0
0
0
-3.76979e-08
-3.52783e-08
0
0
0
0
0
0
0
0
0
0
0
0
0
0
0
0
0
0
-5.19758e-17
0
0
0
0
0
0
0
0
0
0
0
-3.34142e-08
0
0
0
0
0
0
0
0
0
0
-8.97132e-15
0
0
0
0
0
0
0
0
3.83705e-16
0
0
0
0
0
0
0
0
0
0
0
0
0
0
0
6.02411e-16
-2.21225e-15
0
0
0
0
0
0
0
0
0
3.04097e-14
-2.28667e-14
0
0
0
0
-2.43791e-14
-3.91863e-08
-3.37899e-08
0
0
2.4471e-14
0
0
0
0
0
0
0
0
0
0
0
0
0
0
0
0
0
0
0
0
0
0
0
0
0
0
0
0
0
0
0
0
0
0
0
0
0
0
0
0
0
0
0
0
0
0
0
0
0
0
0
0
0
0
0
0
0
0
0
0
0
0
1.15392e-16
-2.90641e-16
0
0
0
-3.64881e-08
-3.64881e-08
-3.48565e-08
-3.81197e-08
0
0
0
0
0
0
0
0
0
0
0
0
0
0
0
0
0
0
0
0
0
-3.55852e-08
-3.7391e-08
0
0
0
0
0
0
1.58678e-16
0
0
0
0
0
0
0
0
0
0
0
0
0
0
0
0
0
0
0
0
0
0
0
0
0
0
0
0
0
0
0
0
0
0
0
0
-1.7068e-14
0
0
0
0
0
0
0
0
0
0
0
0
0
0
0
0
0
0
0
0
0
0
0
0
0
0
0
0
0
0
0
0
0
0
0
0
0
0
0
0
0
0
0
0
0
0
0
0
7.24015e-15
-7.66904e-14
0
0
0
0
0
0
0
0
0
0
0
0
0
0
0
0
0
0
0
0
1.06648e-15
0
0
0
0
0
0
0
0
2.32505e-16
0
0
0
0
0
0
0
0
0
0
0
0
0
0
0
0
0
0
0
0
0
0
0
2.94867e-16
0
6.71395e-16
0
0
0
0
0
0
0
0
0
0
0
0
0
0
0
0
0
0
0
0
0
0
0
0
0
0
0
0
0
0
0
0
0
0
0
0
-3.52283e-08
-3.77479e-08
0
0
0
0
0
0
0
0
0
0
0
0
0
0
0
0
0
0
0
0
0
0
0
0
0
0
0
0
0
0
0
0
0
0
0
0
0
0
0
0
0
0
0
0
0
0
0
0
0
0
0
0
0
0
0
0
0
0
0
0
0
0
0
0
0
0
0
0
0
0
0
0
0
0
0
0
0
0
0
0
0
0
0
0
0
0
0
0
0
0
0
0
0
0
0
0
0
0
0
0
0
0
0
0
0
0
0
0
0
0
0
0
0
0
0
0
0
0
0
0
0
0
0
0
0
0
0
0
0
0
0
0
0
0
0
0
0
0
0
0
0
0
0
0
0
0
0
0
0
0
0
0
0
0
0
0
0
0
0
0
0
0
0
0
8.68567e-15
3.93831e-14
1.77543e-15
0
0
0
0
0
0
0
0
0
0
0
0
0
0
0
0
0
0
0
0
0
0
0
0
0
0
0
0
0
0
0
0
-3.64881e-08
-3.64881e-08
0
0
0
0
0
0
0
0
0
0
0
0
0
0
0
0
0
0
0
-3.771e-16
0
0
0
0
0
0
0
0
0
0
0
0
0
0
0
0
0
0
0
0
0
0
0
0
0
0
0
0
0
0
0
0
-3.24334e-15
-3.53366e-08
-3.76397e-08
0
0
0
0
0
0
0
0
0
0
0
0
0
0
0
0
0
0
0
0
0
0
0
0
0
0
0
0
0
0
0
0
0
0
0
0
0
0
0
0
0
0
0
0
0
0
0
0
0
0
0
0
0
0
0
0
0
0
0
0
0
0
0
0
0
0
0
0
0
0
0
0
0
0
0
0
0
0
0
0
0
0
-3.22751e-14
0
0
0
0
0
0
0
2.64516e-15
0
0
0
0
0
0
0
0
0
0
0
0
0
0
0
0
0
0
0
2.15886e-14
8.66692e-15
0
0
0
0
0
0
0
0
0
0
0
0
0
0
0
0
0
0
0
0
0
0
0
0
0
0
0
0
0
0
0
0
0
0
0
0
0
0
0
0
0
0
0
0
-1.00012e-17
0
0
0
0
0
0
0
0
0
0
0
0
0
0
0
0
0
0
0
0
0
0
0
0
0
0
0
0
-2.13027e-14
-4.46384e-08
-2.83378e-08
0
0
0
0
0
0
0
0
0
0
0
0
0
0
0
0
0
0
0
0
-1.00365e-14
8.41287e-15
0
0
0
0
0
0
0
0
0
-6.62785e-14
0
0
0
0
0
0
0
0
8.47472e-14
0
0
0
0
0
-3.50828e-08
-3.78934e-08
0
0
0
0
0
0
0
4.6903e-15
0
-7.08009e-15
0
0
0
0
0
0
0
0
0
0
0
0
0
0
0
0
0
0
0
0
0
0
0
0
0
0
0
0
0
0
0
0
0
0
0
0
0
0
0
0
0
0
0
0
0
0
2.87442e-15
0
0
0
0
0
0
0
0
0
0
0
0
0
0
0
0
0
0
0
0
0
0
0
0
0
0
0
0
0
0
0
0
0
0
0
0
0
0
0
0
0
0
0
0
0
0
0
0
0
0
0
0
-1.17585e-14
0
0
1.17844e-14
0
0
0
0
0
0
0
0
0
0
9.77882e-16
0
0
0
0
0
0
0
0
0
0
0
0
0
0
0
0
0
0
0
0
-3.64881e-08
-3.64881e-08
0
0
0
0
0
0
0
0
0
0
0
0
0
0
0
0
0
0
0
0
0
0
0
0
0
0
0
0
0
-5.87135e-16
3.99819e-16
0
0
0
0
0
0
0
0
0
0
0
0
0
0
0
0
0
0
0
0
0
0
0
0
0
0
0
0
0
0
0
0
0
0
0
0
0
0
0
0
0
0
0
4.27835e-16
0
0
0
0
0
0
0
0
0
0
0
0
0
0
0
0
0
0
0
0
0
0
0
0
0
0
0
0
0
0
0
0
0
0
0
0
0
0
0
0
0
0
0
0
0
0
0
0
0
0
0
0
0
0
0
0
0
0
0
0
0
0
0
0
0
0
0
0
0
0
0
0
0
0
0
0
0
0
0
0
0
0
0
0
0
0
0
0
0
0
0
0
0
0
0
0
0
0
0
0
0
0
0
0
0
0
0
0
0
0
0
0
0
0
0
0
0
0
6.44162e-15
0
0
0
0
0
0
0
0
0
0
0
0
0
0
0
0
0
0
0
0
0
0
0
0
0
0
0
0
0
0
0
0
0
0
0
0
0
0
0
0
0
0
0
0
0
0
0
0
0
0
0
0
0
0
0
0
0
0
0
0
0
0
0
0
0
0
0
0
0
0
0
0
0
0
0
0
0
0
0
0
0
0
0
0
0
0
0
0
0
0
0
0
0
0
0
0
0
0
0
0
0
0
0
0
0
0
0
0
0
0
4.23987e-16
0
0
0
0
0
0
0
0
0
0
0
0
0
0
0
0
0
0
0
0
0
0
0
0
0
0
0
2.27713e-16
0
0
0
0
0
0
0
0
0
0
0
0
0
0
0
0
0
0
0
0
0
0
0
0
0
0
0
0
0
0
0
0
0
0
0
0
0
0
0
0
0
0
0
0
0
0
0
0
0
0
0
0
0
0
0
0
0
0
0
0
0
0
0
0
0
0
0
0
0
0
0
0
0
0
0
0
0
0
0
0
0
1.44041e-14
0
0
0
0
0
0
0
0
0
0
0
0
0
0
0
0
0
0
-2.07054e-15
1.16728e-15
0
0
0
0
0
0
0
0
2.56002e-16
2.30395e-16
0
0
0
0
0
0
0
0
0
0
0
0
0
0
0
0
0
0
0
0
0
0
0
0
-1.32242e-15
0
0
0
0
0
0
0
0
0
0
0
0
0
2.988e-16
0
5.7688e-17
0
0
0
0
0
0
0
0
0
0
0
0
0
0
0
0
0
0
0
0
0
0
0
0
0
0
0
0
0
0
6.45025e-17
0
0
0
0
0
0
-1.41395e-14
5.66088e-17
5.99376e-17
0
0
0
0
0
0
0
0
0
0
0
0
0
0
0
0
0
0
0
0
0
0
0
0
0
-1.80106e-14
0
0
0
1.15561e-16
0
0
0
0
0
0
0
0
7.55149e-15
3.63297e-14
0
0
-2.11821e-15
0
0
0
0
0
0
0
0
0
0
-3.56325e-16
0
0
0
0
0
0
0
0
0
0
0
0
0
0
0
-7.36154e-17
0
0
0
0
0
0
0
0
0
-3.71999e-08
-3.57763e-08
0
0
0
0
0
0
0
0
0
0
0
0
2.63744e-15
-1.3914e-14
0
0
0
0
0
0
0
0
0
0
0
0
0
0
0
0
0
0
0
0
0
0
0
0
0
0
0
0
0
0
1.70051e-16
2.30726e-16
0
0
0
0
0
0
-9.99471e-16
0
0
0
0
-4.42966e-14
0
0
0
0
0
0
0
0
0
0
0
0
0
0
0
0
0
3.2616e-14
0
0
0
0
0
0
0
0
0
0
1.72985e-14
0
0
0
0
0
0
0
0
0
0
5.77144e-17
0
0
0
0
0
0
0
0
0
0
0
0
0
0
0
0
0
-3.99191e-15
4.24346e-14
0
0
0
0
0
0
0
0
0
0
0
0
0
0
0
0
0
0
0
0
0
0
0
0
0
0
0
0
0
0
0
0
0
0
0
0
0
0
0
0
0
0
3.3108e-14
3.20279e-14
0
0
0
8.35197e-14
0
0
0
0
0
0
0
0
0
0
0
0
0
0
0
0
0
0
0
0
0
0
0
0
5.76814e-17
0
0
0
5.75474e-17
0
0
0
0
0
0
0
0
0
0
0
0
0
0
0
0
0
0
0
0
0
0
0
0
-4.66819e-08
-2.62943e-08
0
0
0
0
0
0
0
0
0
9.2278e-17
0
0
0
0
0
0
0
0
0
0
0
0
0
0
0
0
0
0
0
4.08971e-14
0
0
0
0
0
0
0
0
0
0
2.31537e-16
-2.77236e-16
3.723e-15
0
0
0
0
0
0
-3.75384e-08
-3.54379e-08
-4.13053e-30
0
0
0
0
0
0
0
0
0
0
0
0
0
0
0
0
0
0
0
0
0
0
0
0
5.33597e-16
0
-7.27312e-16
0
0
0
0
0
0
0
0
0
0
0
0
0
0
0
0
0
0
0
0
0
0
0
0
0
0
0
0
0
0
0
0
0
0
0
0
0
0
0
0
0
0
0
0
0
0
0
0
0
0
0
0
0
0
0
0
0
0
0
0
0
0
0
0
0
0
0
0
0
0
0
-1.2238e-15
0
0
0
0
0
0
0
0
0
1.44214e-16
0
0
0
0
0
0
0
0
0
0
0
0
0
0
0
0
0
0
0
0
0
0
0
0
0
0
0
5.73152e-17
0
0
0
0
-4.16244e-08
-3.13518e-08
0
0
0
0
0
0
0
0
0
0
0
0
0
0
0
0
0
0
0
0
0
0
0
0
0
0
0
0
0
0
0
0
0
0
0
0
0
0
0
0
0
0
0
0
0
0
0
0
0
0
0
0
0
0
0
0
0
0
0
0
0
0
1.69506e-16
0
0
0
0
0
0
0
0
0
0
0
0
0
0
0
0
0
0
0
0
0
0
0
0
0
0
0
0
-1.05914e-14
3.29362e-15
0
0
0
0
0
0
0
0
0
0
0
0
0
-2.00923e-30
4.90324e-15
0
0
0
0
0
0
1.54177e-16
0
0
0
0
0
-1.07262e-15
0
0
0
0
0
0
0
0
0
0
0
0
0
-5.16225e-16
0
0
0
0
-3.55611e-08
-3.74151e-08
0
0
0
0
0
0
0
0
0
0
0
0
0
0
0
0
0
0
0
0
0
0
0
0
0
0
0
0
0
0
0
0
0
0
7.90228e-14
0
0
0
0
0
0
0
5.81449e-17
0
0
0
0
0
-3.07428e-15
0
0
0
0
0
0
0
0
0
0
0
0
0
0
0
0
0
0
0
0
7.10551e-15
0
0
0
-8.11316e-15
-5.14298e-15
0
0
0
0
0
0
0
0
0
0
0
0
0
0
0
0
0
0
0
0
0
0
0
0
0
0
0
0
0
0
0
0
1.95664e-15
-1.20451e-14
0
0
0
0
0
0
0
-8.17712e-16
5.48014e-16
0
0
0
0
0
0
0
0
0
0
0
0
0
0
0
0
-1.68077e-15
3.18833e-14
0
0
0
0
0
0
0
0
0
0
0
0
0
0
0
0
0
0
0
0
0
0
0
0
0
0
0
0
0
0
0
0
0
0
0
0
0
0
0
0
0
0
0
0
0
0
0
0
0
0
0
0
0
0
0
0
0
0
0
0
0
0
0
0
0
0
0
0
0
0
0
0
0
0
0
0
0
0
0
0
0
0
3.42218e-16
0
0
0
0
0
0
0
0
0
0
0
0
0
0
0
0
0
0
0
0
0
0
0
0
0
0
0
0
0
0
0
0
0
0
0
0
0
0
0
0
0
0
0
0
0
0
0
0
0
0
0
0
0
0
0
0
-2.03965e-14
0
0
0
0
0
0
0
0
0
0
0
0
0
0
0
0
0
0
0
1.72198e-16
0
0
0
0
0
0
0
0
0
0
0
0
0
0
0
0
0
0
0
0
0
0
0
0
0
0
0
0
1.09319e-16
0
0
-6.30543e-16
0
0
0
0
0
0
0
0
0
0
1.01176e-14
0
0
0
0
0
0
0
0
0
0
0
0
-3.63057e-17
0
0
0
0
0
0
0
0
0
0
0
0
0
0
0
0
0
0
0
0
0
0
0
0
0
0
0
0
0
0
0
0
0
0
0
0
0
0
0
0
0
0
0
0
0
0
0
0
0
0
0
3.64881e-08
0
0
0
0
0
0
0
0
0
0
0
0
0
0
0
0
0
0
0
0
0
0
0
0
0
0
0
0
0
0
0
0
0
0
0
0
0
0
0
0
0
2.4912e-16
0
0
0
0
0
0
0
0
-1.58746e-16
0
0
0
0
0
0
0
0
0
0
0
0
0
0
0
0
0
0
0
0
0
0
0
0
0
0
0
0
0
0
0
0
0
0
0
0
0
0
0
0
0
0
0
0
0
3.64881e-08
0
0
0
0
0
0
0
0
0
0
0
0
0
0
0
0
0
0
6.31673e-17
0
0
0
0
0
0
5.74849e-17
0
0
0
0
0
0
0
0
-3.30313e-17
0
0
0
0
0
0
0
0
0
0
0
0
0
0
0
0
0
0
0
0
0
0
0
0
0
0
0
0
0
0
0
0
0
0
0
0
0
0
0
-8.10446e-16
-1.12e-15
9.77833e-15
0
0
0
0
0
-3.64881e-08
0
0
0
0
0
4.40621e-17
0
0
0
0
0
0
0
0
0
0
0
0
0
0
0
0
0
0
0
0
0
0
0
0
0
0
0
0
0
0
0
0
0
0
0
0
0
0
0
0
0
3.64881e-08
0
0
0
0
0
0
0
0
0
0
0
0
0
0
0
0
0
0
0
0
0
0
0
0
0
0
0
0
0
0
0
0
0
0
0
0
0
0
0
0
0
0
-1.11844e-14
0
0
0
0
0
0
0
0
0
0
0
0
0
0
0
0
0
0
0
0
0
0
0
0
0
0
0
0
0
0
0
0
0
0
0
0
0
0
0
0
0
0
0
0
0
0
0
0
0
0
0
0
0
0
0
0
0
0
0
0
0
0
0
0
0
0
0
0
0
0
0
0
0
0
0
0
0
0
0
0
0
0
0
0
0
0
0
0
0
0
0
0
0
0
0
0
0
0
0
0
0
0
0
0
0
0
0
0
0
0
0
0
0
0
0
0
0
0
0
0
0
0
0
5.85916e-17
0
0
0
0
0
0
0
0
0
0
0
0
0
0
0
0
0
0
7.8401e-16
0
0
0
0
-1.60727e-16
0
0
0
0
0
2.3106e-16
0
0
0
0
0
0
0
0
0
0
0
0
0
0
0
0
0
0
0
-4.51068e-19
-2.1175e-16
0
0
0
0
0
0
0
0
0
0
0
0
0
0
0
0
0
0
0
0
0
0
0
0
0
0
0
0
0
0
0
0
0
0
0
0
0
0
0
0
0
0
0
0
0
0
0
0
0
1.71936e-15
0
0
0
0
0
-1.45894e-16
0
0
0
0
0
0
0
0
0
0
0
0
0
0
-3.62e-15
0
0
0
0
0
0
0
0
0
0
0
3.23211e-08
0
0
0
0
0
0
0
0
0
0
0
0
0
0
0
0
0
0
0
0
0
0
0
0
2.45637e-15
0
0
0
0
0
0
0
0
0
0
0
0
0
0
0
0
0
0
0
0
0
0
0
0
0
0
0
0
0
0
0
0
0
0
0
0
0
-4.05137e-16
0
0
0
0
0
0
0
0
0
0
4.06551e-08
0
6.32256e-08
0
0
0
0
0
0
0
0
0
0
0
0
0
0
0
3.1892e-08
1.62146e-16
0
0
0
0
0
0
0
0
-3.15044e-15
9.6883e-17
-2.14822e-14
0
0
0
0
0
0
0
0
0
0
0
2.37347e-15
0
0
0
0
0
0
0
0
0
0
0
0
0
0
0
0
0
0
0
0
0
0
0
0
0
0
0
0
0
0
0
0
0
0
0
0
0
0
0
0
0
0
0
0
0
0
0
0
0
0
0
0
0
0
0
0
0
0
0
0
0
0
0
0
0
0
0
0
0
0
0
0
0
0
0
0
0
0
0
0
0
0
0
0
0
0
0
0
0
0
0
0
0
0
0
0
0
0
0
0
0
0
0
0
0
0
0
0
4.14642e-16
-7.19217e-16
0
0
5.00942e-15
0
0
0
0
0
0
0
0
0
0
0
0
-2.02183e-14
0
0
0
0
0
0
0
0
0
0
4.10842e-08
0
0
5.22536e-16
0
0
0
0
0
0
0
0
0
0
0
0
0
0
0
0
0
0
0
0
0
0
0
0
0
0
0
0
0
0
0
0
1.35547e-16
0
0
0
0
0
5.99003e-17
3.92953e-08
5.05259e-16
0
0
0
0
0
0
0
0
0
0
0
0
-2.74901e-16
8.31114e-16
0
0
0
0
0
0
0
0
0
0
0
0
0
0
0
0
0
0
0
0
0
0
0
0
0
0
0
0
0
0
0
0
0
0
0
0
0
0
0
-5.25885e-17
-6.2345e-15
0
0
0
0
0
0
0
0
0
0
0
0
0
0
0
0
0
0
0
0
0
0
0
0
-1.32148e-15
0
0
0
0
0
0
0
0
0
0
0
0
7.92985e-17
0
0
-8.57776e-16
-8.92711e-17
0
0
0
0
0
0
5.21369e-17
3.4903e-08
0
0
0
-7.73412e-16
8.10909e-17
0
0
0
0
0
0
0
0
0
0
0
0
0
0
0
0
0
0
0
0
0
0
3.80732e-08
1.91747e-16
0
0
4.44762e-16
0
0
0
0
0
0
0
0
0
0
0
0
0
0
0
0
0
0
0
0
0
0
0
0
0
0
0
0
0
0
0
0
0
0
0
0
0
0
0
0
0
0
0
0
0
0
0
0
0
0
0
0
-6.17847e-16
0
0
2.45921e-15
3.23663e-16
1.633e-29
0
0
0
0
2.52155e-31
1.00541e-16
-5.26963e-15
0
2.38619e-14
0
0
0
0
2.33808e-16
0
0
0
0
0
0
0
2.70929e-08
3.66612e-08
0
0
0
0
0
0
0
0
0
0
0
0
0
4.40833e-16
0
0
2.64873e-08
0
0
0
0
0
0
0
0
0
0
-9.37671e-16
0
0
0
-3.07188e-15
0
0
0
0
0
0
0
0
0
3.78297e-16
0
0
0
4.64889e-08
0
0
-5.75525e-17
0
4.43414e-16
0
0
0
0
-5.82982e-16
0
0
0
0
0
0
1.7136e-16
-3.2459e-16
0
0
0
0
0
0
0
-6.79191e-15
0
0
0
0
0
0
3.64881e-08
0
0
0
0
0
0
0
-1.50987e-16
0
0
0
0
0
0
0
0
0
0
0
0
0
0
0
0
0
0
0
0
0
0
0
0
0
8.13989e-16
0
0
0
0
0
0
0
0
0
0
0
-1.27771e-16
0
0
0
-4.57761e-16
-8.10372e-17
0
0
0
0
0
0
0
0
0
0
0
0
0
0
0
1.52311e-14
0
0
0
0
0
0
0
0
0
0
0
0
0
0
0
0
0
0
0
0
0
0
0
0
0
0
0
0
0
0
0
0
0
0
0
0
0
0
4.3551e-14
3.66637e-08
2.31281e-16
0
0
0
0
0
0
0
0
0
0
0
0
0
0
0
0
0
0
0
-2.05326e-30
0
0
0
0
0
0
0
0
0
0
0
0
0
0
0
0
0
0
0
0
0
0
0
0
0
0
0
0
0
0
0
0
0
0
-1.30127e-16
3.21976e-16
0
0
0
0
3.30003e-08
-7.94299e-17
0
-3.36809e-08
0
3.64881e-08
0
0
0
0
0
-1.88026e-16
0
0
0
0
0
-4.57395e-15
3.13979e-16
0
0
3.99759e-08
0
0
0
0
0
0
0
0
0
0
0
0
0
0
0
0
0
0
4.08886e-08
0
0
0
0
0
0
0
0
0
0
0
2.70182e-16
0
0
-2.4765e-15
0
0
-7.91505e-16
0
0
0
0
0
0
0
0
0
0
-4.0825e-30
0
0
0
0
0
0
0
0
0
0
-1.39276e-14
0
0
0
0
0
0
0
0
0
0
8.29816e-14
0
0
0
3.53363e-14
0
0
0
0
0
0
-6.19916e-17
0
0
0
0
0
0
0
0
3.20876e-08
0
0
0
0
0
0
0
0
0
0
0
-1.54585e-14
0
0
0
0
0
4.16465e-08
0
0
0
0
0
0
0
0
0
0
0
0
0
0
0
0
3.13297e-08
0
0
0
0
0
0
3.4627e-16
0
0
0
0
0
0
0
0
0
0
0
0
0
0
0
0
0
0
0
0
0
0
0
0
0
0
0
0
0
0
0
0
0
0
0
0
0
0
0
0
0
0
0
0
0
1.0491e-16
0
0
0
0
0
0
0
0
0
0
0
0
0
0
0
0
1.71006e-14
0
0
0
0
0
0
0
0
0
0
0
3.45829e-08
0
0
0
0
0
0
0
0
0
0
0
0
0
0
0
0
0
0
0
0
0
0
7.76927e-15
0
-3.77447e-15
0
0
0
0
0
1.4478e-15
0
0
0
0
0
0
0
0
0
0
0
0
0
0
0
0
0
0
0
0
0
0
0
0
0
0
0
0
0
0
-3.13945e-16
0
0
0
0
0
0
0
0
0
0
0
0
0
0
0
3.17395e-17
0
0
0
0
0
0
0
0
0
-2.41721e-16
0
0
0
0
0
0
0
0
0
0
0
0
0
0
0
0
0
0
0
0
0
0
0
0
0
0
0
-3.89861e-14
7.36955e-14
0
0
0
0
0
0
0
0
0
0
0
0
0
0
0
3.47155e-08
0
0
0
0
0
1.1761e-14
0
0
0
0
0
0
0
0
0
0
0
0
0
0
0
0
0
0
0
0
0
0
0
0
0
0
0
0
0
0
0
0
0
0
0
0
0
0
0
0
0
0
0
0
-1.4348e-15
3.29152e-15
-4.46094e-16
0
0
0
0
0
3.27858e-08
1.68134e-16
3.34825e-08
-7.65843e-15
0
0
0
0
0
0
0
0
0
0
0
0
0
0
0
3.82607e-08
0
0
0
0
-1.35625e-16
-1.48802e-16
0
0
2.87913e-14
0
0
0
0
0
0
0
0
0
0
0
0
0
0
0
0
0
0
0
0
0
3.67312e-08
0
0
0
0
0
0
3.76656e-08
0
0
0
0
0
4.457e-08
0
0
0
0
3.60964e-08
0
0
0
0
3.29946e-17
0
3.53106e-08
0
0
-1.41201e-16
0
-6.5177e-16
0
0
-3.20395e-14
0
4.00364e-16
0
0
0
3.68798e-08
0
0
0
0
0
0
0
0
1.49369e-16
0
0
0
0
0
0
0
0
0
0
0
0
0
0
4.01904e-08
0
0
-5.26897e-16
0
-3.6315e-08
0
0
0
0
0
0
0
0
0
0
1.25936e-14
1.92118e-31
3.64881e-08
0
0
0
0
0
0
0
0
0
0
0
0
0
0
0
0
0
0
0
0
0
5.5525e-15
0
0
0
0
-3.68903e-14
0
0
0
0
0
0
0
0
0
-5.17841e-15
0
0
0
0
0
0
0
0
0
0
0
0
0
0
0
0
0
0
0
0
0
0
1.16378e-16
0
8.62377e-14
-8.45318e-30
0
0
0
-2.41146e-16
0
0
0
-5.54767e-15
0
0
0
0
0
0
0
0
3.11398e-14
5.54162e-14
0
0
0
0
0
0
0
0
0
0
0
0
0
0
0
0
0
0
0
-4.01874e-15
0
0
0
0
0
0
0
0
0
0
0
0
0
0
0
0
0
0
0
0
0
-1.79067e-16
0
0
0
0
0
0
0
0
0
0
0
0
0
0
0
0
0
0
2.77761e-17
-3.64688e-16
0
0
0
0
0
0
8.64628e-15
0
0
0
0
0
0
0
-3.27987e-14
0
0
0
0
0
0
0
0
0
0
0
0
0
0
0
0
0
0
0
0
3.64881e-08
0
8.19181e-17
0
0
0
0
0
0
0
2.17513e-15
0
0
0
0
0
0
0
0
0
0
0
0
0
0
0
-4.05048e-08
0
0
0
0
0
0
-1.58368e-14
0
0
0
0
0
0
0
0
0
0
0
0
0
0
0
0
0
0
0
0
0
0
0
0
0
0
0
0
0
0
0
0
0
0
0
0
0
0
0
0
0
0
0
0
0
0
0
0
0
0
0
0
0
-3.63125e-08
0
0
0
0
0
0
0
0
0
0
0
0
0
0
0
0
0
0
0
0
0
0
0
0
0
0
0
0
0
0
0
0
0
0
0
0
0
0
0
4.96136e-17
0
0
0
0
0
0
0
0
0
0
0
0
0
0
0
0
0
0
0
0
0
0
0
3.88249e-18
-5.49805e-17
0
0
0
0
0
0
0
5.11655e-16
0
0
0
0
0
0
0
0
0
0
0
0
0
0
0
0
0
0
0
0
0
0
0
0
0
0
0
0
0
0
0
0
0
0
0
0
0
0
0
0
0
0
0
3.83933e-08
0
0
0
0
0
0
0
0
0
0
0
-1.74159e-14
0
0
0
0
0
0
0
0
0
0
0
0
0
0
0
0
0
-3.55241e-15
0
0
0
4.81887e-16
0
0
0
0
0
0
0
0
0
0
0
0
0
0
0
0
0
0
0
0
0
0
0
0
0
0
0
0
0
0
0
0
0
0
-2.6348e-16
0
0
0
0
0
0
0
0
0
0
0
0
0
0
0
0
0
0
0
-4.12233e-15
0
0
-6.52172e-16
0
0
0
0
0
0
0
0
2.63188e-15
0
0
0
0
0
0
0
0
0
-1.74984e-15
0
0
0
0
0
0
0
0
0
0
0
0
0
0
0
0
0
0
0
0
0
-4.13073e-15
0
0
0
0
0
0
0
0
0
0
0
-2.51402e-16
0
0
0
0
0
0
0
0
0
0
0
0
0
0
0
0
0
0
0
0
0
0
0
0
0
0
0
1.62309e-14
-6.01433e-16
0
0
0
0
0
0
0
0
0
0
0
0
0
0
0
0
0
0
0
0
0
0
0
0
0
0
0
0
0
0
0
0
3.8082e-16
-1.56198e-16
0
0
0
0
0
-3.36373e-15
-4.06217e-16
0
0
0
0
0
0
0
0
0
4.05048e-08
0
0
0
0
0
0
0
0
0
0
0
0
0
0
0
0
0
0
0
0
0
0
0
-4.42714e-14
0
0
0
0
0
0
0
0
0
0
3.30202e-32
0
0
0
0
0
0
0
-2.45911e-29
0
0
0
0
0
7.06134e-15
0
0
0
0
5.90894e-14
0
0
0
0
0
0
0
0
0
0
0
0
0
0
0
0
0
0
0
0
0
0
-5.03251e-16
4.87288e-17
0
0
0
0
0
0
0
0
0
0
0
0
0
0
0
0
0
0
0
0
0
9.82115e-16
0
0
0
0
0
0
0
0
0
0
0
0
0
0
0
0
0
1.24254e-15
0
0
0
0
0
0
0
0
-7.80247e-17
0
0
0
0
0
0
0
0
-3.11578e-16
0
0
0
-1.26319e-16
0
0
0
0
0
0
0
0
0
0
0
-5.24292e-14
0
0
0
0
0
0
0
0
0
0
0
0
0
0
0
0
0
0
-5.16328e-17
2.88511e-17
0
0
3.43683e-15
0
0
0
-3.13816e-14
0
0
0
4.98406e-16
0
0
0
1.07351e-14
0
0
0
0
0
0
0
0
0
0
0
0
0
0
0
0
0
0
0
0
0
0
0
0
1.6161e-16
0
0
0
0
0
0
0
0
0
0
0
0
0
0
0
0
0
0
0
0
0
0
0
-3.00975e-16
-2.60566e-16
0
0
0
0
0
0
0
0
0
0
0
0
2.96484e-14
0
0
0
0
0
0
0
0
0
0
0
0
0
0
0
0
0
0
0
0
0
0
0
0
0
0
-3.16605e-15
0
0
0
0
0
0
0
0
0
0
0
0
0
0
0
0
-7.66936e-18
0
-1.63441e-16
0
0
0
0
0
0
0
0
0
0
0
0
0
0
0
0
0
0
0
0
0
0
0
0
0
0
-4.5091e-14
0
0
0
0
0
0
0
9.35921e-15
0
0
0
0
0
0
0
3.15193e-32
0
0
0
0
0
0
1.31761e-16
0
0
0
0
0
0
0
0
0
0
0
0
0
0
0
0
0
0
0
0
0
0
0
0
0
0
0
0
0
-2.25766e-16
0
0
0
0
0
0
0
0
0
0
0
0
0
0
0
0
0
0
0
0
0
0
0
0
0
0
0
0
0
0
0
0
0
0
0
0
0
0
0
0
0
0
0
1.37728e-14
0
0
0
0
0
1.54816e-16
0
0
0
0
0
0
0
0
0
0
0
0
0
0
0
0
0
2.06326e-14
0
0
0
0
0
0
0
0
0
0
0
0
0
0
0
0
0
0
0
0
0
0
0
0
-2.84062e-08
0
0
0
0
0
0
0
0
0
0
0
0
0
0
1.29906e-14
0
0
0
0
0
0
0
0
0
0
0
0
-2.0933e-14
0
0
0
0
0
0
0
0
-3.45355e-14
0
0
0
0
0
0
0
0
0
0
0
0
1.00061e-33
0
0
0
0
0
0
0
0
0
0
0
0
0
0
0
0
0
0
0
0
0
0
0
0
0
0
0
0
-3.50872e-14
-2.57715e-14
0
0
0
0
0
0
0
0
0
0
0
0
0
0
0
-2.30957e-16
0
0
0
0
0
0
0
0
3.6245e-08
-2.32112e-15
1.34196e-16
-4.38566e-16
0
0
0
0
0
0
0
0
1.3472e-16
0
0
0
0
0
2.65255e-16
2.20033e-15
0
0
0
0
0
0
0
0
0
0
0
0
0
0
0
0
0
0
0
0
0
0
0
0
0
0
0
0
0
0
0
0
0
0
0
0
0
0
0
0
0
0
0
0
0
0
0
3.47013e-15
0
0
0
2.54467e-16
0
0
0
0
0
0
0
0
0
-6.04296e-16
0
0
0
0
0
0
0
0
0
0
0
0
0
0
0
0
0
-1.80691e-16
0
0
0
0
0
0
0
0
0
0
0
0
0
0
0
0
0
0
0
0
0
0
0
0
0
-1.23726e-15
0
0
0
0
0
0
0
0
0
0
0
0
0
0
0
0
0
0
0
0
0
)
;

boundaryField
{
    frontback
    {
        type            empty;
        value           nonuniform List<scalar> 0();
    }
    topbottom
    {
        type            calculated;
        value           uniform 0;
    }
    outlet
    {
        type            calculated;
        value           nonuniform List<scalar> 0();
    }
    inlet
    {
        type            calculated;
        value           uniform 0;
    }
    walls
    {
        type            calculated;
        value           nonuniform List<scalar> 
135
(
1.45952e-07
1.45952e-07
1.45952e-07
1.45952e-07
1.45952e-07
1.45952e-07
1.45952e-07
1.45952e-07
1.45952e-07
1.45952e-07
1.45952e-07
1.45952e-07
1.45952e-07
1.45952e-07
1.45952e-07
1.45952e-07
1.45952e-07
1.45952e-07
1.45952e-07
1.45952e-07
1.45952e-07
1.45952e-07
1.45952e-07
1.45952e-07
1.45952e-07
1.45952e-07
1.45952e-07
1.45952e-07
1.45952e-07
1.45952e-07
1.45952e-07
1.45952e-07
1.45952e-07
1.45952e-07
1.45952e-07
1.45952e-07
1.45952e-07
1.45952e-07
1.45952e-07
1.45952e-07
1.45952e-07
1.45952e-07
1.45952e-07
1.45952e-07
1.45952e-07
1.45952e-07
1.45952e-07
1.45952e-07
1.45952e-07
1.45952e-07
1.45952e-07
1.45952e-07
1.45952e-07
1.45952e-07
1.45952e-07
1.45952e-07
1.45952e-07
1.45952e-07
1.45952e-07
1.45952e-07
1.45952e-07
1.45952e-07
1.45952e-07
1.45952e-07
1.45952e-07
1.45952e-07
1.45952e-07
1.45952e-07
1.45952e-07
1.45952e-07
1.45952e-07
1.45952e-07
1.45952e-07
1.45952e-07
1.45952e-07
1.45952e-07
1.45952e-07
1.45952e-07
1.45952e-07
1.45952e-07
1.45952e-07
1.45952e-07
1.45952e-07
1.45952e-07
1.45952e-07
1.45952e-07
1.45952e-07
1.45952e-07
1.45952e-07
1.45952e-07
1.45952e-07
1.45952e-07
1.45952e-07
1.45952e-07
1.45952e-07
1.45952e-07
1.45952e-07
1.45952e-07
1.45952e-07
1.45952e-07
1.45952e-07
1.45952e-07
1.45952e-07
1.45952e-07
1.45952e-07
1.45952e-07
1.45952e-07
1.45952e-07
1.45952e-07
1.45952e-07
1.45952e-07
1.45952e-07
0
1.45952e-07
1.45952e-07
1.45952e-07
1.45952e-07
1.45952e-07
1.45952e-07
1.45952e-07
1.45952e-07
1.45952e-07
1.45952e-07
1.45952e-07
1.45952e-07
1.45952e-07
1.45952e-07
1.45952e-07
1.45952e-07
1.45952e-07
1.45952e-07
1.45952e-07
1.45952e-07
1.45952e-07
0
)
;
    }
    procBoundary0to1
    {
        type            processor;
        value           nonuniform List<scalar> 
104
(
0
-5.53443e-15
0
0
0
0
0
0
7.77623e-17
0
0
0
0
0
0
0
0
0
0
0
0
0
0
0
0
0
0
0
0
0
0
0
0
0
0
0
0
0
0
0
0
0
0
0
0
0
0
0
0
1.6883e-14
0
0
0
0
0
0
0
0
0
0
0
0
0
0
0
0
2.17938e-14
-1.28072e-16
0
0
0
0
0
0
0
0
0
0
0
0
0
0
0
0
0
0
0
0
0
0
0
0
0
0
0
0
0
0
0
-4.58833e-08
0
0
0
0
)
;
    }
    procBoundary0to2
    {
        type            processor;
        value           nonuniform List<scalar> 
83
(
9.89336e-16
0
1.07691e-15
7.55154e-16
2.45691e-16
0
0
0
0
0
0
-2.62998e-15
0
0
-2.60742e-16
-3.77585e-14
6.72507e-17
0
-2.07472e-15
0
-9.24229e-15
2.40072e-16
0
0
-8.076e-16
6.93574e-16
1.13472e-14
0
0
0
0
-1.70623e-16
-3.53459e-16
-3.46591e-16
-1.82949e-16
0
0
-3.14732e-15
0
0
2.72968e-15
1.1392e-14
-1.09348e-16
-1.11426e-16
0
0
-1.22687e-15
7.18842e-17
1.54709e-15
-1.02438e-15
-1.02577e-14
0
0
-6.44705e-15
0
0
0
0
0
0
2.39377e-16
-2.72702e-14
5.46745e-08
0
0
0
0
-1.54516e-14
0
0
0
1.76535e-16
3.08589e-30
0
0
0
0
0
0
2.77626e-15
0
-8.7379e-16
-4.71389e-17
)
;
    }
}


// ************************************************************************* //
