/*--------------------------------*- C++ -*----------------------------------*\
| =========                 |                                                 |
| \\      /  F ield         | OpenFOAM: The Open Source CFD Toolbox           |
|  \\    /   O peration     | Version:  v2012                                 |
|   \\  /    A nd           | Website:  www.openfoam.com                      |
|    \\/     M anipulation  |                                                 |
\*---------------------------------------------------------------------------*/
FoamFile
{
    version     2.0;
    format      ascii;
    class       surfaceScalarField;
    location    "700";
    object      meshPhi;
}
// * * * * * * * * * * * * * * * * * * * * * * * * * * * * * * * * * * * * * //

dimensions      [0 3 -1 0 0 0 0];
oriented        oriented;


internalField   nonuniform List<scalar> 
20673
(
0
0
0
0
0
0
0
0
0
0
0
0
0
0
0
1.17649e-15
4.93824e-17
-1.19917e-15
0
0
0
-1.01042e-16
0
5.91161e-17
0
0
0
0
0
0
0
0
0
0
0
0
0
5.71439e-08
0
3.33234e-08
0
0
0
0
0
0
0
0
0
0
0
0
0
0
0
0
0
1.89334e-14
-4.16054e-14
5.64911e-15
0
0
0
0
0
0
7.63843e-17
0
0
0
0
0
0
-3.1317e-17
-4.01426e-17
0
0
0
0
0
0
0
0
0
0
0
0
0
0
0
0
0
0
0
1.32912e-17
-5.49007e-17
9.36215e-17
0
0
0
0
0
0
0
0
0
0
0
0
0
-3.35454e-16
-3.56056e-17
0
0
0
0
0
0
0
1.60806e-14
0
-7.84716e-14
0
0
0
0
0
0
0
1.02633e-16
-6.86166e-15
0
0
0
0
0
4.05771e-17
-1.42668e-17
-3.9281e-18
0
0
0
0
0
0
0
0
0
4.38177e-16
-8.92769e-16
1.29355e-16
-3.84506e-17
0
0
0
0
0
0
0
0
0
0
0
0
0
0
0
0
0
0
0
0
-2.20848e-08
0
0
5.37501e-17
-1.61141e-15
0
0
0
-1.90863e-14
-1.3128e-16
1.9933e-14
-2.14896e-17
0
0
0
0
0
0
0
0
0
0
0
0
0
0
0
0
1.47981e-18
5.75654e-17
0
0
0
0
0
0
0
0
0
0
0
0
0
0
0
-1.76006e-14
0
1.69372e-14
9.72194e-15
-4.84406e-17
-3.8237e-31
-2.19714e-19
0
0
0
0
0
0
0
0
0
0
0
0
0
0
2.32917e-15
0
0
0
0
0
0
0
0
0
0
0
0
0
0
0
-4.00547e-17
1.57565e-15
0
0
1.45062e-16
-4.93895e-31
0
0
0
0
0
0
-1.79737e-15
-1.714e-15
0
0
1.12095e-14
1.86598e-15
2.68579e-15
-3.42754e-17
-1.00176e-17
0
0
0
0
0
-1.98878e-14
1.55795e-14
0
0
0
0
0
0
0
0
0
0
0
0
0
0
0
0
0
0
-6.60389e-17
0
0
0
0
0
0
-3.79586e-15
-1.80323e-16
-3.46961e-17
0
1.23497e-17
0
0
0
1.03567e-18
7.06756e-16
-3.70117e-17
1.62492e-16
-2.26353e-17
0
3.26857e-15
0
3.47428e-15
0
0
0
0
0
0
0
0
0
9.91788e-14
0
-2.07175e-15
0
0
0
0
0
1.85735e-14
4.41609e-14
0
0
0
-1.18648e-15
0
0
0
0
0
0
0
-2.38343e-14
-1.4987e-17
0
0
0
0
0
0
0
0
3.50636e-16
2.15503e-16
1.61735e-14
2.05238e-15
-3.5394e-15
0
0
0
0
0
0
1.27577e-15
0
-4.67906e-16
0
0
0
-5.78968e-16
1.23609e-14
0
0
0
0
0
0
0
0
-1.04068e-14
3.971e-14
0
0
0
0
0
0
0
1.6772e-17
5.99808e-16
0
0
0
0
0
0
0
0
0
0
0
0
0
0
0
0
0
-1.29883e-16
7.1746e-17
0
0
0
0
0
0
0
0
1.87945e-14
0
2.6325e-15
0
0
0
0
0
0
0
0
0
0
0
0
0
0
0
-2.19449e-15
0
0
0
0
0
0
0
0
0
0
0
0
0
0
0
0
0
0
0
0
2.3357e-17
-3.19284e-17
0
0
0
0
0
0
0
0
0
0
0
0
0
0
0
0
0
0
0
0
0
0
0
0
0
0
0
0
0
0
0
0
0
0
0
0
0
0
0
0
-2.56103e-17
5.13832e-17
4.06797e-20
0
-6.83401e-17
-3.48749e-14
7.47679e-14
0
0
0
0
0
0
0
0
0
0
0
0
0
0
0
0
0
0
0
0
0
0
0
0
0
0
0
0
0
0
0
0
-2.44056e-16
0
0
0
0
0
0
0
0
0
5.91488e-15
2.35456e-15
0
0
0
0
0
0
-1.25082e-16
0
-3.46705e-18
-1.00714e-16
-5.00087e-15
0
0
0
0
0
0
0
0
0
0
0
0
0
0
0
0
1.99974e-15
-3.36788e-15
0
0
0
0
0
3.8667e-15
1.735e-14
0
0
0
0
0
0
0
0
0
0
0
0
0
0
0
0
0
0
0
0
0
-2.25569e-14
0
-6.53853e-29
-1.48684e-14
0
0
0
0
0
0
0
0
0
0
0
0
0
0
0
0
0
0
0
0
1.8628e-15
2.01851e-14
0
0
0
0
4.04817e-17
-5.98987e-17
0
0
0
0
0
0
5.27955e-17
2.04686e-16
-3.14181e-15
0
0
0
0
0
0
0
0
0
0
0
0
0
0
0
0
0
0
0
0
0
0
0
0
0
0
0
0
1.5518e-14
0
0
0
0
0
0
0
0
0
0
0
0
0
0
0
0
0
0
0
0
0
0
0
0
0
0
0
0
0
0
0
0
0
0
0
0
0
0
0
0
0
0
0
0
0
0
0
0
0
0
0
-1.07232e-16
-1.94257e-17
0
0
-1.74916e-15
0
1.58947e-16
0
0
0
0
0
0
0
0
0
0
0
3.82975e-15
0
0
0
-5.06869e-15
8.46989e-15
-3.34148e-14
0
0
0
0
0
0
0
0
0
0
0
0
0
0
0
0
0
0
0
0
-1.27857e-15
6.01903e-16
-1.87135e-17
0
0
0
0
0
0
0
0
0
0
0
0
2.26354e-16
-8.34869e-17
0
0
0
-7.85151e-14
5.89461e-14
0
0
0
0
0
0
0
0
0
0
0
0
0
0
0
0
0
0
0
0
0
-5.23843e-17
-5.99387e-17
-1.04652e-15
0
0
0
0
0
9.22514e-16
-6.45996e-16
0
0
0
0
-1.19919e-15
0
-3.86722e-16
0
0
0
0
0
0
3.21042e-15
1.32348e-17
0
0
-1.0545e-16
1.30791e-16
0
0
0
0
0
0
0
0
0
0
0
0
0
0
0
0
0
0
0
0
0
0
0
0
0
0
0
0
0
0
0
0
0
0
0
0
0
0
0
0
0
0
0
0
0
0
0
-2.52424e-16
0
0
0
0
0
-2.38301e-14
0
3.36486e-29
-1.48289e-14
-4.33314e-14
-4.31038e-15
0
0
0
0
0
0
0
0
0
0
0
0
0
0
0
0
5.3727e-16
-3.93934e-16
-2.83446e-16
0
0
0
0
0
0
0
0
0
0
0
0
0
0
0
0
0
0
0
0
5.90587e-18
0
0
0
0
0
0
0
0
0
0
0
0
0
0
0
6.02534e-17
7.31367e-08
-5.23454e-08
0
0
0
5.96509e-17
0
0
0
0
-1.65547e-14
0
0
0
0
0
0
0
0
0
0
0
0
0
0
0
0
0
0
0
0
0
0
0
0
0
0
0
0
0
0
0
0
0
0
6.34598e-16
0
-2.96242e-16
0
-1.01072e-15
5.09134e-17
0
0
3.8105e-17
-7.76051e-17
-1.04543e-15
0
0
0
0
0
0
0
0
0
0
0
0
0
0
1.79374e-14
1.58236e-15
0
0
0
0
0
0
0
0
0
0
0
-1.29929e-16
0
4.66978e-16
0
0
0
0
0
0
6.25993e-18
-2.32869e-16
0
0
0
0
0
0
0
0
0
0
0
0
0
0
0
0
0
0
0
0
0
0
0
0
0
-1.69758e-16
1.10083e-15
0
0
0
0
0
0
0
0
0
0
0
0
0
0
0
0
0
0
0
0
0
0
0
0
-2.48989e-16
0
0
0
0
0
0
0
0
0
0
0
0
0
0
0
0
0
0
0
0
0
0
0
6.46084e-14
1.11084e-14
-1.82485e-13
0
0
0
0
0
0
0
0
0
0
0
0
0
0
0
0
0
0
0
0
0
0
0
-2.55098e-14
0
0
-4.3865e-14
8.17497e-14
0
0
0
0
0
0
0
0
0
-3.93551e-15
0
0
0
0
0
0
0
0
0
0
0
0
0
-4.25144e-16
0
0
0
0
0
0
0
0
0
0
0
0
0
0
0
0
1.19039e-15
0
0
0
0
0
0
0
0
0
0
0
0
0
0
0
0
0
0
0
0
0
0
0
0
0
0
0
0
0
0
0
0
0
0
4.28779e-16
-4.78912e-17
0
0
0
0
0
0
0
0
0
0
0
0
0
0
0
0
0
0
0
0
0
-8.1632e-15
0
-8.02978e-30
0
0
0
0
0
0
0
0
0
0
-1.06685e-16
-8.39338e-17
0
0
0
0
0
0
0
0
0
0
0
1.32951e-16
3.45574e-16
0
0
5.96976e-14
0
0
0
0
0
0
-7.77577e-14
-1.95774e-28
0
0
0
0
0
-3.84053e-14
6.18598e-14
0
0
0
0
4.54375e-15
0
0
0
0
0
0
0
0
0
0
-2.85131e-16
1.31298e-16
0
0
0
0
0
0
0
-2.15202e-14
8.00594e-17
4.58326e-18
0
0
0
0
0
0
0
0
0
0
0
0
0
0
0
0
0
0
0
0
0
0
0
0
0
1.42705e-15
0
0
0
0
0
0
0
0
0
0
0
0
0
0
0
-4.34752e-18
0
0
0
0
0
0
0
0
0
0
0
0
0
0
0
0
0
0
6.51431e-16
-2.92748e-16
1.57573e-15
0
0
0
0
0
0
0
0
0
0
0
0
0
0
0
0
0
0
0
0
0
0
0
0
-4.99909e-08
-2.92377e-08
0
0
0
0
0
0
0
0
0
0
0
0
0
0
0
-3.36472e-16
0
0
1.17437e-16
0
0
-5.78863e-17
3.02403e-16
0
0
0
0
0
0
0
0
0
0
0
0
0
0
0
0
-2.56905e-31
0
3.51517e-16
0
0
0
0
0
0
0
0
0
0
0
-1.93717e-14
-5.08262e-14
0
0
0
0
0
0
0
0
0
0
0
0
0
0
0
0
0
0
0
0
0
0
0
0
0
0
4.18553e-14
0
0
0
0
2.56905e-31
0
5.89447e-16
0
-1.05599e-17
0
0
0
0
0
0
0
0
1.96791e-15
0
0
0
0
0
0
0
0
0
0
0
0
0
0
0
0
0
0
0
0
0
0
0
0
0
0
0
0
0
0
0
0
0
0
0
0
0
0
0
0
8.92735e-16
1.00342e-16
0
0
0
0
0
7.69564e-17
-1.51445e-16
0
0
0
0
0
0
0
0
-3.39888e-17
0
0
0
0
0
0
0
0
0
0
0
0
0
0
0
0
0
0
0
0
0
0
0
0
0
0
0
0
0
0
0
0
0
0
0
0
0
0
0
3.96143e-08
2.59677e-16
0
0
0
0
0
0
0
0
0
0
0
0
0
0
0
-7.82292e-15
0
0
0
0
0
0
0
0
0
0
0
0
0
0
0
0
0
0
0
0
0
0
0
0
0
-2.06401e-16
-1.18206e-14
-4.57398e-14
0
0
0
0
0
0
0
0
3.4929e-16
0
0
0
0
0
0
0
0
0
0
0
-4.3377e-15
1.70171e-15
4.33063e-14
0
-3.89781e-14
2.1097e-15
1.35758e-16
0
0
0
0
0
0
0
0
0
0
0
4.55281e-14
0
0
0
0
0
0
0
0
0
0
0
0
0
0
0
0
0
0
0
0
0
0
0
0
0
0
0
0
0
0
0
0
0
0
0
0
0
0
0
0
0
0
0
0
0
0
0
1.486e-15
-1.43912e-15
8.34416e-15
4.46375e-15
0
0
0
0
0
0
0
0
0
0
0
0
0
0
0
0
0
-1.32674e-14
0
0
0
0
0
0
0
0
0
0
0
0
0
1.88554e-14
0
0
0
0
0
0
0
0
0
0
0
0
0
0
0
0
0
0
0
0
0
0
0
0
0
0
0
0
-2.78653e-16
0
0
-1.10986e-17
4.83767e-17
-3.52869e-17
0
0
0
0
0
0
0
0
0
-1.58776e-15
0
1.78174e-15
0
0
0
0
0
0
7.20136e-14
-4.14161e-14
0
0
0
2.23092e-17
-1.69009e-16
0
0
0
0
0
0
0
0
-5.21415e-17
0
0
0
0
0
0
0
0
0
0
0
0
0
0
0
0
0
0
0
0
0
0
0
0
7.49248e-15
2.66711e-14
-1.21599e-15
0
0
0
0
0
0
8.20065e-14
0
-1.2424e-13
0
0
0
0
0
0
0
0
0
0
0
0
0
0
0
0
0
0
0
0
0
0
0
0
0
0
0
0
0
0
2.37701e-15
0
0
2.17564e-15
0
0
0
0
-4.39063e-16
1.78904e-16
0
4.42695e-16
-4.75024e-15
0
0
0
0
0
0
0
0
0
0
0
0
0
0
0
0
0
0
0
3.69727e-14
-1.62854e-14
0
0
0
-7.0488e-17
0
0
0
0
0
0
0
0
0
0
0
0
0
0
0
0
0
0
0
0
0
0
0
0
0
0
0
0
0
0
0
0
0
0
0
0
0
2.18871e-15
-2.81486e-15
0
0
0
0
0
0
0
0
9.68385e-15
-1.30138e-16
0
0
0
0
0
0
-2.54327e-16
7.76709e-17
0
0
0
0
0
0
0
0
0
0
0
0
0
0
0
0
0
0
0
0
0
0
0
0
1.13922e-16
0
0
-4.04332e-16
0
0
0
0
0
0
0
0
0
0
0
0
0
-3.21386e-16
6.54831e-15
-2.52729e-16
4.28778e-17
0
0
0
0
0
0
0
0
0
0
0
0
0
0
0
-2.87803e-14
3.23935e-14
0
0
0
0
0
0
0
0
0
0
0
0
0
0
0
0
0
0
0
0
0
-2.16205e-15
-2.57286e-15
0
0
0
0
0
0
0
0
0
4.32881e-15
-6.04909e-15
-4.23761e-14
0
3.3695e-14
0
-5.10823e-31
-1.84943e-17
0
0
0
0
0
0
0
0
0
0
0
0
0
-5.99466e-17
2.00129e-16
0
0
0
0
0
0
0
0
0
-7.75377e-17
0
0
0
0
0
0
0
0
0
0
0
0
0
0
0
0
0
0
0
0
0
0
0
0
-5.33157e-18
-1.49179e-17
0
0
0
0
0
0
3.19989e-16
2.717e-16
0
0
0
-9.17225e-17
9.32828e-15
0
0
0
0
0
0
0
0
0
0
0
0
0
0
0
0
0
0
0
0
0
-1.18186e-15
0
0
0
0
0
0
0
0
0
0
0
0
0
0
0
0
0
0
1.98153e-14
2.01664e-13
0
0
0
0
0
0
0
0
0
0
0
0
0
0
0
-4.67326e-16
0
0
0
0
0
0
0
-1.41705e-16
0
-6.03926e-18
0
0
0
0
0
0
0
0
0
2.92534e-16
0
0
0
0
0
0
0
0
0
0
0
0
0
0
0
-3.40394e-15
0
-4.42312e-15
0
0
0
0
0
0
0
0
0
0
0
0
0
0
0
0
0
0
0
0
0
0
0
0
0
0
0
0
0
0
0
0
0
0
0
0
0
0
0
0
0
0
0
0
0
0
0
0
0
0
0
0
0
0
0
0
0
-6.81663e-16
0
0
1.10709e-14
3.50839e-14
0
0
0
0
0
0
0
0
0
0
0
0
0
0
0
0
0
0
0
0
0
0
0
0
0
0
0
0
0
0
0
0
2.82294e-15
4.62225e-14
0
0
0
0
0
0
0
0
0
0
0
0
0
0
0
0
0
0
0
0
-8.90928e-21
-6.1065e-16
0
0
0
0
0
0
0
0
0
0
0
0
0
0
0
0
0
0
0
0
0
0
0
0
0
0
0
0
0
0
0
0
0
0
0
0
0
0
0
0
0
0
0
0
0
0
0
0
0
0
0
0
0
0
0
0
0
0
0
0
1.94576e-14
7.58468e-18
0
0
0
0
0
0
0
0
0
0
7.30537e-17
-5.09329e-31
1.44492e-15
-2.18324e-15
0
0
0
0
-2.80895e-15
0
0
0
0
0
0
0
0
0
0
5.07085e-17
1.37077e-15
0
0
0
0
0
0
1.71136e-16
0
-1.2978e-15
0
0
0
0
0
0
0
0
0
0
0
0
0
0
0
-6.26766e-17
0
0
0
0
0
0
0
0
0
0
0
-3.45487e-15
0
0
0
0
0
0
0
0
0
0
0
0
0
0
0
0
0
0
0
0
0
0
0
0
0
0
0
0
0
0
0
0
0
0
0
0
0
-3.61369e-14
0
0
0
0
0
0
0
0
0
0
0
0
0
0
0
0
0
0
0
0
0
0
0
0
0
0
0
0
0
0
0
0
0
0
0
0
0
-4.45487e-16
0
0
0
0
0
0
0
0
0
0
0
0
0
0
0
-1.29386e-16
2.9833e-16
0
0
0
0
0
0
0
0
0
0
0
0
0
0
0
0
0
0
0
0
0
0
0
-6.6781e-17
1.21248e-16
0
0
0
0
0
0
0
0
0
0
0
0
0
0
0
0
0
0
0
0
0
0
0
-1.53778e-14
1.15432e-14
0
0
0
0
0
0
0
0
0
0
0
0
0
0
0
0
0
0
0
0
0
0
0
0
0
0
0
0
0
0
0
0
0
0
0
0
0
0
0
0
-1.89248e-14
8.71308e-14
-6.4735e-15
0
0
0
0
0
0
0
0
0
0
0
0
0
0
0
0
0
0
0
0
0
0
0
0
0
0
0
0
0
0
0
0
0
0
0
0
0
0
0
0
0
0
0
0
0
0
0
0
0
0
0
0
0
0
0
0
0
0
0
0
0
0
0
0
0
0
0
0
0
0
0
-5.04513e-16
5.12569e-14
0
0
0
0
0
0
0
0
0
0
0
0
0
0
0
0
0
0
-3.77793e-15
0
0
0
0
0
0
0
0
0
0
0
0
0
0
0
0
0
0
0
0
0
0
0
0
0
0
0
0
0
0
0
0
0
0
2.07042e-14
-4.09658e-14
0
0
0
0
0
0
0
0
0
0
-1.31606e-16
0
0
0
7.64741e-31
0
0
0
0
0
0
0
0
0
0
0
0
0
-5.60371e-17
1.72315e-16
-7.68406e-15
0
0
0
0
0
0
0
0
0
0
0
0
0
0
0
0
0
0
0
0
0
0
0
0
0
0
0
0
-3.109e-17
2.60659e-16
0
0
0
0
0
0
0
0
0
0
-8.4604e-17
0
0
0
0
0
0
0
0
0
0
0
0
0
0
0
0
0
0
0
0
0
0
0
0
0
1.32883e-16
-3.36037e-15
3.66594e-15
0
0
0
0
0
0
0
0
0
0
0
-2.44184e-14
1.73552e-14
0
0
0
0
0
0
0
9.74051e-17
0
0
0
0
0
0
0
0
0
0
0
0
0
0
0
0
0
0
0
0
0
0
0
0
0
-1.37737e-16
-3.80871e-16
0
0
0
-1.60983e-16
-1.74205e-16
0
2.36992e-16
8.4839e-17
0
0
0
0
0
0
0
0
0
0
-5.12595e-16
0
-1.10146e-16
0
0
0
0
0
0
0
0
0
0
0
0
0
0
0
0
0
0
0
0
0
0
0
-8.5895e-14
0
0
0
0
0
0
0
0
0
0
0
0
0
0
0
0
0
0
0
0
0
0
0
0
0
0
0
0
0
0
0
0
0
0
0
0
0
0
0
0
0
0
0
0
0
0
0
-2.53461e-15
0
0
0
0
0
0
0
0
-2.05332e-17
-3.88134e-15
2.97984e-17
0
6.81049e-15
-1.35235e-16
-1.20773e-14
3.27315e-14
0
0
0
5.03001e-16
0
4.09729e-15
0
0
0
0
0
0
0
0
0
0
0
0
0
0
0
0
0
0
0
0
0
0
0
0
0
-1.22798e-14
0
5.3169e-17
0
0
0
0
0
0
0
0
0
0
0
0
0
0
0
0
0
0
0
0
0
0
0
0
0
0
-8.83657e-17
-4.92855e-16
-9.14029e-15
-1.21591e-14
0
0
0
0
0
0
0
0
0
0
0
0
0
0
0
0
0
0
0
0
0
0
0
0
0
0
0
-4.97938e-16
0
0
0
0
0
0
0
0
0
0
0
0
0
0
0
0
0
0
-1.88409e-16
0
0
0
0
0
0
0
0
0
0
0
0
0
0
7.2505e-17
0
0
0
0
0
0
0
0
0
0
0
0
0
0
0
-4.90512e-18
-1.59157e-15
0
0
0
0
0
0
0
3.0283e-17
-5.29743e-16
0
0
0
0
0
0
0
0
0
0
0
0
0
0
0
0
0
0
0
0
0
0
0
0
1.18667e-18
0
0
0
0
0
0
0
0
0
0
0
0
0
-4.74437e-14
-6.44978e-16
0
0
0
0
0
0
0
0
0
0
0
0
0
0
0
0
0
0
0
0
0
0
0
0
0
0
0
0
0
0
0
0
0
0
0
0
0
0
0
0
0
0
0
0
0
0
0
0
0
0
0
0
0
0
1.00247e-18
-7.6878e-17
0
0
0
0
2.13415e-15
-1.50268e-15
0
0
0
0
0
0
0
0
0
0
0
0
0
0
0
-5.57711e-17
1.70538e-17
-3.83328e-15
-2.38982e-31
0
0
0
0
0
-5.67979e-16
-1.03454e-15
0
0
0
0
0
0
0
0
0
0
0
0
0
0
-1.04594e-17
0
0
0
0
0
0
0
0
0
0
0
0
0
0
0
0
0
0
0
0
0
0
0
0
0
0
0
0
0
0
0
0
0
0
4.81923e-16
0
-5.72216e-17
0
1.00448e-16
1.54725e-16
0
0
0
0
0
0
0
0
0
0
0
0
0
0
0
0
0
0
0
0
0
0
0
0
0
0
0
1.08863e-14
0
0
0
0
0
0
0
0
0
0
0
0
0
0
0
0
0
0
0
0
0
0
0
0
0
0
0
0
0
0
0
0
0
0
0
0
0
0
0
0
0
0
0
0
0
0
0
0
0
0
0
0
0
-2.35956e-17
0
-7.80747e-16
0
0
0
0
0
0
0
0
-4.99244e-17
0
0
0
0
0
0
0
0
-3.71224e-14
3.33621e-14
0
0
0
0
0
0
0
0
0
0
0
0
0
0
-7.56126e-15
2.12273e-14
0
0
0
0
1.80228e-15
0
0
0
-8.1639e-16
-1.49469e-16
0
-1.8147e-17
3.7511e-17
0
0
0
0
0
0
0
-4.82119e-16
-3.54835e-16
0
0
0
0
0
0
0
0
0
0
0
0
0
0
0
0
0
0
0
0
0
0
0
0
0
0
-1.00327e-15
0
0
0
0
0
0
-1.67575e-15
2.28459e-15
-6.08017e-16
0
0
0
0
0
0
0
0
0
0
0
-2.44353e-14
-4.42701e-17
0
0
0
0
0
0
0
0
0
0
0
0
0
2.27403e-15
-8.07724e-18
0
0
0
0
-8.37535e-14
-6.03852e-15
1.63517e-17
-9.4068e-17
-1.63592e-15
0
-1.46047e-16
0
0
0
0
0
1.84834e-15
0
0
0
0
0
0
0
0
0
0
0
0
0
0
0
0
0
0
0
0
2.89865e-14
1.10652e-14
0
0
0
0
0
0
0
0
0
0
0
0
0
0
0
0
0
0
0
0
0
7.17738e-16
0
0
0
0
0
0
0
0
0
-1.31057e-15
0
0
0
0
0
0
0
8.19219e-18
0
-3.5661e-17
0
0
0
0
0
0
-1.89529e-13
4.22526e-14
0
0
0
0
0
4.11048e-30
0
0
0
0
0
0
0
0
0
0
0
0
0
0
0
0
0
0
0
8.41215e-30
1.68733e-14
0
0
0
-2.06235e-17
-1.01361e-17
0
0
0
0
0
0
0
0
0
0
4.35364e-16
2.23331e-17
3.14595e-14
0
0
0
0
0
0
0
0
0
0
0
0
0
0
0
0
0
0
0
0
2.14303e-15
0
0
0
0
0
0
0
0
4.09815e-17
-1.76906e-16
0
0
0
0
0
0
0
0
0
9.78672e-15
1.07614e-14
-2.99897e-15
0
0
0
0
0
0
0
0
0
-3.43409e-15
0
0
0
0
0
0
0
0
0
0
0
0
0
0
0
0
0
0
0
0
0
0
0
0
0
0
0
0
0
0
0
0
0
0
0
0
0
-1.39785e-16
1.03278e-16
0
0
0
0
0
0
0
0
0
0
0
0
0
-8.61977e-15
-2.637e-15
0
0
-6.41593e-15
0
2.05725e-15
0
0
0
0
0
0
0
0
0
0
0
0
0
0
0
-4.20765e-14
0
9.55926e-32
0
0
0
0
0
0
0
0
0
0
0
-3.84739e-18
0
0
0
0
0
0
0
0
2.64614e-15
-4.49674e-16
-9.38091e-15
-1.03178e-15
0
2.93285e-15
-5.12525e-16
0
0
0
0
0
0
5.43157e-16
-4.15834e-14
0
0
0
0
0
0
0
0
0
0
0
0
0
0
0
0
0
0
0
0
0
0
0
0
0
0
0
0
0
0
0
0
0
0
0
0
0
0
0
0
0
0
0
0
6.84982e-16
0
0
0
0
0
0
0
0
0
0
0
0
0
0
0
0
0
0
0
0
0
0
0
0
0
0
0
0
0
0
0
0
0
0
0
0
0
0
0
0
0
0
0
0
0
1.3381e-16
-1.87823e-16
0
-4.61894e-17
1.0313e-16
0
0
0
0
-4.98467e-16
3.47049e-16
0
0
0
0
0
0
1.60531e-15
0
-3.05896e-30
4.56792e-14
-4.22973e-14
0
0
0
0
0
0
0
0
4.61338e-17
0
0
0
0
0
0
0
0
0
0
0
0
0
0
0
0
0
0
0
0
0
0
0
0
0
0
0
0
-2.40953e-16
1.44651e-15
0
0
-6.7741e-17
-9.26323e-16
0
0
0
0
0
-6.1638e-14
8.39553e-14
0
3.28877e-16
0
0
0
0
0
0
0
0
0
0
0
0
-1.05809e-14
3.38781e-16
0
0
0
0
0
0
3.4457e-14
0
0
0
0
0
0
0
0
0
0
0
0
0
0
0
0
0
0
0
0
0
1.29618e-15
2.83841e-18
0
0
0
0
0
0
0
0
0
0
0
0
9.24721e-16
0
0
0
0
0
0
0
0
0
0
7.10732e-16
-4.66894e-17
0
0
0
0
0
0
0
0
0
0
0
0
0
-3.37429e-15
0
0
0
0
0
-7.75134e-17
0
0
0
0
0
0
0
0
0
0
0
0
0
0
0
0
0
0
0
0
0
2.39314e-15
-5.58288e-17
0
0
0
0
0
0
0
0
0
0
0
0
0
0
0
0
0
0
0
0
0
0
0
0
0
0
0
1.05645e-16
0
0
0
0
0
0
0
0
0
0
0
0
0
0
0
0
0
0
0
0
0
0
7.32171e-17
0
0
0
0
4.81395e-15
0
-3.44441e-15
1.09083e-15
0
0
0
0
0
0
0
0
0
0
0
0
0
0
0
0
0
0
0
0
0
0
0
0
0
0
0
0
0
0
0
0
0
0
0
0
0
0
0
0
0
0
0
-4.87284e-16
0
-6.38666e-16
0
0
0
0
0
0
0
0
0
0
0
0
0
-8.92254e-17
0
1.47454e-16
0
0
0
0
0
0
0
-2.74091e-16
1.24261e-16
0
-2.37814e-16
-2.6274e-18
0
0
0
0
0
0
0
-1.32896e-16
0
1.8437e-15
-4.9784e-17
0
0
0
0
0
0
0
0
0
0
0
0
0
0
0
0
0
0
0
-5.89937e-17
0
0
0
0
0
0
0
0
0
0
0
3.87428e-16
-3.34896e-15
-9.85159e-16
0
0
0
0
0
0
0
-5.01316e-16
1.78677e-16
0
0
0
0
0
0
0
0
0
0
0
0
0
0
0
0
0
0
0
0
0
0
0
0
0
0
0
0
0
2.0936e-14
7.81181e-16
0
0
0
0
0
0
0
0
0
0
0
5.71579e-17
-1.57995e-15
0
0
0
0
0
0
0
0
0
0
0
0
0
0
0
0
0
0
0
0
0
0
-6.97978e-16
0
0
0
0
0
0
0
0
0
0
0
0
0
0
0
0
0
0
0
0
0
0
0
0
0
0
0
0
0
0
0
0
0
0
0
0
0
0
0
0
0
0
0
0
0
0
0
0
0
0
0
0
0
0
0
0
8.91433e-16
-2.04305e-15
3.46231e-16
0
9.90842e-16
0
0
0
0
0
0
0
0
0
0
0
0
0
0
0
0
0
0
0
-4.30904e-16
0
1.22353e-16
0
0
0
0
0
0
0
0
0
0
0
0
0
0
0
0
0
0
0
0
0
0
0
0
0
-5.7785e-17
0
0
0
0
0
0
0
0
0
0
0
0
0
0
0
0
0
-1.63367e-15
0
0
0
0
0
0
0
9.60199e-17
1.21139e-16
0
0
0
0
0
0
0
0
0
0
0
0
0
0
0
0
0
-5.45257e-15
0
0
0
0
0
0
0
0
0
0
0
0
0
0
0
0
0
0
-2.70659e-14
4.05562e-14
0
0
0
0
0
1.47669e-16
2.81188e-15
0
0
0
0
0
0
0
0
4.189e-16
-1.95496e-15
0
0
0
0
0
0
0
0
0
0
0
0
0
0
0
0
0
0
0
0
0
0
0
0
0
0
0
0
0
0
0
0
0
0
0
0
0
0
0
0
0
0
0
0
0
0
2.23226e-15
0
0
0
0
0
0
0
0
0
0
0
0
0
0
0
0
0
0
0
0
0
0
0
0
0
0
0
3.14735e-15
-5.68766e-17
0
0
-1.61687e-14
0
0
0
0
0
0
0
0
0
0
0
9.85897e-16
6.15887e-17
0
0
0
0
0
0
0
0
0
0
0
0
0
0
0
0
0
0
0
0
0
0
0
0
0
0
0
0
0
0
0
0
0
0
0
0
0
0
0
0
0
0
0
0
0
0
-1.4456e-16
0
0
0
0
0
0
0
0
0
0
0
0
0
0
0
0
0
0
0
0
0
0
0
0
0
0
0
0
0
0
0
0
0
0
0
0
0
0
0
0
0
0
9.68732e-16
4.8873e-16
0
0
0
0
0
5.75168e-16
0
0
0
0
0
-1.3144e-31
0
0
0
0
0
0
0
0
0
-1.84952e-15
0
0
0
0
0
0
0
0
0
0
0
0
0
0
0
0
0
0
0
0
0
0
0
0
0
0
0
6.96912e-17
-1.4163e-16
0
0
0
0
0
0
0
0
0
3.6684e-16
-2.96925e-15
0
0
-1.2497e-15
0
4.2046e-16
0
0
0
0
0
0
0
0
0
0
0
0
0
0
0
0
0
0
0
0
0
0
0
0
0
0
0
0
0
0
0
0
0
0
0
0
0
0
0
0
0
0
0
0
0
0
0
0
4.70317e-14
0
0
0
0
0
0
0
0
0
0
0
0
0
0
0
4.14532e-16
0
7.5754e-17
1.67784e-18
0
0
0
0
0
0
0
0
0
0
0
0
0
0
0
0
0
0
0
0
0
0
0
0
0
0
0
0
0
0
0
0
0
0
0
5.45176e-17
-1.8349e-16
0
0
0
0
0
0
0
0
0
0
0
0
0
0
0
0
0
0
0
0
0
0
0
0
0
0
0
0
0
0
0
0
0
0
0
0
0
0
0
0
0
0
0
0
0
0
0
0
0
0
0
1.13679e-15
2.99025e-15
-2.27677e-14
-4.36822e-14
1.78593e-13
1.53598e-17
6.05653e-19
0
0
0
0
0
0
0
0
0
0
0
0
0
0
0
0
0
0
0
0
0
-8.82589e-14
-6.67493e-15
0
0
0
0
0
-7.73442e-09
0
5.87966e-08
0
0
0
0
0
0
0
0
0
0
0
0
9.13652e-17
0
0
0
0
0
0
0
0
0
0
0
0
0
0
0
0
0
0
0
0
0
0
0
0
0
0
3.59914e-14
4.36142e-15
-7.87991e-17
3.85787e-17
0
0
0
0
0
0
0
0
0
0
0
0
0
0
0
0
0
0
0
0
0
0
0
0
0
0
0
0
0
0
0
0
0
0
0
0
0
0
0
0
0
0
0
0
0
0
0
0
0
0
0
0
0
0
0
-2.38096e-16
-7.46327e-15
0
0
0
0
0
0
0
0
0
0
0
0
0
0
0
0
0
0
0
0
0
0
0
0
0
0
0
0
0
0
0
0
0
0
0
1.28874e-16
-2.0814e-15
-6.1748e-16
0
0
0
0
0
0
0
0
0
0
0
0
0
0
0
0
0
0
0
0
0
0
0
0
0
0
0
0
0
0
0
0
0
0
0
1.63024e-15
2.27907e-16
-5.14142e-16
0
0
0
0
0
0
0
0
0
0
0
0
0
0
0
0
0
0
0
0
0
0
0
0
0
0
0
0
0
0
0
0
0
0
0
0
0
0
0
-2.68596e-15
0
0
0
0
0
-8.60286e-15
0
0
0
0
0
0
0
0
0
0
2.02276e-14
1.0615e-17
0
0
0
0
0
0
0
0
-4.76488e-17
9.66018e-19
0
0
0
0
0
3.60989e-15
0
0
0
0
0
0
0
0
0
0
0
0
0
0
0
0
0
0
-1.88741e-16
0
-3.73073e-17
0
0
0
0
0
0
1.02092e-16
0
0
0
-3.46869e-14
7.23437e-15
0
0
0
0
0
0
0
0
0
0
0
-2.03081e-15
-1.36942e-14
0
6.45632e-16
0
0
0
0
0
0
0
0
0
0
0
0
0
0
0
0
0
0
0
-1.86123e-14
7.50632e-15
0
0
0
0
0
0
0
0
0
0
0
0
0
0
0
0
0
0
0
0
0
0
0
0
0
0
0
0
0
0
0
0
0
0
0
5.03139e-08
0
0
0
0
0
0
0
0
0
0
0
0
0
0
0
0
0
0
0
0
0
0
0
-1.20199e-15
2.82942e-15
-1.45195e-15
0
0
0
0
0
0
0
0
0
0
0
0
0
0
0
0
0
0
0
0
0
0
0
0
0
0
0
0
0
0
0
0
0
0
0
0
0
0
0
0
0
0
0
0
0
0
0
0
0
0
-6.21359e-17
0
1.31945e-15
0
0
0
0
0
0
0
0
0
0
3.98293e-14
0
0
0
0
0
0
0
0
0
0
0
0
0
0
0
0
0
0
0
0
0
0
0
0
0
0
0
0
0
0
0
0
0
0
0
0
0
0
0
0
0
0
0
0
0
0
6.06883e-16
0
-2.03134e-30
0
0
0
0
0
0
0
0
0
0
-4.05862e-18
1.53311e-17
-2.53167e-15
-1.6926e-14
0
0
0
0
0
0
0
0
0
0
0
0
0
0
0
0
0
0
0
0
0
0
0
-1.70679e-17
0
0
-3.80245e-17
0
0
0
0
0
0
0
0
-1.7702e-15
6.45117e-15
0
0
0
0
0
-1.09303e-17
1.67604e-17
0
0
0
1.57573e-15
0
0
0
0
0
0
0
0
0
0
0
0
0
2.64362e-16
-3.18978e-16
0
0
0
-6.53165e-16
-2.5599e-15
0
0
0
0
0
0
0
0
0
0
0
3.91734e-17
0
0
0
0
0
0
0
0
0
0
0
0
0
0
0
0
0
0
0
0
0
0
0
-3.46045e-16
0
0
0
0
0
-2.30853e-17
0
0
0
0
0
0
0
-4.53482e-16
-3.2269e-16
0
5.1715e-16
0
0
0
0
0
0
0
0
0
0
0
0
0
0
0
0
0
-2.22687e-15
0
0
1.48376e-15
0
6.56318e-17
2.56877e-14
1.95629e-14
5.22641e-16
0
0
0
0
0
0
0
0
0
0
0
0
-4.38411e-16
0
0
0
0
0
0
4.17892e-14
0
0
0
4.05158e-16
-1.34888e-16
0
0
0
0
0
0
0
5.23383e-14
0
-4.09468e-14
0
0
0
0
0
0
-3.71845e-14
-1.97167e-14
0
0
0
0
0
0
0
0
0
0
0
0
0
0
0
8.24381e-17
5.89732e-17
0
2.85031e-18
-7.31858e-17
0
0
0
0
0
0
0
0
0
0
0
0
0
0
0
0
0
0
0
0
0
0
0
0
0
0
0
0
0
0
0
0
0
0
0
0
0
0
0
0
0
0
0
0
1.21792e-16
0
-2.06985e-15
0
0
0
0
0
0
0
0
0
0
0
0
0
0
0
0
0
0
0
0
0
0
0
0
0
0
0
0
0
0
0
0
0
0
0
0
0
0
0
0
0
0
0
0
0
0
0
0
0
0
0
0
-6.73475e-16
4.59336e-16
0
4.60088e-15
0
0
0
0
0
0
0
0
0
-8.77341e-15
0
6.08846e-15
0
-2.6099e-15
8.44981e-17
0
0
3.9031e-15
0
0
0
0
0
0
0
0
0
0
0
0
0
0
0
0
0
0
0
0
0
0
0
0
0
0
0
-1.63325e-16
6.21291e-17
0
0
0
0
-4.47749e-16
-2.27936e-15
0
0
0
0
0
0
0
0
0
0
0
0
0
0
0
0
0
-1.14535e-16
0
0
0
0
0
0
4.92085e-08
1.19726e-17
0
0
0
0
0
0
0
0
0
0
0
0
0
0
0
0
0
0
-4.90897e-16
-1.04344e-16
0
0
0
0
0
0
0
-1.74031e-15
0
0
0
0
0
0
0
0
0
0
0
0
0
0
0
0
0
0
-3.58566e-15
0
0
0
0
0
0
0
0
0
0
0
0
0
0
0
0
0
0
0
0
0
0
0
0
0
0
0
0
0
-1.57423e-15
5.35551e-17
1.5843e-15
0
0
0
0
0
0
0
0
0
0
0
0
0
0
0
0
0
0
0
1.97122e-16
0
0
0
0
0
0
0
0
0
0
0
0
2.39112e-15
1.38122e-17
0
0
0
0
5.63237e-17
-7.34837e-17
0
0
0
0
0
0
0
0
0
0
0
0
0
0
0
0
0
0
0
-2.60424e-16
0
4.5219e-17
0
0
0
0
0
0
0
0
0
0
0
0
0
0
0
0
0
0
0
0
0
0
0
0
0
0
0
0
0
0
0
0
2.11442e-14
0
0
0
0
0
1.32746e-16
3.17901e-16
0
0
0
0
0
0
0
0
0
0
-6.72583e-15
0
0
0
0
0
0
0
-2.34192e-14
0
5.09827e-30
0
0
0
0
0
0
0
0
9.1358e-15
5.51873e-17
0
0
-9.9189e-16
0
0
0
0
0
2.89071e-16
-3.95199e-16
0
0
0
0
0
-6.5242e-29
0
0
0
-2.67229e-17
4.313e-16
0
0
0
0
0
2.48514e-14
0
0
0
0
0
7.58123e-16
8.76973e-19
0
0
-1.66792e-16
2.03894e-17
0
0
0
0
0
0
0
0
0
0
0
0
0
0
0
0
0
0
0
0
0
0
0
-5.17285e-16
1.41488e-15
0
0
0
0
0
0
0
0
0
0
0
0
0
0
0
0
6.9489e-17
2.0785e-15
1.20939e-17
0
0
0
0
0
0
0
0
0
0
0
0
0
0
0
0
0
0
0
0
0
0
0
0
-3.90525e-15
0
0
0
0
0
0
0
0
0
0
0
0
0
0
0
2.31208e-15
0
0
0
0
0
0
0
0
0
0
0
0
0
0
0
0
0
0
0
0
0
0
0
0
0
0
0
0
0
0
0
0
0
0
0
0
0
0
0
0
0
0
0
0
0
0
-1.45357e-14
0
0
0
0
0
0
0
0
0
0
0
0
0
0
0
0
0
0
0
0
0
0
0
0
0
0
0
0
0
0
0
0
0
0
0
0
0
0
0
0
4.05468e-15
-5.10823e-31
-6.20725e-17
0
0
0
0
0
0
0
0
0
0
0
0
0
0
0
0
0
0
0
-4.49041e-14
0
0
0
0
0
0
0
0
0
0
0
0
0
0
0
0
0
0
0
0
0
0
0
0
0
0
0
0
0
0
0
0
0
0
0
0
0
0
0
0
0
0
0
0
0
0
0
0
0
0
0
3.26927e-29
0
0
0
0
0
0
0
0
0
0
0
0
0
0
0
0
0
0
0
0
0
0
0
0
0
0
0
0
0
0
0
0
0
0
0
0
-4.04933e-16
0
0
0
-2.84401e-15
0
-5.05161e-15
0
1.66975e-15
0
-4.96273e-14
0
0
0
0
0
0
0
0
0
0
0
0
0
0
0
0
0
0
0
0
0
2.76502e-17
0
0
0
0
0
0
0
0
0
0
0
0
0
5.07836e-31
1.3108e-16
7.21539e-17
0
0
0
0
0
0
0
0
0
0
0
0
0
0
0
0
0
0
0
0
0
0
0
0
-8.72285e-16
0
0
0
0
0
0
0
0
0
0
0
0
0
0
0
0
0
0
0
0
0
0
0
0
0
0
0
1.67704e-15
-3.00425e-17
0
0
0
0
0
0
0
0
0
0
0
0
0
0
0
0
0
0
0
0
0
0
0
0
0
0
0
0
0
0
0
0
0
0
0
0
0
0
0
0
1.55217e-17
-3.58328e-15
0
0
0
0
0
-4.7412e-14
0
4.469e-14
0
0
0
0
0
0
0
0
0
0
0
0
0
0
0
0
0
0
0
0
0
0
0
0
0
0
0
0
0
0
0
0
0
0
0
0
0
0
0
0
0
0
0
0
0
0
0
0
0
-1.58153e-16
-2.88411e-16
0
0
0
0
0
0
0
0
0
0
0
0
-2.01446e-15
-5.8532e-16
0
0
0
0
0
0
0
0
0
0
0
0
0
0
8.12066e-15
-3.73177e-14
0
0
0
2.16127e-15
-1.97111e-15
0
0
0
0
0
0
0
0
0
0
0
0
0
4.06795e-17
0
0
0
0
0
0
0
0
0
0
0
0
0
0
0
0
0
0
0
0
0
0
0
0
0
0
0
0
0
0
0
0
3.12768e-16
0
0
0
0
0
0
0
0
0
0
0
0
0
7.99692e-16
0
0
0
0
0
-1.18012e-15
0
0
0
0
0
0
0
0
0
0
0
0
0
0
0
0
0
0
0
0
0
0
0
0
0
0
0
0
0
0
0
0
0
0
0
0
0
0
0
0
0
0
0
0
0
0
0
0
0
0
0
0
0
0
0
0
0
0
0
0
0
0
0
0
0
0
0
0
9.32154e-18
0
0
0
0
0
0
0
0
0
0
0
0
0
0
0
0
0
0
0
0
0
0
0
0
0
0
0
0
0
0
0
0
0
0
0
0
0
0
0
0
0
0
0
0
0
0
0
0
0
0
0
0
0
0
0
0
0
0
0
0
0
8.65557e-18
0
0
0
0
0
2.06825e-15
0
-3.49741e-14
0
0
0
-6.05722e-15
0
0
0
0
0
0
0
0
0
0
0
2.56698e-15
-1.44614e-14
0
0
0
0
0
2.56905e-31
-3.89387e-16
0
0
0
0
0
0
0
0
0
0
0
0
0
0
0
0
0
0
0
0
0
0
0
0
0
0
0
0
0
0
0
0
0
0
0
0
0
0
0
0
0
0
0
0
0
0
0
0
0
0
0
0
0
0
0
0
0
0
0
0
0
0
0
0
0
0
0
0
0
0
0
0
0
0
0
0
0
0
0
0
0
0
0
0
0
0
0
0
0
0
0
0
0
0
0
0
0
0
0
0
0
0
0
0
0
0
0
0
0
0
0
0
0
0
0
0
0
0
0
0
0
0
0
0
0
0
0
0
0
0
0
-1.65088e-15
0
0
0
-2.07724e-15
0
1.84517e-16
-2.56905e-31
0
0
0
0
0
0
0
0
0
0
0
0
0
0
0
0
0
0
0
0
0
0
0
0
0
0
0
0
1.48451e-15
0
0
0
0
0
-4.67562e-14
0
1.29247e-13
-5.34587e-14
0
0
0
0
0
0
0
0
0
0
0
6.82321e-16
-1.35774e-15
0
0
0
0
0
0
0
0
0
0
0
0
0
0
0
0
0
0
0
0
0
1.20796e-16
-6.49095e-15
0
0
2.02841e-15
2.03925e-16
0
0
0
0
0
0
6.32918e-14
0
0
0
0
0
0
0
0
0
0
0
0
0
0
0
0
0
0
0
0
0
0
0
0
0
0
0
0
-6.51509e-17
0
0
4.97113e-16
-3.3541e-16
0
3.21869e-15
-4.91538e-17
0
0
-1.48538e-15
-1.46323e-17
-2.24407e-16
0
0
0
0
0
0
0
0
0
0
0
0
0
0
0
0
0
0
0
0
0
0
0
0
0
0
0
0
0
0
0
0
0
0
0
0
0
0
0
0
0
0
0
0
0
0
0
0
0
0
0
0
0
0
0
0
0
3.96143e-08
0
0
0
0
0
0
0
0
0
0
0
1.03733e-15
0
0
0
0
0
0
0
0
0
0
0
0
0
0
0
0
3.6924e-16
0
0
0
0
0
0
0
0
0
0
0
0
0
0
0
0
0
0
0
0
0
0
0
0
0
0
0
6.66397e-16
-2.7366e-15
0
0
0
0
0
0
0
0
0
0
0
0
0
0
0
0
0
0
0
0
0
0
0
0
0
0
0
0
0
0
0
0
0
0
0
0
0
0
0
0
0
0
0
0
0
0
0
0
0
0
0
0
0
0
0
0
0
0
0
0
0
0
0
0
0
0
0
0
0
0
0
0
0
0
0
0
0
0
0
0
0
0
0
0
0
0
0
0
0
0
0
0
0
0
0
0
0
0
0
0
0
0
0
0
0
0
0
0
0
0
0
0
0
0
0
0
0
0
0
0
0
0
0
0
0
0
0
0
0
0
0
0
0
0
0
0
4.2612e-16
0
0
0
0
0
0
0
0
0
0
0
0
0
0
0
0
0
0
0
0
0
0
0
0
0
0
0
0
0
0
0
0
0
0
0
0
0
0
0
0
0
-1.38702e-15
0
-1.0064e-15
2.21897e-16
0
0
0
0
0
0
0
0
0
0
0
0
0
0
5.86323e-17
0
0
0
0
0
0
0
0
0
0
-3.10945e-16
-4.84209e-16
0
0
0
0
0
0
0
0
0
0
0
0
0
0
0
0
0
0
0
0
0
0
0
0
0
0
0
0
0
0
0
0
0
0
0
0
2.81976e-16
5.0273e-16
0
0
0
5.31384e-16
-2.71512e-18
0
0
0
0
0
0
0
0
0
0
0
0
0
0
0
0
0
0
0
0
0
0
0
0
0
0
0
0
0
0
0
0
0
0
0
0
0
0
0
0
0
0
-1.02165e-30
0
0
0
0
0
0
0
0
0
0
-7.55309e-16
0
-3.18545e-15
0
3.21929e-15
0
0
0
0
0
0
0
0
0
0
0
0
0
0
0
0
0
0
0
0
0
0
0
0
0
0
0
0
0
0
0
0
0
0
0
0
0
0
0
0
0
0
0
0
0
0
0
0
0
0
0
0
0
0
0
0
0
0
0
0
0
0
0
0
0
0
0
0
0
0
0
0
0
0
0
0
0
0
0
0
0
0
0
0
0
0
0
0
0
0
0
0
0
0
0
0
0
0
0
0
0
0
0
0
0
0
0
0
0
0
0
0
0
0
0
0
0
0
0
0
0
0
0
0
0
0
0
0
0
0
0
0
0
0
0
0
0
0
0
0
0
0
0
0
0
0
0
-3.28839e-29
0
0
0
0
0
0
0
0
0
0
0
0
0
0
0
0
0
0
0
0
0
0
0
0
0
0
0
0
0
0
0
0
0
0
0
0
0
0
0
0
0
0
0
0
0
0
0
0
0
0
0
0
0
0
0
0
0
-6.51448e-16
5.8342e-16
0
0
0
0
0
0
0
0
0
0
0
0
0
0
0
3.14858e-17
1.1146e-17
0
0
0
0
0
0
3.06344e-16
0
0
0
0
0
0
0
0
0
0
0
0
0
0
0
0
0
0
0
0
0
0
0
0
0
0
0
0
0
0
0
0
0
0
0
0
0
0
0
0
0
0
0
0
0
0
0
0
0
0
0
0
0
0
0
0
0
0
0
0
0
0
0
0
0
0
0
0
0
0
0
0
0
0
0
0
0
0
0
0
0
0
0
0
0
0
0
0
0
0
0
0
0
0
0
0
0
0
0
0
0
0
0
0
0
0
1.03097e-15
0
0
0
0
0
0
0
0
0
0
0
0
0
0
0
0
0
0
0
0
0
-7.53284e-16
6.63313e-17
0
0
0
0
0
0
0
0
0
0
0
0
0
0
0
0
2.44607e-16
0
0
0
0
0
0
0
0
0
0
0
0
0
-6.05902e-15
0
0
0
0
0
0
0
0
0
0
0
0
0
0
0
0
0
0
0
0
0
0
0
-2.37431e-16
-1.58712e-18
0
0
0
0
0
0
0
0
0
0
0
0
0
1.77025e-14
0
0
0
0
0
0
0
0
0
0
0
0
0
0
0
-3.11593e-14
0
0
0
0
0
0
0
0
0
0
0
0
0
0
0
0
0
0
0
0
0
0
6.34432e-17
0
0
0
0
0
0
0
0
0
0
0
0
0
0
0
0
0
0
0
0
0
0
0
0
0
0
0
0
0
0
0
0
0
0
0
0
0
0
3.19701e-16
-1.51653e-15
0
1.52288e-16
0
0
0
0
0
0
0
0
0
0
0
0
0
0
0
0
0
0
0
0
0
0
0
0
0
0
0
0
0
0
0
0
0
0
-8.58922e-18
-1.94086e-15
0
0
0
0
0
0
0
0
0
0
0
0
0
0
0
0
0
0
0
0
0
0
0
0
0
0
0
0
0
0
0
0
0
0
0
0
0
0
0
0
0
0
0
0
0
-1.3606e-15
0
0
0
0
0
0
0
0
0
0
0
0
0
0
0
0
0
0
0
0
0
0
0
0
1.93254e-15
-2.39463e-17
-3.67126e-15
0
0
0
0
0
0
0
0
0
0
0
0
0
0
0
0
0
0
-1.24556e-15
6.79452e-16
0
0
0
0
0
0
0
0
0
0
0
0
0
0
0
0
0
0
0
0
0
-8.5743e-16
-2.55412e-31
0
0
0
0
0
0
0
0
-1.44137e-14
0
0
0
0
0
0
0
0
0
0
1.60348e-16
0
0
0
0
0
0
0
0
0
0
0
0
0
0
0
0
0
0
0
0
-2.62335e-15
0
0
0
0
0
0
0
0
0
0
7.87513e-16
0
0
0
0
0
0
-8.41557e-15
-3.25165e-15
0
0
-2.87098e-15
2.56905e-31
0
0
0
0
0
0
0
0
0
0
0
0
0
0
0
0
0
0
0
0
0
0
0
0
0
0
0
0
0
0
0
0
0
0
0
0
0
4.70151e-17
0
0
0
0
0
0
0
0
0
-9.07446e-16
0
0
-3.41395e-14
0
3.31495e-14
0
0
0
0
0
0
0
0
0
0
0
0
0
0
0
0
0
0
0
0
0
0
0
0
0
1.69626e-14
0
-9.30393e-16
-2.30164e-14
0
0
0
-1.07738e-16
-7.52606e-17
0
5.54268e-15
0
0
-2.39972e-16
1.41783e-15
0
0
0
-4.79554e-14
6.6295e-14
0
0
-8.53814e-16
0
0
0
0
0
0
0
0
0
-3.99018e-14
2.23833e-14
0
-2.42168e-29
3.60612e-14
0
0
0
0
0
0
0
0
0
0
0
0
0
0
0
0
0
0
0
0
0
0
0
0
8.89068e-17
0
0
0
0
0
0
0
0
0
0
0
0
0
0
0
-8.83264e-16
0
0
0
0
0
0
0
0
0
0
0
0
0
0
0
0
0
0
0
0
0
0
0
0
0
0
-2.06477e-17
7.72166e-16
0
0
0
0
0
0
0
0
0
0
-1.1819e-14
4.31193e-15
0
0
0
0
0
0
8.54459e-15
-7.3924e-15
3.00419e-17
8.02883e-15
-7.49293e-16
0
0
0
0
0
0
0
0
0
0
0
0
0
0
0
0
0
0
0
0
0
0
0
0
1.02165e-30
0
0
0
0
0
0
0
-2.56803e-14
9.16768e-17
0
0
0
0
0
0
0
0
0
0
0
0
0
0
0
0
0
0
0
0
0
1.44065e-14
5.55931e-15
0
0
0
0
0
0
0
0
0
0
0
-1.8389e-14
0
0
0
0
0
0
0
0
0
0
0
0
0
0
-1.57141e-17
1.68231e-17
0
0
0
0
0
0
0
0
0
0
0
0
0
0
0
0
0
0
0
0
0
0
0
0
0
0
0
0
0
0
0
0
0
0
0
0
0
0
0
0
0
-4.61677e-16
0
0
0
0
0
-1.35115e-14
1.67989e-14
0
0
0
0
8.52763e-16
-1.30305e-15
2.36503e-14
-2.69379e-14
0
0
0
0
0
0
0
0
0
0
0
0
3.51677e-16
0
0
0
0
0
0
0
0
0
0
0
0
0
0
0
0
0
0
0
0
0
0
0
0
0
0
0
0
0
0
0
9.02201e-15
1.71232e-14
0
0
2.71761e-16
-8.46227e-15
0
0
0
0
1.43118e-18
-4.05784e-16
6.9815e-15
0
0
0
0
0
0
0
0
0
0
0
0
0
0
0
3.46433e-16
0
0
0
0
0
0
0
0
0
0
0
0
0
0
0
0
0
-3.69e-17
0
0
0
0
0
0
0
0
0
0
0
0
0
0
0
0
0
0
0
0
0
0
0
0
0
0
0
0
0
0
0
0
0
0
0
0
0
0
0
0
0
0
0
1.59682e-14
0
0
0
0
0
0
0
0
0
0
0
0
0
0
0
0
0
0
0
0
0
0
0
0
0
0
0
0
0
0
0
0
0
0
0
0
0
0
0
0
0
0
0
0
0
0
0
0
-3.97727e-15
-2.66286e-15
0
0
0
0
0
0
0
0
0
0
0
0
0
0
0
0
0
0
0
0
0
0
0
0
0
0
0
0
0
0
0
0
0
0
0
0
0
0
0
0
0
0
-1.08908e-15
0
-1.06885e-15
0
0
0
0
0
0
0
0
0
0
0
0
0
0
0
0
0
0
0
0
0
0
0
0
2.22345e-14
0
0
0
0
0
0
0
0
0
0
1.24234e-15
0
0
0
0
0
0
0
-7.19743e-17
0
0
0
0
0
0
0
1.18751e-16
0
0
1.33686e-14
0
0
0
0
0
0
0
0
0
0
0
0
0
1.00372e-30
0
0
0
0
0
0
0
0
0
0
0
0
0
0
0
0
0
0
0
0
1.75252e-14
0
0
0
0
0
0
0
0
-7.14751e-16
-6.41973e-17
0
1.56351e-16
-2.00442e-16
0
0
0
0
0
0
0
0
0
0
0
0
0
0
0
0
0
6.56485e-16
5.05203e-16
0
0
0
0
0
0
0
0
0
0
0
0
0
0
0
0
0
0
0
0
0
0
2.69275e-16
0
0
0
0
0
0
0
0
0
0
0
0
0
0
4.16208e-14
1.07149e-16
0
0
0
0
0
0
0
0
0
-2.39116e-16
0
0
-2.19758e-14
0
0
0
0
0
0
0
0
0
0
2.01341e-16
0
0
0
0
0
0
0
0
4.92462e-17
0
0
0
0
0
1.07245e-14
0
0
0
0
0
0
0
0
0
0
0
0
0
0
0
0
0
0
0
0
0
0
0
0
0
0
0
0
0
0
0
0
0
0
0
0
3.68329e-14
0
0
0
0
-7.69562e-17
-3.86665e-16
0
0
0
0
0
0
0
0
0
0
0
0
0
0
0
-1.41581e-15
1.81172e-15
0
0
0
0
0
0
0
0
0
4.41008e-15
0
0
0
0
0
0
-5.95975e-17
0
0
0
-2.91876e-16
-9.80698e-15
0
0
0
0
0
0
0
0
0
0
0
0
0
0
0
0
0
0
0
0
0
0
0
0
0
0
0
0
-2.01758e-16
1.54245e-16
0
0
0
0
0
0
0
0
0
0
-2.81134e-16
7.64741e-31
0
0
0
0
0
0
0
0
0
0
0
0
0
0
0
0
-1.51995e-16
0
0
0
0
0
0
0
0
0
0
0
0
0
0
0
0
0
0
0
0
0
0
0
0
8.58983e-19
0
0
0
2.73889e-17
0
0
0
0
5.06623e-14
0
0
0
0
0
0
0
0
0
0
0
0
0
-7.53853e-14
0
4.34452e-14
0
0
2.14467e-14
0
8.9398e-17
0
0
0
0
0
0
0
0
0
0
0
0
0
0
0
0
0
0
0
0
0
0
0
0
0
0
0
0
0
0
0
0
0
7.08066e-15
0
0
0
0
0
0
0
0
0
-2.10675e-14
3.49929e-14
0
0
0
0
0
0
0
0
0
0
0
0
0
0
0
0
0
0
0
0
0
0
0
0
-3.6132e-14
0
1.79651e-14
4.08758e-16
-7.90284e-16
0
0
0
0
0
0
0
0
0
0
0
0
0
0
0
0
0
0
0
0
0
0
0
0
0
0
0
0
0
0
0
0
0
0
0
0
0
0
0
0
0
0
0
0
0
0
0
0
0
0
0
0
0
0
0
0
0
0
0
0
0
0
0
0
0
0
0
0
0
0
0
0
0
0
0
0
0
0
0
0
0
0
0
0
0
0
0
0
0
-3.05605e-15
4.52306e-14
0
0
0
0
0
7.17999e-14
0
0
0
0
0
0
0
0
0
0
0
0
0
0
0
0
0
0
0
-2.06721e-15
0
0
0
0
0
0
0
0
0
0
0
0
0
0
0
0
0
0
0
0
0
-5.99353e-14
8.32369e-15
0
0
0
0
0
0
0
0
-1.18698e-14
1.21614e-14
0
0
0
0
0
0
0
0
0
-9.23492e-14
0
-2.80489e-14
0
0
0
0
0
0
0
0
0
0
0
0
0
0
0
0
0
0
0
0
0
0
0
0
0
0
0
0
0
0
0
0
0
0
0
0
0
0
0
0
-1.67606e-14
0
0
0
0
0
0
0
0
0
0
0
0
0
0
0
0
0
0
0
0
0
0
0
0
0
0
0
0
0
0
0
0
0
0
0
0
0
0
0
0
0
2.75707e-17
0
0
0
-5.1738e-14
9.31886e-14
0
0
0
0
0
0
0
0
0
0
6.86505e-17
4.60704e-17
0
0
0
0
0
0
0
0
-3.14985e-14
0
4.28771e-15
0
0
0
0
0
0
0
0
0
0
0
0
0
0
0
-1.40416e-16
-1.93849e-16
0
0
0
0
0
0
0
0
0
0
0
0
0
0
0
0
0
0
0
0
0
0
0
0
0
2.44717e-29
3.48399e-15
7.58634e-14
0
0
-5.01534e-14
0
0
0
0
0
0
0
0
0
0
0
0
0
0
0
0
0
0
0
0
0
0
0
0
0
0
0
0
0
0
0
0
0
0
0
0
0
0
0
0
0
0
0
0
0
0
-6.42382e-29
1.39651e-13
0
0
0
0
0
0
0
0
0
0
0
0
0
0
0
0
0
0
0
0
0
0
0
0
0
0
0
0
0
0
0
0
0
0
0
0
0
0
0
0
0
0
0
0
0
0
0
0
0
0
0
0
0
0
0
0
0
0
0
0
0
0
0
0
0
0
0
0
0
0
0
0
0
0
0
0
0
-2.74753e-15
0
0
0
0
0
0
0
0
0
0
0
0
0
0
0
0
0
0
0
0
-3.81307e-16
0
0
0
0
0
0
0
-2.945e-17
2.2631e-16
0
0
0
0
0
0
0
0
0
0
0
0
2.46093e-14
0
4.6638e-14
4.48366e-14
0
0
0
0
0
0
0
0
0
0
0
0
0
0
0
0
0
5.00237e-16
0
0
0
0
0
0
0
0
0
0
0
0
0
0
0
0
0
0
0
0
0
0
0
0
0
0
0
0
0
0
0
0
0
1.99962e-16
0
0
0
0
0
0
0
0
0
0
0
0
0
0
3.91226e-14
-2.7339e-14
0
0
0
0
0
0
0
0
0
0
0
0
0
0
0
0
0
-6.96674e-16
9.90449e-17
0
0
0
0
0
0
0
0
0
0
0
0
0
0
0
0
0
0
0
0
0
0
0
0
0
0
0
-7.06158e-16
0
0
0
0
0
0
0
0
0
0
5.82177e-15
0
1.72833e-14
0
0
0
0
0
0
0
0
0
0
0
6.12762e-17
-3.96815e-17
0
0
0
0
0
0
-6.59497e-14
0
0
0
-6.63998e-15
0
0
0
0
0
0
0
0
0
0
0
0
0
0
0
0
0
0
-1.35311e-15
0
0
0
0
0
0
0
0
0
0
0
0
0
0
0
-1.83153e-14
0
0
0
0
0
0
0
0
0
0
0
0
0
0
0
0
0
0
0
0
0
0
0
0
0
0
0
0
0
0
0
0
0
0
0
0
0
0
0
0
0
0
0
0
0
0
0
0
0
0
0
0
0
0
0
0
0
0
0
0
0
0
0
0
0
-2.14707e-17
2.50377e-17
0
0
0
0
0
0
0
0
0
0
0
0
0
0
0
0
0
0
0
0
0
0
0
0
0
0
0
0
0
0
0
0
0
0
0
0
0
0
0
0
0
0
0
0
0
0
0
1.37648e-14
2.12059e-14
7.58676e-15
1.27048e-15
0
0
0
0
0
0
0
0
0
0
0
0
0
0
0
0
0
0
0
0
0
0
0
0
0
0
0
0
0
0
0
0
0
0
0
0
0
0
0
0
0
0
0
0
0
0
0
0
0
0
0
0
0
0
0
0
0
0
0
0
0
0
0
0
0
0
0
0
0
0
0
0
0
0
0
0
0
0
0
0
0
0
0
0
0
0
0
5.18477e-16
0
0
-1.65778e-15
-3.45527e-14
0
0
0
0
0
0
7.11597e-15
0
6.96949e-14
0
0
0
0
0
0
0
0
0
0
0
0
0
0
0
0
0
0
0
0
0
0
0
9.31382e-16
-9.3068e-16
-1.65168e-15
-5.09827e-31
0
0
0
0
0
0
0
0
0
0
0
0
0
0
0
7.75686e-15
0
0
0
0
0
0
0
0
0
0
0
0
0
0
0
-1.03319e-15
0
6.84725e-17
0
0
0
0
0
0
0
0
0
0
0
0
0
0
0
0
0
0
4.57346e-17
0
0
0
0
0
0
0
0
0
0
0
0
0
0
0
0
0
0
0
0
0
0
0
-1.5978e-16
1.5092e-16
0
0
0
0
0
0
0
0
1.87909e-14
0
0
0
0
0
0
-8.35815e-16
0
0
0
0
0
0
0
-5.67505e-17
0
0
0
0
0
-2.26568e-16
0
0
0
0
0
0
0
0
-4.50619e-15
0
0
0
0
0
0
0
0
0
0
0
0
0
0
0
0
0
0
0
0
0
0
0
0
0
0
0
0
0
0
0
0
0
0
0
0
0
0
0
0
0
0
0
0
0
0
0
0
0
0
-2.31341e-18
1.0069e-15
0
0
0
9.76388e-16
0
0
0
0
0
0
0
0
0
0
0
0
0
0
0
0
0
0
0
0
0
0
0
0
0
0
0
0
0
0
0
0
0
0
0
0
0
0
0
0
0
0
0
0
0
0
0
0
0
0
0
0
0
0
0
0
0
0
0
0
0
0
0
0
0
0
0
0
0
0
0
0
-9.72906e-15
0
0
0
0
0
0
0
0
0
0
0
0
0
0
0
0
0
0
0
0
0
0
0
0
0
0
0
0
0
0
4.30148e-14
1.02765e-15
-5.19834e-16
0
0
0
0
0
0
0
0
0
0
0
0
0
0
0
0
0
0
0
0
0
0
0
0
0
0
0
0
0
-5.86879e-17
0
0
0
0
0
0
0
0
0
0
0
0
0
0
0
0
0
0
0
0
0
0
0
0
0
0
0
0
0
-1.81037e-14
0
0
0
0
0
0
0
2.34543e-14
-1.82396e-14
3.96082e-14
0
0
0
0
0
0
0
0
0
0
1.09455e-15
0
0
0
0
0
0
0
0
0
-2.05624e-16
8.53825e-16
0
0
0
0
0
0
0
0
0
0
0
0
0
0
-4.31687e-15
-1.77596e-14
0
0
0
0
0
0
0
0
0
0
0
0
0
0
0
0
0
0
0
0
0
0
0
0
1.71683e-15
0
0
0
0
0
0
0
0
-2.59443e-15
0
0
0
0
0
0
0
0
0
0
0
0
0
0
0
0
0
0
0
0
0
1.67485e-16
-5.84573e-17
0
0
0
0
0
0
0
0
0
0
0
0
0
0
0
0
-6.57862e-15
0
0
0
0
0
0
0
0
0
0
0
0
0
-3.78454e-15
0
0
0
7.76339e-17
-3.8567e-17
0
0
0
0
0
0
0
0
0
0
0
0
0
0
0
0
0
0
0
0
0
0
0
0
0
0
0
0
0
0
0
0
0
0
0
0
0
0
7.94932e-14
6.54582e-14
0
0
0
0
0
0
0
0
0
0
0
0
0
0
0
0
0
0
0
0
0
0
0
0
0
0
0
0
0
0
0
0
0
0
0
0
0
0
0
0
0
0
0
0
0
0
0
0
0
0
0
0
0
0
0
0
0
0
0
0
0
0
0
0
-4.45257e-16
0
0
0
0
0
0
0
0
0
0
0
0
0
0
0
0
0
8.57776e-17
0
0
0
0
0
0
0
0
0
0
1.59202e-14
-1.1699e-14
0
0
0
0
0
1.33667e-15
7.9718e-16
0
0
0
0
0
0
0
0
0
0
0
0
0
0
0
0
0
0
0
0
2.76664e-16
0
0
0
0
0
0
0
0
0
0
0
0
0
0
0
0
0
0
0
0
0
0
0
0
0
0
0
0
0
0
0
0
0
0
0
0
0
0
0
0
0
0
0
0
0
0
0
0
0
0
0
0
0
0
0
0
0
0
0
0
0
0
0
0
0
0
0
0
0
0
0
0
0
0
0
0
0
0
5.68041e-17
0
0
0
0
0
-2.76767e-16
0
0
0
0
0
0
0
0
0
0
0
0
0
0
-1.26458e-15
-1.653e-15
0
0
0
0
0
0
0
0
0
0
0
-3.48063e-16
-1.30034e-15
0
0
0
0
0
0
0
0
0
0
0
0
1.45444e-14
-6.38057e-15
0
0
0
0
0
0
0
0
0
0
0
0
0
0
0
0
0
0
1.54788e-16
0
0
0
0
0
0
0
0
0
0
0
0
0
0
0
0
0
0
0
0
0
0
0
0
0
0
0
0
0
0
0
0
0
0
0
0
0
0
0
0
0
0
0
0
0
0
0
0
-6.06767e-17
0
0
0
0
0
0
0
0
0
0
0
0
0
0
0
0
0
0
0
0
0
0
0
0
0
0
0
0
0
0
0
0
0
0
0
0
0
0
0
-1.01487e-15
3.80668e-16
0
0
-2.39791e-17
0
0
0
0
0
0
0
0
0
0
0
0
0
0
0
0
0
0
0
0
0
0
0
0
0
0
0
0
0
0
0
0
0
0
0
0
0
0
0
0
0
0
0
0
0
0
0
0
0
0
0
0
0
0
0
0
0
0
0
0
0
0
0
0
0
0
0
0
0
0
0
0
0
0
0
0
0
0
0
0
0
0
0
0
0
0
0
0
0
0
0
0
0
0
0
0
0
0
0
0
0
0
0
0
0
0
0
0
0
0
0
0
0
0
0
0
0
0
0
0
0
0
0
0
0
-2.60404e-14
1.46358e-14
0
0
0
0
0
0
0
0
0
0
0
0
0
0
0
0
0
0
0
0
0
0
0
0
0
0
0
0
0
-8.76334e-16
0
1.15274e-15
0
0
0
0
0
0
0
0
0
0
0
0
0
0
0
0
0
0
0
0
0
0
0
0
0
0
0
0
0
0
0
0
0
0
0
0
0
0
0
0
0
0
0
0
0
1.80002e-15
0
0
0
0
0
0
0
0
0
0
0
0
0
0
0
0
0
0
0
0
0
0
0
0
1.46392e-16
-1.43872e-16
-9.48798e-17
0
0
0
0
2.53105e-15
0
0
0
0
0
0
0
0
0
0
0
0
0
0
0
0
-5.4907e-17
0
0
0
0
0
0
0
0
0
0
3.7791e-17
2.52126e-16
0
0
0
0
0
0
0
0
0
0
0
0
0
0
0
0
0
0
0
0
0
0
0
0
0
0
0
0
0
0
0
0
0
0
0
0
2.1641e-16
-2.19667e-16
0
0
0
0
0
0
0
0
0
0
0
0
0
0
0
0
0
0
0
0
9.31821e-16
0
6.27362e-16
0
0
0
0
0
0
0
0
0
0
0
0
0
0
0
0
0
0
0
0
0
0
0
0
0
0
0
0
0
0
0
0
0
0
0
0
0
5.07836e-31
8.41064e-17
-2.42384e-16
0
0
0
0
0
0
0
0
0
0
0
0
0
0
0
0
0
0
0
0
0
0
0
0
0
0
0
0
0
0
0
0
0
0
0
0
0
0
0
0
0
0
0
0
0
0
0
0
0
0
0
0
0
0
0
0
0
0
0
0
0
0
0
0
0
0
0
0
0
0
0
0
0
0
0
0
5.46946e-15
0
0
0
0
0
0
-3.6439e-15
0
0
0
0
0
0
-4.46982e-15
-5.57388e-14
0
0
0
0
0
0
-9.86693e-16
0
0
0
0
0
0
0
0
0
0
0
0
0
0
0
0
0
0
0
0
-2.24437e-14
-3.08518e-14
0
-1.40443e-16
1.13521e-15
0
0
0
0
0
0
0
0
0
0
0
0
0
0
0
0
0
0
0
-1.70848e-14
2.23089e-14
0
0
0
0
0
0
0
0
0
0
0
0
0
0
0
0
0
0
0
0
0
0
0
0
0
0
0
0
0
0
0
0
0
0
0
0
-9.36018e-16
4.49402e-16
0
0
0
0
0
1.34637e-16
-5.7056e-14
-2.17269e-15
1.69682e-13
0
0
0
6.40517e-16
4.52826e-14
0
0
0
0
0
0
0
0
0
0
0
0
0
0
0
0
0
0
0
0
0
0
0
1.37585e-17
0
0
0
0
0
0
0
0
0
0
0
-6.69239e-16
0
0
0
0
0
0
0
0
1.35019e-16
-1.46093e-16
0
0
0
0
0
0
0
0
-4.48447e-17
0
0
0
0
0
0
0
0
0
0
0
0
0
0
0
0
0
0
0
0
0
0
0
6.72479e-17
-5.68763e-17
0
0
0
-8.9671e-15
0
-7.2802e-14
0
0
0
0
0
-4.72736e-16
0
0
0
0
0
0
0
0
0
0
0
0
0
-1.60389e-15
0
0
0
0
0
0
-3.43865e-15
3.99822e-16
0
0
0
0
0
0
0
0
0
0
0
-5.98312e-17
0
0
0
0
0
0
0
0
0
0
0
0
0
0
0
0
0
0
0
0
0
0
0
0
0
-1.36096e-16
0
0
0
0
0
0
-5.79642e-15
0
0
0
0
0
0
0
0
0
0
0
0
0
0
0
0
0
0
0
0
0
0
0
0
0
0
0
0
0
0
0
0
0
0
0
0
0
0
0
0
0
0
0
0
3.64383e-15
-9.65071e-15
0
0
0
0
0
0
0
0
0
0
0
0
0
0
0
0
0
0
0
0
0
0
0
-7.4877e-15
0
5.3098e-14
2.09328e-14
0
0
0
0
0
0
0
0
0
0
-5.67223e-15
0
0
1.29315e-14
9.03845e-15
0
-1.54902e-16
0
0
0
0
0
0
1.14271e-14
0
0
0
0
0
0
0
0
0
0
0
0
0
0
-5.41731e-16
0
0
0
0
0
0
0
0
0
0
0
0
0
0
0
0
0
0
0
0
0
0
5.22977e-14
0
0
0
0
0
0
0
0
0
0
0
0
0
0
0
0
0
0
0
0
0
0
0
0
0
0
0
0
0
0
0
0
0
0
0
0
0
0
0
0
0
0
0
0
0
0
-1.44475e-14
0
1.18418e-18
0
0
0
0
0
0
0
0
0
0
0
0
0
0
0
0
0
0
0
0
0
0
0
0
0
0
0
0
0
0
0
0
0
0
0
7.27605e-17
0
0
0
0
0
0
0
0
0
0
0
0
0
0
0
0
0
0
0
0
0
0
0
0
0
0
0
0
0
0
0
0
0
0
0
-7.03446e-17
0
2.09021e-16
0
0
0
0
0
0
0
0
0
0
0
0
0
0
0
0
0
0
0
0
0
0
0
0
0
0
0
0
0
0
0
0
0
0
0
0
0
0
0
-1.92341e-15
0
0
0
0
0
2.81636e-14
0
0
0
0
0
0
0
3.92674e-16
0
0
0
0
0
3.81948e-16
-1.29517e-16
0
0
0
0
0
0
0
0
0
0
0
0
0
0
0
0
0
0
0
-1.7066e-16
0
0
0
0
0
0
0
0
0
0
0
0
0
0
0
0
0
0
5.32935e-14
0
0
0
0
0
0
0
0
0
0
0
0
0
0
-1.09167e-15
0
0
1.856e-14
6.96145e-17
0
0
0
0
0
0
0
0
0
0
0
0
0
0
0
0
0
0
0
0
0
0
0
0
0
0
0
0
0
0
0
0
0
0
0
0
0
0
0
0
0
0
0
0
0
0
0
0
0
0
0
0
0
0
0
0
0
0
0
0
0
0
0
0
0
0
0
0
0
0
0
0
0
0
0
0
0
0
0
0
0
0
0
0
0
0
0
0
0
0
0
0
2.9733e-15
0
0
0
0
0
0
0
0
0
0
0
0
0
0
0
0
0
0
0
-3.58219e-14
0
0
0
0
0
0
0
0
0
1.67311e-15
0
0
0
0
0
0
-2.89019e-14
1.86027e-14
0
0
0
0
0
0
0
0
0
1.43361e-16
0
0
0
0
0
0
0
0
0
0
0
0
0
0
0
0
0
0
0
0
0
0
0
0
0
0
0
0
0
0
0
0
0
4.41656e-16
0
0
0
0
0
0
0
0
0
0
0
0
0
0
0
0
0
0
0
0
0
0
0
0
0
0
0
0
-3.33925e-16
0
0
0
0
0
0
0
0
0
0
0
0
0
0
0
0
0
0
-4.48539e-14
-1.27246e-14
0
0
0
0
0
0
0
0
0
0
0
0
0
0
0
0
0
0
1.78663e-15
0
0
0
0
0
0
0
-3.56062e-14
-3.40761e-14
3.18538e-14
0
0
0
-3.32888e-16
-5.33055e-17
0
0
0
0
0
0
0
0
0
0
0
0
-6.69985e-16
0
0
0
0
0
0
0
0
0
0
0
0
0
5.87278e-16
0
0
0
0
0
1.90052e-14
0
0
0
0
0
0
0
0
0
0
0
0
0
0
0
0
0
0
0
0
0
0
0
0
0
0
0
0
0
0
0
0
0
0
0
0
0
0
0
0
0
0
0
0
1.30814e-17
0
0
0
1.35337e-15
2.3366e-14
0
0
0
0
0
0
0
0
0
0
0
0
0
0
0
0
0
0
0
0
0
0
0
0
0
0
0
0
1.22134e-18
0
0
0
0
0
0
0
-1.87656e-16
0
0
0
0
0
0
-3.54426e-14
0
0
0
0
0
0
0
0
0
0
0
0
0
0
0
0
-3.47685e-14
-1.04752e-14
0
0
0
0
0
0
0
0
0
0
0
0
0
0
0
0
0
0
0
0
0
-3.0764e-16
3.44762e-17
0
0
0
0
0
0
0
0
0
0
0
0
0
0
0
0
0
0
0
0
0
0
0
0
0
0
0
0
0
0
0
-2.4833e-18
0
0
0
0
0
0
-4.62611e-15
0
0
0
0
0
0
0
-1.12036e-15
-4.99027e-16
0
0
0
0
0
0
0
0
0
0
0
0
0
0
0
0
0
0
0
0
-7.75667e-15
0
0
0
0
0
0
0
0
0
0
0
0
-1.02687e-17
0
-3.57639e-16
0
0
-1.35465e-15
0
0
0
0
0
0
0
0
0
0
0
0
0
0
0
0
0
0
0
0
0
0
0
0
2.14935e-16
-8.7785e-17
0
0
0
0
-6.00072e-19
1.08346e-17
0
0
0
0
0
0
0
0
0
0
0
0
0
0
0
2.35068e-15
-2.01356e-14
0
0
-2.70319e-15
0
0
0
0
0
0
0
0
0
0
0
0
0
0
0
0
0
0
0
0
0
0
0
0
0
0
0
0
0
0
0
0
0
0
0
0
0
0
0
0
0
0
0
0
0
0
0
0
0
0
0
0
7.66168e-16
5.10865e-16
0
0
0
0
0
0
0
0
0
0
0
0
0
0
0
0
0
-2.46293e-14
0
0
0
0
0
0
0
0
0
-4.99727e-16
0
0
-2.54529e-14
-1.23431e-14
0
0
0
2.24983e-14
0
0
0
0
0
0
0
0
0
0
0
0
0
0
0
0
0
0
0
0
0
0
0
2.4306e-14
0
0
0
0
0
0
0
0
0
0
0
0
-1.398e-14
0
0
0
1.4733e-16
-2.98371e-17
0
0
0
0
0
0
0
0
0
0
0
0
0
0
0
0
0
0
0
0
0
0
0
0
0
0
-1.08853e-14
-1.77515e-16
0
0
0
0
0
0
1.47274e-14
0
0
0
4.45608e-14
0
0
0
0
0
-3.62926e-14
0
0
0
0
0
-9.2219e-15
0
0
0
0
0
0
0
0
0
0
0
0
0
0
0
0
0
0
-4.40392e-15
0
0
0
0
0
0
0
0
0
0
0
0
0
0
0
0
0
0
0
0
0
0
0
0
0
0
0
0
0
0
0
0
0
0
0
0
0
0
0
0
0
0
0
0
0
-1.2133e-13
4.02928e-15
0
0
0
0
0
0
0
0
-3.67873e-19
0
0
0
0
0
0
-6.45884e-15
0
0
0
0
0
0
0
7.72782e-17
0
0
0
0
0
0
0
0
0
0
-4.73848e-14
0
0
0
0
0
0
0
0
0
0
0
-1.12083e-14
0
0
-6.5003e-29
0
0
-7.1436e-15
0
0
0
0
0
0
0
0
0
0
0
0
0
0
0
0
0
0
0
0
0
0
0
-1.11084e-14
-4.6598e-14
0
0
0
0
0
0
0
0
0
0
0
0
0
0
0
0
0
0
0
0
0
0
0
-1.45197e-15
0
0
0
0
0
0
0
0
0
0
0
0
0
0
0
0
0
0
0
0
0
0
0
0
0
0
0
0
0
0
0
0
0
0
0
0
0
0
0
0
0
0
0
0
0
0
0
0
0
0
0
-3.5427e-16
0
0
0
0
3.25015e-29
3.32727e-14
0
0
0
6.07393e-14
0
0
0
0
-8.12005e-14
0
0
0
0
0
0
0
-3.8522e-16
3.65184e-14
-3.91284e-14
0
0
0
0
0
4.14164e-14
0
0
-2.81877e-15
0
0
0
0
0
0
0
0
-3.4006e-17
1.92918e-16
0
-7.36702e-14
0
0
0
0
0
0
0
0
0
-7.00249e-17
0
0
0
0
0
0
3.91547e-28
0
0
0
-7.60765e-14
0
0
0
0
0
5.8774e-14
0
0
0
0
0
0
0
0
0
0
0
0
0
0
0
0
0
0
0
0
0
0
0
0
-1.77143e-15
0
0
-8.20703e-17
-5.80717e-17
0
0
0
0
-3.09853e-15
-1.13576e-14
0
0
0
-4.5107e-16
0
0
0
0
0
0
0
0
8.04393e-14
0
0
0
0
0
0
0
0
-1.73341e-29
0
0
0
0
0
0
0
0
0
0
0
0
0
0
0
0
0
0
0
0
0
3.12546e-17
0
0
0
0
0
0
7.07385e-15
0
0
0
0
6.9228e-16
0
0
0
0
0
0
0
0
0
0
0
0
0
0
0
0
0
1.13168e-14
3.71098e-15
0
0
0
0
0
0
0
-5.08535e-15
0
0
0
0
0
1.18433e-15
0
0
0
0
0
0
0
0
8.268e-17
-4.47202e-16
0
0
0
0
0
0
0
0
-1.29152e-14
0
0
0
0
0
0
0
-1.53224e-14
0
0
0
0
0
0
2.3979e-17
1.90282e-16
0
0
-1.79471e-15
0
0
0
0
0
0
0
0
0
0
0
0
0
0
0
0
0
0
0
0
0
0
0
0
0
8.46411e-16
-1.26546e-13
0
0
0
0
0
0
0
0
0
0
0
0
0
0
0
0
0
-1.14056e-17
2.0936e-16
0
0
0
0
0
0
0
0
0
1.86942e-15
0
0
0
0
0
0
0
-4.96132e-14
0
0
-3.67545e-14
0
0
0
0
4.79544e-14
-1.77938e-14
0
0
-3.14801e-14
0
0
0
0
0
0
0
0
0
0
0
0
0
0
0
0
0
0
0
0
0
0
0
0
0
0
0
0
0
0
0
0
0
0
0
0
0
0
0
0
0
0
0
0
0
0
0
0
0
0
0
0
0
0
0
0
0
0
0
0
0
0
0
0
0
0
0
0
0
0
0
0
0
0
0
0
0
0
0
0
0
0
0
1.30006e-28
0
0
-1.76697e-15
9.89362e-16
2.37297e-18
-4.61047e-16
0
0
3.28839e-29
0
0
0
0
0
0
0
0
-5.02552e-16
-2.44994e-15
0
0
0
0
0
0
-2.57348e-14
0
0
-8.90334e-15
0
-3.96143e-08
-3.96143e-08
-3.61249e-08
-4.31037e-08
-4.28208e-08
-3.64079e-08
-5.05664e-08
-2.86623e-08
-4.72319e-08
-3.19968e-08
-3.80296e-08
-4.1199e-08
-3.712e-08
-4.21087e-08
-4.75934e-08
-3.16353e-08
-3.84564e-08
-4.07723e-08
-4.88181e-08
-3.04105e-08
-3.96143e-08
-3.96143e-08
-3.96143e-08
-3.96143e-08
-3.94165e-08
-3.98121e-08
-5.08167e-08
-2.8412e-08
-4.05595e-08
-3.86692e-08
-4.59053e-08
-5.06253e-08
-2.86033e-08
-4.51358e-08
-3.40929e-08
-4.35053e-08
-3.57234e-08
-3.24145e-08
-4.68142e-08
-3.96143e-08
-4.69929e-08
-3.22358e-08
-4.0438e-08
-3.87907e-08
-3.96143e-08
-3.96143e-08
-3.79242e-08
-4.13045e-08
-4.00763e-08
-3.91524e-08
-4.8157e-08
-3.10717e-08
-3.41124e-08
-4.51163e-08
-3.53345e-08
-4.38942e-08
0
0
0
0
0
0
0
0
0
0
0
0
-1.47377e-16
0
0
0
0
0
0
0
0
-3.44464e-16
8.24025e-16
0
0
0
0
0
0
0
0
0
0
0
0
0
0
0
0
0
0
-6.85741e-15
0
0
0
0
0
0
0
0
0
0
0
0
0
0
0
0
0
0
0
1.23647e-14
0
0
0
0
0
0
0
0
0
2.61026e-16
-1.60702e-15
0
0
0
0
0
0
0
0
0
0
0
0
0
0
0
0
0
0
0
0
0
0
0
0
0
0
0
0
0
0
0
0
0
0
0
0
0
0
-2.75838e-16
0
0
5.98701e-16
0
0
0
0
0
0
0
0
0
0
0
0
0
0
0
0
0
0
-2.35908e-14
0
0
-1.59371e-15
0
-1.17788e-14
0
0
0
0
0
0
-3.18867e-08
-4.7342e-08
-3.1957e-08
-4.72717e-08
-3.96587e-08
-3.957e-08
0
0
0
0
0
-3.62495e-08
-4.29792e-08
0
-5.13795e-08
-2.78492e-08
2.04656e-16
0
-5.00221e-14
0
0
0
4.089e-14
0
0
-4.01656e-08
-3.90631e-08
-3.96143e-08
-3.96143e-08
0
0
0
0
0
-2.03433e-30
-3.94388e-14
0
0
0
0
0
0
0
0
0
-4.09221e-08
-3.83065e-08
0
0
0
0
0
0
0
-4.22498e-08
-3.69789e-08
-3.77312e-08
-4.14974e-08
0
0
0
0
-3.52119e-08
-4.40168e-08
0
0
0
0
0
0
0
0
0
0
0
0
0
0
0
0
0
0
0
0
0
0
0
1.53518e-14
0
0
-4.69768e-08
-3.22519e-08
0
0
-2.35461e-16
0
0
0
0
0
-3.96143e-08
-3.96143e-08
0
0
0
0
0
0
0
-3.92196e-08
-4.00091e-08
-4.23774e-08
-3.68513e-08
0
0
0
-3.62542e-08
-4.29745e-08
0
0
0
0
-4.49958e-08
-3.42329e-08
0
0
-4.75205e-08
-3.17081e-08
0
3.90103e-14
1.64419e-29
0
5.49309e-16
5.22851e-16
0
0
0
0
0
0
0
0
-4.02873e-08
-3.89414e-08
0
0
0
0
0
0
0
0
0
0
0
0
0
0
0
0
0
-3.8591e-08
-4.06377e-08
0
0
0
0
-4.15182e-08
-3.77104e-08
0
-3.91973e-08
-4.00314e-08
2.03293e-18
0
0
0
0
0
0
0
-5.05915e-08
-2.86372e-08
-3.59541e-08
-3.8144e-08
-4.10847e-08
-3.96143e-08
-3.96143e-08
-3.63645e-08
-4.28641e-08
-3.96143e-08
-3.96143e-08
-3.94287e-08
-3.98e-08
0
0
0
0
0
0
0
-6.30733e-15
0
0
0
0
0
0
0
0
0
0
0
-3.96143e-08
-3.96143e-08
0
-3.87893e-08
-4.04394e-08
-4.0536e-08
-3.86926e-08
0
0
0
8.99129e-15
0
0
-4.38667e-08
-3.5362e-08
0
0
-3.34631e-08
-4.57655e-08
-3.96143e-08
-3.96143e-08
0
0
0
-2.1928e-14
0
0
-3.89042e-08
-4.03245e-08
0
0
0
0
0
0
-3.34583e-14
-4.49668e-08
-3.42618e-08
0
0
0
0
0
0
0
0
0
0
1.59745e-15
-3.96143e-08
-3.96143e-08
0
0
-4.30855e-08
-3.61432e-08
7.31415e-15
-7.86512e-14
-3.69149e-15
0
0
0
0
0
0
-4.95985e-08
-2.96302e-08
0
5.51901e-15
0
-3.96143e-08
-3.96143e-08
1.4124e-14
-3.96143e-08
-3.96143e-08
0
-4.82662e-08
-3.09625e-08
0
0
-3.12199e-16
0
0
0
0
-5.93589e-08
-5.8922e-08
5.8922e-08
6.52084e-08
-6.52084e-08
-7.2297e-08
7.2297e-08
7.50199e-08
-7.50199e-08
0
-3.57901e-14
0
1.09747e-14
0
0
0
0
0
0
0
0
0
0
0
-7.32192e-17
0
0
0
0
0
0
0
0
0
0
0
0
-4.88594e-08
-3.03693e-08
0
0
0
0
0
0
0
0
0
0
0
0
0
0
0
-3.96143e-08
-3.96143e-08
0
0
0
0
-5.80339e-15
0
0
0
0
0
0
-3.7246e-08
-4.19827e-08
0
0
0
0
0
0
0
0
-1.36651e-14
0
0
0
-4.43745e-08
-3.48541e-08
0
0
0
-5.43874e-08
-2.48413e-08
0
0
0
0
0
0
0
0
0
0
0
0
0
0
-1.36797e-14
0
0
0
-4.3652e-08
-3.55767e-08
0
1.4151e-14
3.37993e-14
0
0
0
0
0
6.19297e-14
0
0
0
0
-3.80868e-08
-4.11418e-08
-4.98778e-08
-2.93509e-08
0
-2.88321e-14
0
0
-4.0557e-08
-3.86717e-08
0
0
0
0
0
0
0
-4.52391e-08
-3.39896e-08
0
0
0
0
0
0
0
0
0
0
0
0
0
0
0
-2.63274e-14
-1.02286e-16
-3.71121e-08
-4.21166e-08
0
0
0
0
0
0
0
0
0
0
0
0
0
0
0
0
0
-4.01751e-08
-3.90536e-08
-3.96143e-08
-3.96143e-08
0
-4.01905e-08
-3.90381e-08
0
0
0
0
0
0
0
0
0
0
0
0
0
0
0
0
0
0
0
0
0
0
0
0
0
-4.57848e-14
0
0
0
0
0
2.33099e-15
0
0
0
0
0
0
0
0
0
0
0
0
0
0
0
0
-2.36723e-16
-1.38167e-16
0
0
0
0
0
0
0
0
0
0
0
0
0
0
0
8.71308e-14
0
0
0
0
0
0
0
0
0
0
0
-3.31733e-17
0
0
0
0
0
0
0
0
0
0
0
0
0
0
0
0
0
0
0
0
0
0
0
0
0
0
0
0
0
0
0
0
0
1.8554e-14
-9.42613e-17
0
0
0
0
0
-3.96143e-08
-3.96143e-08
0
0
0
0
0
0
0
0
0
0
0
0
0
0
0
0
0
0
0
0
0
0
0
0
0
0
0
0
0
0
0
0
0
0
0
0
0
0
1.63488e-15
0
0
0
8.16687e-16
0
0
0
0
0
0
0
0
0
0
0
-4.29111e-08
-3.63176e-08
-4.05075e-08
-3.87212e-08
0
0
0
0
0
0
0
0
0
0
0
0
0
0
0
0
0
0
0
0
0
0
0
0
0
0
0
0
0
0
0
0
0
0
0
0
0
0
0
0
0
0
0
0
0
0
0
-2.25154e-14
-9.22705e-15
0
0
0
0
0
0
0
0
0
0
0
0
0
0
0
0
0
0
6.40518e-15
0
0
6.86159e-16
0
0
0
4.24914e-16
0
0
0
-3.27088e-17
0
0
-4.29043e-08
-3.63244e-08
0
0
0
0
0
0
0
0
0
0
0
0
0
0
0
0
0
0
0
0
0
0
0
0
0
0
0
0
0
0
0
0
0
0
0
0
0
0
0
0
0
0
0
0
0
0
0
0
0
0
0
0
0
0
0
0
0
0
0
0
0
0
0
0
0
0
0
0
0
0
0
0
0
0
0
0
0
0
0
0
0
0
0
0
0
0
0
0
0
0
0
0
0
0
0
0
0
0
0
0
0
0
-4.43779e-08
-3.48508e-08
0
0
0
0
0
0
0
0
0
0
0
0
0
0
0
0
-1.62909e-16
0
0
0
0
0
0
0
0
0
0
0
0
0
0
0
0
0
0
0
0
0
0
0
0
0
0
0
0
0
0
0
0
0
0
0
0
0
0
0
0
-2.05916e-16
1.58908e-15
0
0
0
0
0
0
0
0
0
0
0
-1.81095e-14
-1.27461e-31
0
0
0
0
0
0
0
0
0
0
0
0
0
0
0
0
0
0
0
0
0
0
0
0
0
0
0
0
0
0
0
-3.03763e-14
-4.11125e-08
-3.81162e-08
0
0
0
5.72079e-17
0
0
0
0
0
3.90313e-14
0
0
3.77061e-17
9.2548e-17
0
0
0
-9.19563e-15
0
1.26446e-18
4.03487e-16
0
0
0
0
0
0
0
0
0
0
0
0
0
0
0
0
0
0
0
0
0
0
0
0
-5.89203e-17
0
0
0
0
0
0
0
0
0
0
0
0
0
0
0
0
0
0
0
0
0
0
0
0
0
-4.48339e-14
0
0
0
0
0
0
0
0
0
0
0
0
0
0
0
0
0
0
0
0
0
0
0
0
0
-8.70124e-15
0
0
0
0
0
0
0
0
0
0
0
0
0
0
0
0
0
0
0
0
0
0
4.67861e-14
0
0
0
0
0
0
0
0
0
0
0
0
0
0
1.32895e-14
7.85911e-14
0
1.08556e-16
3.39286e-15
1.78039e-14
-1.64329e-14
-1.14894e-14
0
0
0
2.24533e-16
0
0
0
0
0
3.69734e-17
0
0
0
0
0
0
0
-6.7394e-08
6.7394e-08
-3.96143e-08
-3.96143e-08
0
0
0
0
0
0
0
0
0
0
0
0
2.62016e-18
2.17621e-15
0
0
0
-4.2277e-08
-3.69517e-08
0
0
0
0
0
0
0
0
0
0
0
0
-7.03293e-15
0
0
0
0
0
0
0
0
0
0
0
0
0
0
0
0
0
0
0
0
0
0
3.30712e-14
-1.56394e-14
0
0
-6.10701e-15
-1.67772e-15
0
0
0
0
0
0
0
0
2.80014e-16
0
0
-3.65198e-15
0
0
0
0
0
0
0
0
0
0
0
0
0
0
0
0
0
0
0
0
0
0
0
0
0
0
-2.80728e-16
0
0
0
0
0
2.34522e-15
3.75239e-15
0
0
0
0
0
0
0
0
0
0
0
0
0
0
0
0
0
0
0
0
0
0
-2.94268e-15
5.84258e-15
0
0
0
-4.24631e-15
0
0
0
0
0
0
0
0
0
0
0
0
1.15488e-14
0
0
0
-1.80397e-15
6.04044e-16
0
0
0
0
0
0
0
-7.84308e-08
7.84308e-08
7.96396e-08
-7.96396e-08
0
0
0
0
6.58993e-08
-6.58993e-08
0
0
0
0
0
0
0
0
0
0
0
0
0
0
0
-4.28599e-15
0
0
0
0
0
0
0
0
0
0
0
0
0
0
0
0
0
0
0
0
0
0
0
0
0
0
0
0
0
0
0
0
0
0
0
0
0
0
0
0
0
0
0
0
0
0
0
0
0
0
0
0
0
0
0
0
0
0
0
0
0
0
0
0
0
0
7.1744e-08
-7.1744e-08
0
3.58564e-14
0
0
0
0
0
0
0
0
0
0
0
0
0
0
0
0
0
0
0
-9.26498e-16
0
0
0
0
0
0
0
-4.33806e-08
-3.58481e-08
0
0
0
0
0
0
0
0
0
0
0
0
0
0
0
0
0
0
0
0
0
0
0
0
0
0
0
0
0
0
0
2.00441e-14
-3.89197e-15
0
2.6645e-15
0
0
0
0
0
-2.52575e-16
2.6468e-17
0
0
0
0
1.59622e-14
0
0
0
0
0
0
0
0
0
0
0
3.60099e-15
2.00118e-15
0
0
0
0
0
0
0
0
0
0
0
0
0
0
0
0
0
0
0
0
0
0
0
0
0
0
0
0
0
0
0
0
5.56192e-16
0
0
0
0
-2.35058e-14
0
0
0
0
0
0
0
0
0
-3.96143e-08
-3.96143e-08
0
0
0
0
0
0
0
0
0
0
0
0
0
0
0
0
0
-3.26302e-08
-4.65985e-08
0
0
0
0
0
0
-6.82578e-15
-2.26447e-15
0
0
0
0
0
0
0
0
0
0
0
0
0
0
0
0
0
0
0
0
0
-4.55194e-16
0
0
0
-6.11714e-15
-1.08893e-15
0
0
0
1.21013e-14
-1.15152e-15
2.30277e-16
0
0
0
0
0
-7.61923e-18
0
0
0
0
0
0
0
0
4.02249e-16
0
1.85281e-15
6.37284e-32
0
0
0
0
0
0
0
0
0
0
0
0
0
0
0
0
0
0
0
0
0
0
0
0
0
0
0
2.99898e-17
0
0
0
0
0
0
0
0
0
0
0
0
0
0
0
0
-4.06539e-08
-3.85748e-08
3.43961e-16
0
0
0
0
0
-3.38608e-08
-4.53679e-08
0
0
0
0
0
-3.48499e-15
-1.18126e-16
0
0
0
0
0
0
0
0
0
0
0
0
0
0
0
0
0
0
0
0
0
0
0
0
0
0
0
0
0
0
0
0
0
0
0
-8.40893e-15
1.03092e-15
0
3.62054e-16
0
0
0
0
0
0
0
0
0
0
0
0
0
0
0
0
0
0
0
0
0
0
0
0
0
0
0
0
0
0
0
0
0
0
0
0
0
0
0
0
-4.18025e-15
0
0
0
0
0
0
0
0
0
0
0
0
0
0
0
0
0
0
6.97113e-08
-6.97113e-08
0
0
0
0
0
0
0
0
2.7274e-15
0
0
0
0
0
0
0
0
-8.71735e-16
0
0
0
0
0
0
0
0
0
8.97534e-15
-9.62749e-17
0
0
0
0
0
0
0
0
0
0
0
0
-3.02939e-16
0
0
0
0
0
0
0
0
0
0
0
0
0
0
0
0
0
0
0
0
0
0
0
0
0
0
0
0
0
0
0
0
0
0
0
0
0
0
0
0
0
0
0
0
0
0
0
0
0
0
0
-1.6037e-14
0
0
0
0
0
0
0
0
0
0
0
0
0
0
0
0
0
0
0
0
0
0
0
0
0
0
0
0
0
0
0
0
0
0
0
0
0
0
0
0
0
0
0
0
0
0
0
0
0
0
0
0
0
0
0
0
0
0
0
0
0
0
0
0
0
0
0
0
0
0
0
0
0
0
0
0
0
0
0
0
0
0
-1.2686e-14
0
0
0
0
0
0
0
0
0
0
0
0
0
0
0
0
0
0
0
0
0
0
0
0
0
0
0
0
0
0
0
0
0
0
0
0
0
0
0
0
0
0
0
0
0
0
0
0
0
0
0
0
0
0
0
0
0
3.38489e-14
0
0
0
0
0
-5.83699e-15
0
0
0
0
0
0
0
0
0
0
0
0
0
0
0
0
0
0
0
0
0
0
0
0
0
0
0
0
0
0
0
0
0
-2.05752e-15
0
0
0
0
0
0
0
0
0
0
0
0
0
7.18327e-15
0
0
0
0
0
0
0
0
0
0
0
0
0
0
0
0
0
0
0
0
-1.9736e-14
0
0
0
0
0
0
0
0
0
0
6.1525e-17
0
0
0
0
0
0
1.01567e-30
-9.99765e-15
0
0
0
0
0
0
0
0
0
0
0
0
0
0
0
0
0
0
0
0
0
0
0
0
0
0
0
0
0
0
0
0
0
0
0
0
0
0
4.80178e-16
0
0
0
0
0
1.69165e-16
0
6.0709e-17
0
0
0
0
0
0
0
0
0
0
0
0
0
0
0
0
0
0
0
-2.56298e-15
-1.3298e-15
0
0
0
0
0
0
0
0
0
0
0
0
0
0
0
0
0
0
0
0
0
0
0
0
0
0
0
0
0
0
0
0
0
-7.41217e-18
-3.57936e-15
0
0
0
0
0
0
0
0
0
0
0
0
0
0
0
0
0
0
0
0
0
0
0
0
0
-3.16202e-17
-7.03251e-08
7.03251e-08
0
0
-1.79742e-17
0
0
0
2.48985e-14
0
0
0
0
3.32761e-17
0
0
0
0
0
0
0
0
0
0
-2.459e-14
7.50962e-08
-7.50962e-08
0
1.27311e-16
0
0
-3.9163e-16
0
0
0
0
0
0
0
-1.75132e-14
0
0
0
0
0
2.31556e-16
0
0
0
0
0
0
0
0
0
0
0
0
0
0
0
0
0
0
0
0
0
0
0
5.70993e-17
-3.87194e-08
-4.05093e-08
-2.33905e-15
0
0
0
-6.85868e-14
0
0
0
3.41333e-16
2.15181e-15
0
0
0
0
0
0
0
0
0
0
0
0
0
0
0
0
0
0
0
0
0
0
0
0
0
0
0
0
0
0
0
0
0
0
0
0
0
0
0
0
0
0
0
0
0
0
-4.17476e-14
0
-1.44433e-15
0
0
0
0
0
0
0
0
0
0
0
0
0
0
-3.99869e-17
-3.59185e-08
-4.33102e-08
0
0
0
-5.15023e-16
0
0
0
0
0
0
0
0
0
0
0
0
0
0
0
0
0
0
0
0
0
0
0
0
0
0
0
0
0
0
0
0
0
0
0
0
0
0
0
1.25154e-14
-1.27565e-15
0
0
-9.43189e-16
0
0
6.35924e-08
-6.35924e-08
0
0
0
0
0
0
0
0
0
0
0
0
0
0
0
-1.46654e-15
0
0
0
0
-5.53982e-15
0
0
0
0
0
0
0
0
0
0
0
0
0
0
0
0
0
0
0
0
0
0
0
0
0
0
0
0
0
0
0
0
0
0
0
0
0
0
0
0
0
0
0
0
0
0
0
0
0
1.35477e-16
0
0
0
0
0
0
0
0
0
0
0
-2.2026e-17
0
0
0
0
0
0
0
0
0
0
0
5.74014e-17
0
0
-5.60762e-14
0
0
0
0
0
0
0
0
0
0
0
-2.18656e-16
-3.48773e-16
0
0
0
0
0
0
0
0
0
0
0
-3.48364e-14
0
0
0
0
0
0
0
0
0
0
0
0
0
0
0
0
0
0
0
0
0
0
0
0
0
0
0
0
0
0
0
0
0
0
0
0
0
0
0
-1.00802e-14
0
0
6.98105e-17
0
0
0
0
0
0
0
0
0
0
0
0
0
0
0
0
0
0
0
0
0
0
0
0
0
0
0
0
0
0
0
0
0
0
0
0
0
0
0
0
0
0
0
0
0
0
0
0
0
0
0
0
0
0
0
0
0
0
0
0
0
0
0
0
0
0
0
0
0
0
0
0
0
0
0
0
0
0
0
0
0
0
0
0
0
0
0
0
0
0
0
0
0
0
0
0
0
0
0
0
0
0
0
0
0
0
0
0
0
0
0
9.74257e-17
0
0
0
0
0
0
0
0
0
0
0
0
0
0
0
0
0
0
0
0
0
0
0
0
0
0
0
0
0
0
0
0
1.90703e-16
0
0
0
-1.92158e-15
0
0
0
0
-3.39316e-16
0
0
0
0
0
0
0
0
0
0
0
0
0
0
0
0
0
-1.69336e-14
0
0
0
0
0
0
0
0
0
0
0
0
0
0
2.54344e-16
0
0
0
7.83557e-17
0
0
0
0
0
0
0
0
5.86369e-17
0
0
0
0
0
0
0
0
0
0
0
0
0
0
0
0
2.60025e-17
0
0
-2.07752e-15
0
0
0
0
0
0
0
0
0
0
0
0
0
-4.48543e-08
-3.43744e-08
0
0
0
0
0
0
6.0221e-17
0
0
0
0
0
0
0
0
5.41486e-17
0
0
0
0
0
0
0
0
0
0
0
0
0
0
0
0
0
0
0
0
0
0
0
0
0
0
0
0
0
0
0
0
-4.42679e-16
9.54997e-16
0
0
0
0
0
0
0
0
0
0
0
0
0
0
0
0
0
0
0
0
0
0
0
0
0
0
0
0
0
0
3.37033e-16
0
-1.84195e-16
4.19917e-15
1.63053e-15
0
0
0
0
0
0
0
0
0
0
0
0
0
0
0
0
0
0
0
0
0
0
0
0
0
0
0
0
0
4.44236e-17
-2.18888e-17
0
0
0
0
0
0
0
0
0
0
0
0
0
0
-5.77857e-17
-1.03144e-16
0
0
0
-4.26502e-14
2.23453e-14
0
0
0
0
0
0
0
0
0
0
0
-3.77323e-15
3.48484e-18
0
0
0
0
0
0
0
0
0
-1.2236e-14
0
0
0
0
0
0
0
0
0
0
0
0
0
0
-5.52554e-17
4.32619e-16
0
0
0
0
0
0
0
0
0
0
0
0
0
0
0
0
0
0
0
0
0
0
0
0
0
0
0
0
0
0
0
1.90593e-15
4.31268e-15
0
0
0
0
0
0
0
0
7.30911e-15
0
0
0
0
0
-5.92468e-15
0
0
0
0
0
0
0
0
0
0
0
0
0
0
0
0
0
0
0
0
0
0
0
0
0
0
0
0
0
0
0
0
0
0
0
0
0
0
0
0
0
0
0
0
0
0
0
0
0
1.32186e-15
-5.95968e-16
1.04201e-16
0
0
0
0
0
0
0
0
-1.93023e-16
7.89032e-15
0
0
0
0
0
0
0
0
0
0
0
0
0
0
0
0
0
0
0
0
0
0
7.90736e-16
0
0
1.40744e-15
2.49423e-15
-9.62539e-15
-1.83613e-15
0
0
0
0
0
1.38087e-16
0
0
0
0
0
0
0
0
0
0
0
0
0
0
0
0
0
0
0
0
0
0
0
0
0
0
0
0
-9.37235e-17
0
0
0
0
-3.46121e-08
-4.46165e-08
0
0
0
0
1.73474e-16
-1.07936e-14
0
1.23715e-16
0
0
8.21059e-16
0
0
0
0
0
0
0
0
0
0
-5.41418e-14
0
0
0
0
0
0
0
0
0
0
1.57511e-15
0
0
0
-1.74235e-15
0
0
0
0
0
0
0
0
0
0
0
0
0
0
0
0
0
0
0
0
0
0
0
0
0
3.61665e-14
0
0
0
0
0
0
0
0
0
0
0
0
0
0
0
0
0
0
0
0
0
0
0
0
1.51753e-14
5.20844e-14
0
0
0
0
0
3.7276e-14
0
0
0
0
1.12575e-17
0
0
0
0
0
0
0
0
0
-3.66025e-16
0
0
0
0
0
0
0
0
0
0
0
0
0
0
0
0
0
0
0
0
0
0
0
0
0
0
0
-1.53081e-14
-5.09119e-15
0
0
0
0
0
0
0
0
0
0
0
0
0
0
0
0
0
0
0
0
5.89936e-17
0
0
0
0
0
0
0
0
0
0
0
0
7.56141e-15
0
0
0
0
0
0
0
0
0
0
0
0
0
0
0
0
0
0
0
0
0
0
0
0
-3.00202e-08
0
0
0
0
0
0
0
0
0
0
0
0
0
0
0
0
0
0
0
0
4.89082e-17
0
0
0
0
0
5.22125e-17
0
0
0
0
0
0
0
0
0
0
0
0
0
0
0
0
0
0
0
0
0
0
0
0
2.6421e-14
0
0
0
0
0
0
0
0
0
0
0
0
0
0
0
-1.45366e-15
0
0
0
0
0
0
0
-1.12053e-14
-1.06634e-17
0
0
0
0
0
0
0
0
0
0
0
0
0
0
0
0
0
0
0
0
0
0
2.87848e-15
0
0
1.69673e-16
0
0
0
0
0
0
0
0
0
0
0
0
0
0
0
0
0
0
0
0
0
0
0
0
0
-2.81182e-17
0
0
0
0
0
0
0
0
0
0
0
0
0
0
0
-9.09346e-16
9.536e-16
0
0
0
0
0
0
0
0
4.12484e-15
0
0
0
0
0
0
-5.57765e-16
-6.30593e-15
0
0
0
0
0
0
2.68123e-16
-6.19641e-16
0
-3.68556e-16
0
0
-4.41096e-15
0
0
0
0
0
0
0
0
0
0
0
0
0
3.85091e-16
2.27017e-16
0
0
0
0
0
0
0
0
0
0
0
0
0
0
0
0
0
-3.40117e-16
0
0
0
0
0
0
0
0
0
0
0
0
0
0
0
0
0
0
0
-4.16597e-16
0
0
0
0
0
0
0
0
0
0
0
0
0
0
0
0
0
0
0
0
0
0
0
0
0
-4.15916e-14
0
0
0
0
0
0
0
0
-4.45463e-15
0
0
0
0
0
0
0
0
0
0
0
0
0
0
0
0
0
0
0
0
0
0
0
0
0
1.6163e-17
0
0
0
0
0
0
0
0
0
0
0
0
0
0
0
0
0
7.31367e-08
0
3.8237e-30
0
0
0
0
0
0
0
0
0
0
0
0
0
0
0
0
0
0
0
0
0
0
0
5.69185e-17
0
0
0
0
8.12537e-30
0
0
0
0
0
0
-3.46082e-16
0
0
0
0
0
0
0
-1.80433e-15
-2.66075e-14
0
0
0
0
0
0
0
0
0
0
0
0
0
0
0
0
0
0
0
0
0
0
0
0
0
0
0
0
2.37757e-17
0
0
0
0
0
0
0
0
0
0
0
0
0
0
0
0
0
0
0
0
0
0
0
0
0
0
0
0
0
-1.75082e-16
0
2.52437e-16
0
0
0
0
0
0
0
0
0
0
0
0
0
0
0
0
0
0
0
0
0
0
0
0
2.92648e-08
0
0
0
0
0
0
0
0
0
0
0
0
0
0
0
0
0
0
7.7902e-17
0
0
0
0
0
0
2.31732e-14
0
0
0
0
0
0
0
0
0
0
0
0
-2.02828e-15
0
0
0
-4.32185e-14
0
5.07792e-14
2.18578e-16
0
0
0
0
0
0
0
0
0
0
0
0
0
0
0
0
0
6.26534e-17
0
0
0
1.79469e-17
6.66707e-16
0
4.50027e-14
0
0
0
0
0
0
0
0
0
0
0
0
0
0
0
0
0
0
0
0
0
0
3.0909e-16
0
0
-1.58336e-15
4.99639e-08
0
0
4.64751e-08
0
0
0
0
0
0
0
0
0
0
0
0
0
0
1.38252e-15
0
0
0
0
0
0
0
0
0
-6.63147e-16
0
0
0
0
0
0
0
0
0
0
0
4.16777e-16
0
0
0
-1.35865e-15
0
0
0
0
0
0
0
0
0
0
0
0
0
0
0
0
0
0
0
0
3.69332e-14
0
0
0
6.49794e-17
0
9.84054e-16
0
0
0
0
0
0
0
0
0
0
0
0
3.37421e-18
0
-1.85139e-15
-1.01708e-15
0
0
-4.21385e-16
-3.54436e-17
0
0
0
0
0
4.12198e-08
0
0
0
0
0
0
0
0
0
-6.66321e-18
0
0
0
0
0
0
0
0
0
0
-1.29331e-15
0
0
3.96143e-08
0
0
0
-1.07142e-16
-1.96389e-16
0
0
0
0
0
0
0
0
0
0
0
0
0
0
0
0
0
0
0
0
0
0
0
0
0
0
0
0
0
0
0
0
0
1.14867e-15
0
0
0
0
0
0
0
0
0
0
3.27536e-08
0
0
0
0
0
0
6.39251e-16
5.51867e-16
0
0
0
-3.96143e-08
0
0
0
0
0
0
0
-2.37379e-16
-2.39541e-17
0
2.04448e-15
0
0
0
0
0
0
0
0
0
0
0
0
3.66538e-16
5.04849e-31
0
0
0
0
-5.42772e-15
0
1.00974e-15
0
0
0
0
0
0
0
3.80089e-08
0
0
0
-1.85825e-17
0
0
0
0
0
0
0
0
0
0
0
0
0
0
0
0
0
0
0
0
0
0
0
0
0
0
0
0
0
-8.80147e-16
0
0
-2.96404e-15
-1.88718e-16
0
0
0
0
0
0
0
0
0
0
0
0
0
0
0
0
0
-2.27614e-16
0
0
0
0
-8.97551e-15
6.21012e-15
0
0
1.56148e-14
0
0
-6.0447e-15
0
0
0
0
0
0
0
0
0
2.78377e-15
0
0
2.20289e-14
0
0
0
0
0
0
0
0
0
0
0
0
0
0
0
0
0
0
0
0
0
6.28031e-17
0
0
0
0
0
0
0
0
0
0
0
3.57081e-16
0
0
0
0
0
0
0
0
0
0
0
0
0
0
0
0
0
0
0
0
3.96143e-08
0
0
0
0
0
0
0
0
0
0
0
5.06352e-15
0
0
0
0
0
0
0
0
0
0
0
0
0
0
0
0
0
0
2.57929e-16
3.16285e-17
1.14953e-16
-2.28847e-15
0
0
0
0
-5.09467e-16
0
0
0
0
0
0
0
0
0
0
0
0
0
0
0
0
0
0
0
0
0
0
0
0
0
2.78324e-14
0
0
-1.63196e-16
7.86276e-16
0
0
0
0
0
0
0
0
0
0
0
0
3.96143e-08
0
0
0
0
0
0
0
0
-4.07999e-15
0
0
0
0
0
0
0
0
0
0
0
0
0
0
0
0
4.65628e-17
0
0
0
0
0
0
0
0
0
0
2.92117e-14
0
0
0
0
0
0
-2.17032e-16
0
0
0
0
0
0
0
0
-1.28549e-14
0
0
0
0
0
0
0
0
8.49213e-17
-1.2901e-16
0
6.75151e-17
0
0
0
0
0
0
0
0
0
0
0
0
3.69649e-17
0
0
0
0
0
-6.71049e-17
7.5084e-16
0
0
0
0
0
-4.35449e-15
0
0
0
3.96211e-16
0
0
7.33603e-17
9.32786e-17
0
0
0
0
0
8.89384e-17
0
0
0
0
-2.21554e-16
0
0
0
0
0
0
-2.18468e-17
-4.29578e-17
0
0
4.80259e-08
0
0
0
0
0
0
0
3.64751e-08
0
0
0
0
0
0
0
0
0
0
0
0
0
0
-6.63185e-16
0
0
0
0
0
0
0
0
0
0
0
0
0
0
0
0
0
0
0
3.96143e-08
5.70668e-17
0
0
0
0
0
0
0
0
0
-7.4489e-16
-2.4088e-16
5.05597e-14
0
0
0
0
0
0
0
0
0
0
3.12028e-08
0
0
0
0
3.9782e-08
0
0
0
-3.74846e-17
0
0
0
0
-7.3799e-16
-3.39131e-16
0
4.05853e-08
0
0
0
0
0
0
0
0
0
0
0
-2.14695e-14
0
0
0
0
0
0
0
0
0
4.39962e-08
6.39833e-29
0
0
0
-3.27215e-17
0
4.27536e-08
3.94467e-08
0
0
0
0
-1.06288e-14
0
0
0
0
0
0
0
0
0
0
-8.25283e-30
0
0
0
-1.02165e-30
0
0
0
0
0
0
0
0
0
0
0
0
0
0
0
0
0
0
0
0
0
0
0
0
3.86433e-08
0
3.6025e-16
0
0
-1.14717e-15
-1.10319e-14
0
0
0
0
0
0
0
0
0
0
2.93435e-15
0
0
-1.24593e-15
0
0
0
0
0
-4.65422e-17
0
0
0
0
0
0
0
0
0
0
0
0
0
0
-6.96928e-16
0
0
0
0
0
0
-2.20782e-16
0
0
0
0
0
0
0
0
0
0
0
8.5474e-17
-2.94583e-16
0
0
0
0
0
0
0
0
0
0
0
0
0
0
0
0
0
0
0
0
0
0
0
0
0
0
0
0
0
0
0
0
0
0
0
0
0
0
0
0
0
0
0
0
0
0
0
0
0
0
0
8.10511e-17
0
0
0
0
0
0
0
0
0
0
0
0
0
0
0
0
0
0
0
1.82872e-16
0
-1.5318e-15
0
0
0
0
0
0
0
0
0
0
0
0
0
0
0
0
0
-5.72554e-18
0
0
0
0
0
0
0
0
0
0
0
0
0
0
0
0
0
0
0
0
0
0
0
0
0
0
0
0
-5.2461e-14
6.07019e-15
0
0
0
0
0
0
0
0
0
0
0
0
0
0
0
0
0
0
0
0
0
0
0
0
0
0
0
3.54586e-14
8.65851e-15
0
0
0
0
0
0
0
0
0
7.01212e-16
0
8.19217e-16
6.86923e-16
0
0
0
0
-6.97996e-17
4.93761e-17
0
0
0
4.25402e-15
0
0
0
0
0
8.36048e-16
0
0
0
0
0
0
0
0
0
0
0
0
0
2.11452e-17
0
0
0
0
0
0
0
0
0
0
0
0
0
0
0
0
0
-6.64113e-16
-5.63301e-16
0
0
0
0
0
0
0
0
0
0
0
0
0
0
3.69223e-08
0
0
0
0
0
0
0
0
0
0
0
0
0
0
0
1.74098e-15
0
0
0
0
0
0
0
0
0
-1.64419e-29
0
0
3.8762e-08
0
0
0
0
0
0
2.61851e-14
0
0
0
4.39958e-08
0
0
0
0
0
0
0
0
0
0
0
3.68782e-17
0
0
0
0
0
0
1.75315e-14
4.74613e-15
3.92175e-08
0
-7.54763e-16
0
0
0
0
0
0
0
0
0
0
0
0
0
-1.76412e-14
0
0
0
4.04667e-08
0
0
0
0
0
0
0
0
0
-4.31575e-16
0
0
0
0
0
0
0
0
0
0
0
0
0
0
0
0
0
0
0
0
0
0
0
0
0
0
-1.01555e-14
0
0
0
0
0
0
0
0
0
0
0
0
0
0
1.03142e-14
0
0
0
0
0
4.23064e-08
0
4.00112e-08
0
0
0
0
0
0
0
0
0
0
0
0
0
0
0
0
0
0
1.83008e-14
0
0
0
0
-4.25674e-15
-4.65222e-15
0
0
0
0
3.96143e-08
0
-6.88094e-15
0
0
0
0
0
0
0
0
0
0
0
0
0
0
0
0
0
0
0
0
0
0
0
0
0
0
0
3.88216e-08
1.70481e-16
0
0
0
0
0
0
0
0
0
-4.77314e-17
0
0
0
0
1.86771e-16
0
0
0
0
0
-1.66274e-14
-1.451e-16
0
0
0
0
0
0
0
0
0
0
0
0
0
0
0
0
0
0
0
3.63596e-19
3.52328e-08
0
0
0
0
0
0
0
-2.04321e-08
0
0
0
7.50225e-16
0
0
0
0
0
2.89148e-08
0
0
0
0
0
0
0
0
0
0
0
0
0
0
0
0
0
0
0
0
0
0
0
0
-1.82957e-16
0
0
0
-5.47795e-15
0
0
0
0
0
-9.94987e-16
7.42266e-15
0
0
0
0
0
0
0
0
0
0
0
0
0
0
0
0
0
0
0
0
0
0
3.96143e-08
0
0
5.25317e-08
0
0
8.82983e-15
0
0
0
0
0
0
0
0
0
0
0
0
0
0
0
0
0
0
0
-3.57501e-15
1.3414e-17
0
0
0
0
0
0
4.31147e-08
0
0
0
0
0
0
1.60911e-16
-3.25503e-16
0
0
0
0
0
4.57306e-16
5.24524e-14
-3.36143e-15
-1.94883e-15
-9.14375e-17
0
0
0
-4.72165e-17
-1.69326e-17
0
0
0
0
0
0
0
0
0
3.96143e-08
0
0
0
0
0
0
0
0
0
0
0
0
0
0
0
0
0
0
0
0
0
0
0
0
0
0
0
0
0
2.54386e-14
0
0
0
4.63085e-08
0
0
0
0
0
0
0
0
0
0
0
3.88441e-08
0
0
0
0
0
0
0
0
0
0
0
0
0
0
0
-5.44346e-08
-3.52325e-08
0
0
0
0
0
0
0
0
0
0
4.03915e-08
0
0
3.96143e-08
0
0
0
0
0
-1.11229e-16
0
0
0
0
0
0
0
0
0
0
0
0
0
-1.75105e-14
-2.34627e-14
0
0
0
0
0
0
0
0
3.97304e-08
-4.37736e-16
0
3.96143e-08
0
0
0
0
0
0
0
0
0
0
0
0
0
0
0
0
0
0
-2.67544e-15
3.37948e-14
0
0
0
0
0
0
0
0
0
0
0
0
0
0
0
0
0
0
0
0
0
0
0
0
0
0
0
0
0
0
0
0
0
0
0
0
0
0
0
0
0
0
0
0
0
0
0
2.03224e-14
0
0
0
0
0
0
0
1.11806e-17
0
0
0
0
0
0
0
0
0
0
3.94983e-08
0
0
0
0
0
3.16089e-16
0
-1.86599e-16
0
0
0
0
0
0
0
0
0
4.69594e-08
0
5.90479e-17
0
0
0
0
-3.56967e-17
0
0
5.04279e-08
0
0
0
0
0
0
0
0
0
0
0
-2.7408e-15
0
0
0
0
0
0
5.42644e-14
0
0
0
0
0
0
0
0
3.50645e-14
0
0
0
0
0
0
0
0
0
0
0
5.20862e-18
0
0
0
0
0
-2.88384e-17
0
0
0
0
0
0
0
0
0
0
0
0
0
0
0
0
0
0
0
0
5.72633e-15
0
2.65178e-14
0
0
0
0
0
0
0
0
0
0
0
0
0
0
0
0
0
2.54128e-15
0
0
0
1.98974e-15
1.99824e-15
0
0
5.02809e-16
0
0
0
0
0
0
0
0
0
0
0
0
0
0
0
0
0
0
0
0
3.89404e-15
2.01772e-16
-2.12149e-16
0
0
0
0
0
0
0
2.76846e-16
0
0
0
0
0
0
0
0
0
0
0
0
0
0
0
0
-3.7598e-16
0
0
0
0
0
0
0
0
0
0
0
0
0
0
0
0
0
0
0
0
0
0
0
0
0
0
0
0
0
0
0
2.34685e-16
0
0
0
0
0
0
0
0
0
0
0
0
0
3.91394e-16
0
0
0
0
0
0
-4.69594e-08
0
0
0
0
0
0
0
0
-5.33806e-17
-2.37045e-14
0
0
0
0
0
0
0
0
0
0
0
-5.04279e-08
0
0
0
0
0
0
0
0
0
0
-4.00467e-17
0
0
0
0
0
0
0
0
-2.5537e-16
0
0
0
0
0
0
0
0
-6.42263e-32
0
0
0
0
0
0
0
0
0
0
0
-1.66868e-15
0
0
0
0
0
0
6.8128e-17
-2.1859e-15
-6.47556e-15
0
0
0
0
1.66258e-14
5.44346e-08
2.46959e-15
0
0
0
0
0
0
0
3.93222e-14
0
0
0
0
0
0
0
0
0
0
0
0
0
0
0
0
0
0
0
0
0
0
0
0
0
0
0
0
0
0
0
4.27088e-15
1.29254e-15
0
0
0
0
0
0
0
0
0
0
0
0
0
0
0
0
0
0
0
2.41698e-14
3.14204e-15
0
0
0
0
0
0
0
0
0
0
0
0
0
0
0
0
0
0
0
0
0
0
0
0
1.99421e-15
0
0
0
0
0
-5.00137e-17
0
0
0
0
0
0
0
0
0
0
0
0
-3.40264e-17
0
0
0
0
0
0
0
0
0
0
0
0
0
-2.96641e-17
0
0
0
0
0
0
-2.87007e-17
0
0
0
0
0
0
0
-5.53499e-15
0
0
0
0
0
0
0
0
0
0
2.88951e-14
4.04071e-08
0
0
-1.13349e-14
-4.84006e-14
0
0
0
0
0
0
0
0
0
0
0
0
-1.8213e-14
0
0
0
0
0
0
0
0
0
0
0
4.50456e-15
0
0
0
0
0
0
0
0
0
0
3.95243e-16
0
0
0
0
0
0
0
0
0
0
0
0
0
0
0
0
0
0
0
0
0
0
0
0
0
0
0
8.43013e-16
0
0
0
7.43353e-17
0
0
0
0
0
0
0
0
0
0
0
0
0
0
0
0
0
0
-2.15882e-15
0
0
0
0
0
0
9.67471e-16
0
0
0
0
0
0
0
0
0
0
0
0
0
0
0
0
0
0
0
0
0
0
0
-2.3174e-17
5.56236e-16
0
-8.85302e-15
0
0
0
-2.57716e-16
0
0
0
0
0
0
0
0
0
0
0
0
-1.51373e-16
0
0
0
0
0
0
0
0
0
-6.89696e-16
0
0
0
0
0
0
0
0
0
-5.69124e-14
1.28851e-15
0
0
0
0
0
0
0
0
0
0
0
0
0
0
0
0
0
0
0
5.90621e-17
0
0
0
0
0
0
0
0
0
0
0
0
0
0
1.31661e-16
0
0
0
0
1.27935e-14
0
0
0
0
0
0
0
0
0
0
0
0
0
0
0
0
0
0
0
0
0
0
0
0
0
0
0
0
0
0
0
1.07111e-16
0
0
0
7.45769e-17
0
0
0
0
0
0
0
0
0
0
0
0
0
0
0
0
0
0
0
0
-6.26322e-15
0
0
0
0
0
0
0
0
0
0
0
0
0
0
0
0
0
0
0
0
0
0
0
0
0
0
0
-7.50358e-16
0
0
0
0
0
0
0
0
0
0
0
5.46065e-17
0
0
0
0
0
0
0
0
0
0
0
0
0
-2.6697e-08
0
0
0
0
0
0
0
0
0
0
0
0
0
0
0
0
0
0
0
0
0
0
0
0
-2.02024e-15
0
0
0
0
0
0
0
0
-1.24253e-15
0
0
0
0
0
0
0
0
0
0
0
0
0
0
0
0
0
0
0
0
0
0
0
5.10019e-14
0
0
0
0
0
0
0
0
0
0
0
0
0
0
0
0
0
0
0
0
0
0
3.75585e-16
0
0
0
0
3.54024e-15
-1.00898e-16
0
0
0
-3.6114e-08
0
0
0
0
0
0
0
0
0
0
0
0
0
0
0
0
0
0
0
0
0
0
0
0
0
0
0
0
0
0
0
0
0
0
0
0
0
-3.31387e-16
0
0
0
0
2.70677e-15
9.85021e-16
0
-1.10525e-14
0
0
0
0
0
0
0
-3.29202e-08
0
0
0
0
0
0
0
0
0
0
0
0
0
0
0
0
0
0
0
-9.41896e-16
-2.12557e-17
1.03956e-16
0
0
0
0
0
-9.18952e-17
4.03846e-08
0
-1.3577e-17
0
0
0
-1.28956e-14
0
0
0
0
0
0
0
0
0
0
0
0
0
0
0
0
-1.50479e-15
0
0
0
0
0
0
0
0
0
0
0
0
0
0
0
0
0
0
0
0
0
0
-6.78178e-15
0
0
3.96143e-08
0
0
0
0
0
0
-3.95399e-15
0
0
0
0
0
0
0
0
0
0
0
0
0
0
0
1.67637e-14
0
0
0
0
3.88372e-08
0
0
0
0
-4.73504e-17
0
0
-8.21776e-14
-3.17798e-16
0
0
0
2.56652e-14
-1.88169e-14
0
0
0
0
0
0
-3.01381e-17
0
0
0
0
0
-1.97667e-15
0
0
0
0
0
0
0
0
0
0
-1.7209e-15
0
0
0
0
0
0
0
0
0
0
2.88519e-14
0
0
0
0
0
0
0
0
0
3.23115e-17
0
0
0
0
0
0
0
0
0
0
0
0
0
0
0
2.45006e-15
0
0
0
0
0
0
0
0
0
0
0
0
0
0
0
0
0
0
0
0
0
0
0
0
0
0
0
0
0
0
0
0
0
0
0
0
0
0
0
0
0
0
0
0
0
0
3.02581e-16
0
0
0
0
0
0
-2.54914e-31
0
0
0
0
0
0
0
0
0
0
0
0
0
5.54195e-17
0
0
0
0
4.27124e-17
0
0
0
0
0
0
0
0
0
0
0
0
0
0
0
0
0
0
0
0
0
0
0
0
0
0
0
0
0
0
0
0
0
)
;

boundaryField
{
    frontback
    {
        type            empty;
        value           nonuniform List<scalar> 0();
    }
    topbottom
    {
        type            calculated;
        value           uniform 0;
    }
    outlet
    {
        type            calculated;
        value           nonuniform List<scalar> 0();
    }
    inlet
    {
        type            calculated;
        value           uniform 0;
    }
    walls
    {
        type            calculated;
        value           nonuniform List<scalar> 
151
(
1.58457e-07
1.58457e-07
1.58457e-07
1.58457e-07
1.58457e-07
1.58457e-07
1.58457e-07
1.58457e-07
1.58457e-07
1.58457e-07
1.58457e-07
1.58457e-07
1.58457e-07
1.58457e-07
1.58457e-07
1.58457e-07
1.58457e-07
1.58457e-07
1.58457e-07
1.58457e-07
1.58457e-07
1.58457e-07
1.58457e-07
1.58457e-07
1.58457e-07
1.58457e-07
1.58457e-07
1.58457e-07
1.58457e-07
1.58457e-07
1.58457e-07
1.58457e-07
1.58457e-07
1.58457e-07
1.58457e-07
1.58457e-07
1.58457e-07
1.58457e-07
1.58457e-07
1.58457e-07
1.58457e-07
1.58457e-07
1.58457e-07
1.58457e-07
1.58457e-07
1.58457e-07
1.58457e-07
1.58457e-07
1.58457e-07
1.58457e-07
1.58457e-07
1.58457e-07
1.58457e-07
1.58457e-07
1.58457e-07
1.58457e-07
1.58457e-07
1.58457e-07
1.58457e-07
1.58457e-07
1.58457e-07
1.58457e-07
1.58457e-07
1.58457e-07
1.58457e-07
1.58457e-07
1.58457e-07
1.58457e-07
1.58457e-07
1.58457e-07
1.58457e-07
1.58457e-07
1.58457e-07
1.58457e-07
0
0
0
0
-9.18423e-16
1.58457e-07
1.58457e-07
1.58457e-07
1.58457e-07
1.58457e-07
1.58457e-07
1.58457e-07
1.58457e-07
1.58457e-07
1.58457e-07
1.58457e-07
1.58457e-07
1.58457e-07
1.58457e-07
1.58457e-07
1.58457e-07
1.58457e-07
1.58457e-07
1.58457e-07
1.58457e-07
0
1.58457e-07
1.58457e-07
0
0
0
0
1.58457e-07
1.58457e-07
1.58457e-07
1.58457e-07
1.58457e-07
0
0
0
1.58457e-07
1.58457e-07
0
1.58457e-07
1.58457e-07
1.58457e-07
0
1.58457e-07
1.58457e-07
1.58457e-07
1.58457e-07
1.58457e-07
1.58457e-07
1.58457e-07
1.58457e-07
1.58457e-07
1.58457e-07
1.58457e-07
1.58457e-07
1.58457e-07
1.58457e-07
1.58457e-07
1.58457e-07
1.58457e-07
0
1.58457e-07
1.58457e-07
1.58457e-07
1.58457e-07
1.58457e-07
1.58457e-07
1.58457e-07
0
1.58457e-07
-9.18423e-16
1.58457e-07
1.58457e-07
)
;
    }
    procBoundary2to0
    {
        type            processor;
        value           nonuniform List<scalar> 
83
(
1.44197e-14
-4.36144e-16
0
0
0
0
2.08637e-16
0
0
0
2.34505e-16
0
0
0
2.59476e-16
-1.40256e-16
0
0
0
0
-9.77227e-15
0
0
-2.46535e-16
0
2.30069e-16
0
-2.68419e-16
0
0
2.295e-15
1.69794e-16
0
-3.43129e-16
-1.74049e-15
0
0
0
0
0
0
-1.08573e-14
-2.08393e-15
0
0
0
-1.4651e-15
0
-3.40491e-14
2.31434e-14
1.32299e-15
0
0
0
0
-9.31886e-16
0
-3.56937e-16
0
0
0
0
5.93589e-08
0
0
0
0
1.80234e-14
0
0
0
0
0
1.59508e-16
0
0
1.3041e-16
0
0
5.06511e-15
0
-2.89849e-16
0
)
;
    }
    procBoundary2to3
    {
        type            processor;
        value           nonuniform List<scalar> 
99
(
0
0
0
0
0
0
0
0
0
0
0
0
1.68565e-14
0
0
0
0
0
0
0
0
0
0
0
0
0
0
0
0
0
0
0
0
0
0
0
0
0
0
0
0
0
0
0
-8.56572e-15
0
0
0
0
7.32163e-14
0
0
0
0
0
0
0
1.20786e-16
0
0
0
0
0
0
0
0
0
0
0
-4.32746e-08
0
0
0
0
0
0
1.28452e-16
-4.1376e-15
0
0
0
0
0
0
0
0
0
0
0
0
0
2.76632e-15
0
-9.13309e-14
-8.28169e-14
0
0
0
0
)
;
    }
}


// ************************************************************************* //
