/*--------------------------------*- C++ -*----------------------------------*\
| =========                 |                                                 |
| \\      /  F ield         | OpenFOAM: The Open Source CFD Toolbox           |
|  \\    /   O peration     | Version:  v2012                                 |
|   \\  /    A nd           | Website:  www.openfoam.com                      |
|    \\/     M anipulation  |                                                 |
\*---------------------------------------------------------------------------*/
FoamFile
{
    version     2.0;
    format      ascii;
    class       surfaceScalarField;
    location    "300";
    object      meshPhi;
}
// * * * * * * * * * * * * * * * * * * * * * * * * * * * * * * * * * * * * * //

dimensions      [0 3 -1 0 0 0 0];
oriented        oriented;


internalField   nonuniform List<scalar> 
20673
(
0
0
0
0
0
0
0
0
0
0
0
0
0
0
0
-1.16406e-15
-9.89252e-18
-3.32346e-19
0
0
0
0
0
0
0
0
0
0
0
0
0
0
0
0
0
0
0
6.53507e-08
0
3.81092e-08
0
0
0
0
0
0
0
0
0
0
0
0
0
0
0
0
0
-1.00782e-14
0
-8.7056e-15
0
0
0
0
0
0
0
0
0
0
0
0
0
-1.56839e-17
0
3.57878e-17
0
0
0
0
0
0
0
0
0
0
0
0
0
0
0
0
0
0
-7.04071e-15
-1.0998e-16
0
0
0
0
0
0
0
0
0
0
0
0
0
0
0
0
0
-2.19452e-14
-8.74506e-14
8.76158e-14
0
0
0
0
0
0
0
0
0
0
0
0
0
0
0
0
0
0
0
0
1.62572e-17
-3.57249e-17
9.83621e-19
0
0
0
0
0
0
1.08218e-14
0
1.85993e-14
-5.04953e-16
7.3527e-19
0
2.26239e-15
0
0
0
0
0
0
0
0
0
0
0
0
0
0
0
0
0
0
0
0
-2.52565e-08
0
0
0
-1.64117e-18
0
0
0
1.9035e-14
-3.94481e-16
0
0
0
0
0
0
0
0
0
0
0
0
0
0
0
0
0
4.47264e-17
0
-1.44147e-17
0
0
0
0
0
0
0
0
0
0
0
0
-9.07452e-14
-4.98003e-14
0
0
3.64033e-14
-3.39295e-14
-9.26883e-15
-7.67727e-16
-6.09916e-16
1.32043e-18
0
0
-1.15392e-16
2.85507e-16
0
0
0
0
0
0
0
0
0
0
0
0
0
0
0
0
0
0
0
0
0
0
0
0
-3.8763e-16
-1.93145e-16
1.24307e-15
2.35033e-18
0
0
-4.737e-16
-1.4886e-15
0
0
0
0
0
0
0
0
0
0
0
0
2.58732e-15
-8.01057e-17
-6.02031e-17
0
0
0
0
0
0
0
0
0
0
0
0
5.0785e-16
2.22209e-17
0
0
0
0
0
0
0
0
0
0
0
0
0
0
0
0
0
-7.72312e-17
0
6.40595e-15
0
0
0
0
0
0
3.11204e-18
6.8149e-16
-1.23573e-17
0
0
0
0
0
0
-3.35447e-14
4.48692e-15
0
0
0
0
0
0
0
-7.05346e-14
0
5.16355e-14
0
0
0
0
0
5.46869e-14
-4.42327e-14
0
0
0
1.86857e-18
0
0
0
1.39228e-16
0
0
0
-3.55637e-14
5.00378e-18
0
0
0
0
0
0
0
-1.52955e-15
4.70713e-17
6.1435e-16
8.03255e-18
0
0
0
0
0
0
0
0
0
0
0
0
0
0
-9.66513e-17
-1.79949e-18
0
0
0
0
-3.68887e-16
1.3514e-16
-1.41926e-15
0
0
0
0
0
0
0
0
0
0
0
0
0
0
0
0
0
0
0
0
0
-6.90934e-16
-1.08061e-15
0
0
0
0
0
0
0
0
0
0
0
0
0
-2.12347e-15
1.63754e-16
0
-8.26717e-15
-3.21927e-14
0
0
0
0
0
0
0
0
0
0
0
0
0
0
0
-1.7129e-16
0
0
0
0
5.73777e-16
-5.39185e-17
0
0
0
0
0
0
0
0
0
0
0
0
0
0
0
0
-5.99472e-16
0
0
0
0
0
0
0
0
0
0
0
0
0
0
0
0
0
0
0
0
0
0
-1.43084e-16
0
0
0
0
0
0
0
0
0
0
5.07106e-16
0
0
0
0
0
0
-1.28259e-17
0
-4.07458e-20
-4.57413e-15
0
0
0
0
0
0
0
0
0
-7.50978e-16
-4.56732e-16
0
0
0
0
0
0
0
0
0
0
0
0
3.39235e-16
0
-4.81558e-17
0
0
0
0
0
0
0
0
0
0
0
0
0
0
0
0
-1.6112e-16
0
0
0
0
0
0
0
0
0
0
0
0
0
0
0
0
0
0
0
0
0
0
0
-1.31749e-28
0
4.75992e-16
0
1.18786e-16
0
0
0
0
0
0
0
0
0
0
0
0
0
0
0
0
0
0
0
0
0
0
6.85825e-17
0
0
0
0
0
0
0
0
0
0
0
4.04325e-14
0
0
0
-9.10021e-18
0
0
0
0
0
0
0
0
0
0
0
0
0
2.39686e-15
0
0
0
0
-4.35339e-14
0
0
0
0
1.11566e-16
2.02737e-17
-1.14925e-16
0
0
0
0
0
0
0
0
0
0
0
0
0
0
0
0
0
0
0
0
0
0
0
0
0
0
7.09128e-14
-1.50197e-15
1.21365e-16
-2.80866e-16
0
0
0
0
0
0
0
0
0
0
0
0
-1.35799e-16
6.50051e-17
0
0
0
0
0
0
-9.83192e-15
6.8197e-14
-6.53679e-15
0
0
0
0
0
0
0
0
0
0
0
0
-1.96845e-16
0
0
0
9.54282e-14
-5.96357e-14
0
0
0
0
0
0
0
0
0
0
0
0
0
0
0
0
0
0
-2.50102e-15
2.64834e-15
0
0
0
0
0
0
0
0
0
0
0
0
0
0
0
0
0
0
0
0
-4.04317e-14
9.9191e-15
8.19368e-16
0
0
0
0
0
0
0
0
0
0
0
5.27459e-16
-4.99838e-15
5.39801e-15
7.45689e-15
0
0
0
0
0
2.21572e-19
0
-6.70856e-16
0
0
0
0
0
0
0
0
0
0
0
0
0
0
0
0
0
0
0
0
0
0
0
0
0
0
0
0
0
0
1.64629e-16
0
0
0
0
0
0
0
0
0
0
0
0
0
0
0
0
0
0
0
0
0
0
0
0
0
0
0
0
0
0
0
0
0
-1.32563e-17
0
0
-3.62697e-15
3.70271e-15
0
0
0
0
0
0
0
0
0
0
0
0
0
0
0
0
0
0
0
0
0
0
0
0
0
0
0
0
0
0
0
0
0
0
0
0
0
0
0
0
0
0
0
0
0
0
0
0
0
0
0
0
0
0
0
0
8.43931e-15
4.40307e-14
0
0
0
0
0
0
0
0
-9.14826e-17
-1.03271e-15
0
0
-5.97636e-15
2.60276e-14
0
0
0
0
5.52968e-16
-1.70344e-16
0
0
0
0
0
0
0
0
-9.08676e-15
-1.87684e-14
0
0
0
0
0
0
0
0
0
8.75772e-17
-1.18309e-17
0
0
0
0
0
0
0
0
0
0
0
0
1.65464e-15
0
-2.01704e-15
7.54391e-17
8.36403e-08
-5.9863e-08
6.66263e-17
-1.21958e-16
-6.77019e-18
5.97478e-17
0
0
0
0
0
0
0
0
1.05822e-16
0
-1.76682e-16
0
0
0
0
0
0
0
0
0
0
0
0
0
0
0
0
0
0
0
0
0
0
0
0
0
0
0
0
0
0
0
0
0
0
0
0
0
0
0
0
0
0
0
0
0
0
0
0
0
0
0
0
0
0
0
0
0
0
0
7.08672e-15
0
0
0
0
3.00029e-16
-1.50375e-16
-6.53472e-16
0
1.38532e-17
0
0
0
0
0
0
0
0
0
0
2.08014e-14
0
0
0
0
0
0
0
0
0
0
0
0
0
0
0
0
0
0
0
0
0
0
0
2.75655e-16
0
0
0
-1.36238e-15
0
0
0
0
0
0
0
0
0
0
0
0
0
0
0
0
0
0
0
0
-1.94247e-16
0
0
0
0
0
0
0
0
0
0
0
0
0
0
0
0
0
0
0
0
7.45393e-16
-8.33024e-16
0
4.42443e-15
0
-9.18848e-14
0
0
0
0
0
0
0
0
0
0
0
0
0
0
0
0
0
0
0
0
0
0
0
-8.51706e-15
0
0
-2.19681e-14
-6.43426e-29
0
0
0
0
-2.28914e-16
0
-2.93558e-16
0
0
0
0
0
0
0
0
0
0
0
0
0
6.08742e-16
0
0
0
0
0
0
0
0
0
0
0
0
0
0
0
0
0
0
0
1.187e-15
0
0
0
0
0
0
4.53593e-14
1.01266e-14
-1.70619e-13
0
0
0
0
0
0
0
-8.10963e-15
4.87209e-14
0
0
0
0
0
0
0
0
0
0
0
-2.06291e-14
-2.53626e-14
0
0
0
0
0
0
1.0739e-13
0
0
0
0
0
0
0
0
0
0
0
0
0
0
0
0
0
0
0
0
0
0
0
0
0
0
0
0
0
0
0
0
0
0
-7.57673e-18
0
0
0
0
0
0
5.8002e-16
0
0
0
0
0
0
0
0
0
0
0
0
0
0
-1.1723e-13
-4.55796e-16
0
0
0
0
0
0
0
0
0
0
0
0
0
0
0
0
-7.37516e-15
0
0
0
0
0
0
0
0
0
0
0
0
0
0
4.34896e-16
-3.26236e-15
1.40303e-14
0
0
0
0
0
0
0
0
0
0
0
0
0
0
0
0
0
0
0
0
0
0
0
0
0
0
0
0
0
0
0
0
0
0
0
0
0
0
0
-3.2628e-17
0
-6.09642e-18
0
0
0
0
0
0
0
0
0
0
0
0
0
0
0
0
0
0
1.78838e-15
-2.93223e-16
5.20639e-16
0
0
0
0
0
0
0
0
0
0
0
0
0
0
0
0
0
0
0
0
-1.90961e-16
3.7607e-16
0
0
-5.71705e-08
-3.34368e-08
0
0
0
0
0
0
0
0
0
0
0
0
0
0
0
0
0
0
8.48372e-16
0
0
0
0
0
0
0
0
0
0
0
0
0
0
0
0
0
0
0
0
0
0
0
0
0
0
0
0
0
0
0
0
0
0
0
0
0
0
0
0
0
0
0
0
0
0
0
0
0
0
0
0
0
0
0
0
0
0
0
0
0
0
0
0
0
0
0
0
0
0
0
0
0
0
0
0
0
0
0
0
-9.82302e-16
0
0
0
0
0
0
0
0
0
0
0
0
0
0
0
0
0
0
0
0
0
0
0
0
0
0
0
0
0
0
0
0
0
0
0
0
0
0
0
0
0
0
0
0
0
0
0
0
3.21771e-16
0
0
0
0
0
0
0
0
0
0
0
0
0
0
0
0
0
0
0
0
0
0
0
0
0
0
-1.7571e-14
0
0
0
0
0
0
0
0
0
0
0
0
0
0
0
0
0
0
0
0
0
4.53036e-08
-9.11098e-17
0
0
0
0
0
0
0
0
0
0
0
0
0
0
0
0
0
0
0
0
0
0
0
0
0
0
0
0
0
0
0
0
0
0
0
0
0
0
0
0
0
0
1.18398e-14
0
0
0
0
1.16996e-16
0
0
0
0
0
0
0
0
0
0
0
0
0
0
0
0
0
0
0
0
0
0
0
0
0
0
0
0
0
0
0
0
0
0
0
0
0
0
0
0
0
0
0
0
0
0
0
0
0
0
0
0
0
0
1.88486e-17
1.23592e-15
0
0
0
0
0
0
0
0
0
0
0
0
0
0
0
0
0
0
0
0
0
0
0
0
0
0
0
0
0
0
0
0
0
0
0
0
0
0
0
0
0
0
0
0
0
0
0
0
0
0
0
0
0
0
0
0
0
0
0
0
0
-9.30479e-15
4.03071e-14
0
0
0
0
-2.03061e-15
-8.41255e-15
0
0
0
0
0
0
0
0
0
0
0
0
0
0
0
0
0
0
0
0
0
0
0
0
-5.5583e-17
0
3.53442e-17
6.31999e-16
0
-3.16421e-16
0
0
0
0
0
0
0
0
0
0
0
0
0
0
0
3.60653e-14
-3.44435e-14
0
0
6.81645e-17
0
-6.49364e-17
0
0
0
0
0
0
0
0
0
0
0
0
-1.01732e-30
-1.3491e-15
0
0
0
0
0
0
0
0
-4.79706e-14
2.03464e-30
0
0
0
0
0
0
0
0
0
1.64686e-29
-3.99337e-14
-1.03058e-15
0
0
0
0
0
0
2.9732e-15
-8.21527e-16
-4.14806e-14
0
0
0
0
-2.09046e-15
0
-6.25153e-15
0
0
2.74507e-14
-1.03268e-13
0
0
0
0
0
0
0
0
0
6.60447e-16
0
0
0
0
0
0
0
0
0
0
0
0
2.17917e-15
-3.26148e-14
0
0
0
0
0
0
2.21707e-16
0
0
0
0
0
0
0
0
0
-2.62466e-16
-3.24159e-18
0
0
0
0
0
0
0
0
1.70808e-13
-2.74442e-14
0
0
0
0
7.06025e-17
0
0
0
0
0
0
0
0
0
0
0
0
0
0
0
0
0
0
0
0
0
0
0
0
0
0
0
0
0
0
0
0
0
0
0
0
0
0
0
0
-4.9047e-14
-1.28194e-16
0
2.57356e-14
0
-1.79875e-14
1.54753e-16
0
-8.14681e-17
0
0
0
0
0
0
0
0
0
0
0
0
0
0
0
0
0
0
0
0
0
0
0
0
0
0
0
0
0
0
0
0
0
0
0
0
0
-1.78758e-14
-4.06454e-15
0
0
0
0
0
0
0
0
0
0
0
1.65832e-16
0
0
0
0
0
0
0
0
0
0
-6.99427e-16
-1.10375e-15
0
0
0
0
0
-5.06104e-14
0
0
0
0
0
0
0
0
0
0
0
0
0
0
0
0
0
0
0
0
0
0
-2.79435e-17
-2.67333e-15
0
-7.40518e-15
3.89304e-14
0
0
0
0
0
0
-2.4157e-14
1.4397e-14
4.31864e-14
0
-2.12804e-16
0
-5.25816e-17
4.54761e-16
0
0
0
0
0
0
0
0
0
0
0
0
0
0
0
0
0
0
0
0
0
0
0
0
8.54554e-16
-3.07227e-16
0
0
0
0
0
0
0
4.11553e-16
0
0
0
0
0
0
0
8.55296e-16
0
0
0
0
0
0
0
0
0
0
0
0
0
0
0
0
0
0
0
0
0
2.86166e-17
0
0
0
0
0
0
0
0
0
0
0
-4.69376e-15
-4.02984e-15
0
0
0
2.80562e-16
7.70044e-16
0
-5.70573e-17
8.02222e-18
1.6646e-18
0
0
0
0
0
0
0
0
0
0
0
0
0
0
0
0
0
0
2.91175e-14
1.21195e-13
0
0
0
0
0
0
0
0
0
0
0
0
0
0
0
0
0
0
0
0
0
0
0
4.32665e-17
0
2.21769e-17
0
2.67862e-14
0
0
0
0
0
0
0
-3.52397e-14
0
0
0
0
0
0
0
0
0
0
0
0
0
0
0
-3.40947e-15
0
1.1368e-14
0
0
0
0
0
0
0
0
0
0
0
-2.28631e-16
0
0
0
0
0
-8.4212e-15
0
0
0
0
0
0
0
0
-8.0533e-16
0
0
0
0
0
0
0
0
0
0
5.57217e-16
0
6.70925e-17
0
0
1.25349e-15
0
3.66789e-16
0
0
0
0
0
0
0
0
0
0
-4.97941e-17
0
6.75268e-14
0
0
4.46723e-14
-3.56241e-14
0
0
0
0
0
0
0
0
0
0
0
0
0
0
0
0
0
0
0
0
0
0
0
0
0
0
0
0
0
0
0
0
1.46825e-14
-9.5531e-16
0
0
0
0
0
0
0
0
0
0
0
0
0
0
0
0
0
0
0
0
-1.78475e-20
-1.88442e-17
0
0
0
0
0
0
0
0
0
0
0
0
0
0
0
0
0
0
0
0
0
0
0
0
0
0
0
0
0
-2.1841e-16
0
0
0
0
0
0
0
0
0
0
0
0
0
0
0
0
0
0
0
0
0
0
0
0
0
0
0
0
0
0
0
0
0
0
0
0
0
0
0
0
0
0
9.30879e-16
8.42413e-16
0
0
0
0
0
0
0
0
0
0
0
0
0
0
0
0
0
0
0
0
0
0
0
0
0
0
0
0
0
0
0
0
0
0
0
0
0
0
0
0
0
0
0
-6.27784e-17
0
0
0
0
0
0
0
0
0
0
0
0
0
0
0
0
0
0
0
0
0
0
0
6.82603e-17
-1.22284e-15
0
0
0
0
0
0
0
-4.56456e-14
0
0
0
0
0
0
0
0
0
0
0
0
0
0
0
0
-1.36239e-14
0
0
4.7957e-15
0
0
0
0
0
0
0
0
0
0
0
0
0
0
0
0
0
0
0
0
0
0
-2.14763e-16
0
0
0
0
0
0
0
0
3.92538e-16
4.89955e-15
0
5.08057e-16
-6.44353e-16
0
2.05826e-15
-1.32796e-15
0
0
0
0
-1.98434e-17
0
0
0
0
0
0
0
0
0
0
0
0
0
0
0
0
0
0
0
0
0
0
0
0
0
0
0
0
0
0
0
0
0
0
0
0
0
0
0
0
0
0
0
0
0
0
0
0
0
0
0
0
0
0
0
0
0
0
-1.02398e-15
0
-7.49416e-15
0
0
0
0
0
0
0
0
0
0
0
0
0
0
0
0
0
0
0
0
0
0
0
0
0
0
0
0
0
0
0
0
0
0
0
0
-3.27657e-17
0
0
0
0
0
0
0
0
0
0
0
0
0
0
0
0
0
0
0
0
0
0
0
0
0
0
0
0
0
0
0
0
0
0
0
0
0
0
0
0
0
0
0
0
0
0
0
0
0
0
0
0
0
0
0
0
0
0
0
0
0
0
0
0
0
0
0
0
0
0
0
0
0
0
0
0
0
0
-3.33865e-15
0
0
0
0
0
0
0
0
0
0
0
0
0
0
0
0
-7.25445e-17
0
0
0
0
0
0
0
0
0
0
0
0
0
0
0
0
0
0
0
0
-1.19546e-14
-7.83736e-16
0
0
0
0
0
0
0
0
0
0
0
0
0
0
0
0
0
8.29567e-14
-3.49764e-14
0
0
3.43617e-16
0
-6.26227e-17
0
0
0
0
0
0
0
0
0
0
0
2.02272e-14
0
0
0
0
3.558e-17
-5.61281e-17
0
0
0
0
0
0
0
0
0
0
0
0
-7.75602e-17
0
-3.71573e-16
0
0
0
0
0
0
0
0
0
0
0
0
0
0
0
0
-8.70275e-17
0
0
0
0
0
0
0
0
0
-3.90223e-17
3.63177e-17
0
0
0
0
0
0
0
0
3.92523e-16
0
-1.10491e-16
0
0
0
0
0
0
0
0
0
0
0
0
0
0
-3.66022e-16
1.26122e-16
-7.30354e-15
0
0
0
2.54225e-16
2.02939e-16
1.44257e-14
-4.00169e-15
0
0
0
0
0
0
5.46568e-15
4.523e-15
0
0
0
0
0
-4.99683e-15
-8.88388e-18
0
0
0
0
0
0
0
0
0
0
0
0
0
0
0
0
0
0
0
0
0
0
0
0
0
0
0
0
0
0
2.64443e-17
-1.16086e-16
0
0
0
0
0
0
-4.05321e-15
-3.23801e-15
0
0
0
0
0
0
0
0
0
0
0
0
0
0
0
0
-1.61726e-15
2.03464e-30
-2.44248e-17
0
0
0
0
0
0
0
0
0
0
0
0
0
0
0
0
0
0
0
0
0
0
0
0
0
1.37425e-15
1.73982e-16
-2.25395e-15
0
0
0
0
0
0
0
0
0
0
0
0
0
0
0
0
0
0
0
0
0
0
0
0
0
0
0
0
0
0
0
0
0
0
0
0
0
0
0
-2.01264e-17
0
7.78879e-15
-1.19387e-16
0
2.27385e-15
3.93012e-14
-8.66484e-17
1.64962e-14
0
0
0
0
0
0
0
0
0
0
-2.44754e-14
-4.22525e-14
0
0
0
1.74379e-15
-4.03074e-15
0
0
0
0
0
0
0
0
0
0
0
0
0
0
0
0
0
0
0
0
0
0
0
0
0
0
0
0
-6.5612e-16
-1.96752e-15
0
0
0
0
0
0
0
0
-4.45086e-14
1.79383e-14
0
0
0
0
0
-3.51522e-14
-1.21788e-14
0
0
0
0
-6.60406e-16
4.95337e-16
0
0
0
0
0
0
0
0
0
0
0
0
0
0
0
0
0
0
0
0
0
0
0
0
0
0
0
0
0
0
0
-2.6671e-15
0
0
0
0
0
0
0
0
0
0
0
0
0
0
0
0
0
7.60327e-16
0
1.01732e-30
-2.62775e-16
1.00283e-16
0
-7.26227e-17
0
0
0
0
0
0
0
0
0
0
0
0
0
0
0
1.70778e-15
-1.62414e-15
0
0
0
0
0
0
0
0
0
0
0
0
3.47353e-17
-5.63296e-17
0
0
0
0
0
0
0
0
0
0
0
1.30873e-16
1.39143e-16
0
0
0
0
0
0
1.1886e-18
0
0
0
0
0
0
0
0
0
0
0
0
0
0
0
0
0
0
0
0
0
0
0
0
0
0
0
4.51353e-15
-8.59718e-16
0
0
0
0
0
0
0
0
0
0
0
0
0
0
0
0
0
0
0
0
7.31204e-16
3.23195e-17
1.16365e-15
0
0
0
0
0
0
0
0
0
0
0
0
0
0
0
0
0
0
0
0
0
0
0
0
0
0
0
0
0
-2.99315e-17
0
0
0
0
0
0
0
0
0
0
-1.05474e-16
-1.44522e-15
0
0
0
0
0
0
0
0
0
0
-5.09725e-16
0
0
0
0
0
0
0
0
0
0
0
0
0
0
0
0
0
0
0
0
0
0
0
0
0
0
0
0
0
0
0
0
0
0
0
0
0
0
0
0
0
0
0
0
0
0
0
0
0
0
0
0
0
0
0
0
0
0
0
0
0
0
0
0
0
0
0
0
0
0
0
0
0
0
0
0
0
0
0
0
0
0
0
0
0
0
0
0
0
0
0
0
0
0
2.10477e-16
0
0
0
0
0
0
0
0
0
0
0
0
0
0
0
0
0
1.60583e-16
1.31938e-16
0
0
0
0
0
0
0
0
0
0
0
0
0
0
0
0
0
0
0
0
0
0
-6.71003e-16
0
0
0
0
0
0
0
0
0
0
0
5.77439e-15
6.9279e-15
0
0
0
0
0
0
0
0
0
0
8.24053e-18
7.44e-16
0
0
0
0
0
0
0
0
7.57354e-15
0
0
0
0
0
0
0
0
0
0
0
0
0
0
0
0
0
0
0
0
0
0
0
0
2.55036e-14
-1.94883e-14
0
0
0
0
0
0
0
0
0
0
0
0
0
0
0
0
0
0
0
0
0
0
0
0
0
0
0
0
0
3.62673e-17
0
0
0
0
0
0
0
0
0
0
0
0
0
0
0
0
0
0
0
0
0
0
0
0
0
0
0
0
0
0
-4.04518e-17
0
0
0
0
-2.14041e-14
0
-1.64513e-15
-7.85173e-17
0
0
-2.98538e-19
0
0
0
0
0
0
0
0
0
0
0
0
0
0
-1.77121e-16
0
0
0
0
0
0
0
0
0
0
0
0
0
0
0
0
0
0
0
1.55561e-14
0
0
0
0
0
-6.94508e-15
-9.93077e-15
4.53787e-16
-4.63649e-16
-9.07806e-17
0
0
0
0
0
0
0
0
0
0
0
0
0
0
0
0
0
0
0
0
0
0
-2.46165e-17
2.29885e-15
1.0497e-16
0
0
0
0
0
0
-1.40295e-13
4.23212e-14
0
0
0
0
0
-1.21675e-15
0
0
0
0
0
0
0
0
0
0
0
0
0
0
0
0
0
0
0
0
0
-3.51702e-16
-6.21558e-16
0
0
0
0
-1.59224e-16
0
0
0
0
0
0
0
0
0
-1.27231e-14
0
0
1.72859e-16
-1.63637e-15
0
0
0
0
0
0
0
0
0
0
-2.61817e-16
-1.12129e-15
0
0
0
0
0
0
0
0
0
0
0
0
0
0
-1.64192e-16
8.85969e-17
0
0
0
0
0
0
0
0
0
0
-6.5735e-16
5.01732e-17
0
0
0
0
0
0
0
0
0
0
0
0
0
0
0
0
0
0
0
0
0
0
0
0
8.71445e-16
0
0
0
0
0
0
0
0
0
0
0
0
0
0
0
5.07327e-16
0
0
0
0
0
0
0
0
0
0
0
0
0
0
0
0
0
0
0
0
0
0
0
0
0
0
0
0
-2.26886e-15
0
-4.7798e-16
-2.41369e-15
0
0
0
0
0
0
0
0
0
0
0
0
0
0
0
0
0
0
0
0
0
0
0
0
0
-5.28096e-16
0
0
0
0
0
0
0
0
1.77127e-15
-5.03091e-16
0
0
0
0
0
0
0
0
0
0
0
-5.51402e-14
-4.16509e-14
0
0
0
0
0
0
0
0
0
0
0
-1.80737e-16
0
0
0
0
0
0
0
0
0
0
0
0
0
0
0
0
0
0
0
0
0
0
0
0
0
0
0
1.05426e-16
-1.66777e-16
0
0
0
0
0
0
0
0
0
0
0
0
0
2.10519e-17
0
0
0
0
0
1.02125e-30
0
0
0
0
0
0
0
0
0
0
0
0
0
0
0
0
0
0
0
0
0
0
0
0
0
0
0
0
0
0
0
-1.58202e-16
-3.70115e-16
1.03297e-16
0
2.28073e-16
6.94879e-17
0
0
0
0
0
0
0
0
0
0
0
0
-9.15067e-14
0
2.20965e-14
0
0
0
0
0
5.67323e-15
0
-2.31043e-16
0
0
0
0
0
0
0
0
0
0
0
0
0
0
-1.42367e-16
0
-2.68436e-17
0
0
0
0
0
0
0
0
0
0
0
0
0
-2.83011e-16
0
6.7851e-17
-1.12249e-16
0
0
0
0
0
-2.05794e-14
8.61245e-14
0
0
0
0
0
6.40386e-15
-1.63564e-14
0
0
0
0
0
0
0
0
0
0
0
0
0
0
0
3.19933e-14
-4.10659e-15
2.07394e-15
0
0
0
0
0
0
-3.31948e-16
0
0
1.28412e-15
1.29255e-15
0
0
0
0
0
0
0
0
0
0
0
0
0
0
0
0
0
3.4597e-16
2.31822e-15
0
-8.23417e-16
-5.71878e-17
0
0
-1.07438e-16
-1.33752e-16
0
0
0
0
0
0
0
-2.95989e-15
0
0
0
0
0
0
0
0
0
0
0
0
0
0
0
0
0
0
0
0
0
0
0
0
0
0
0
0
0
0
0
0
0
0
0
0
0
0
0
0
0
0
1.48989e-17
1.5977e-17
0
0
0
0
0
0
0
0
0
0
0
0
0
0
0
0
0
0
0
0
0
0
0
0
0
0
0
0
3.78731e-14
0
0
0
0
0
0
0
0
0
0
0
0
0
0
0
0
0
0
0
0
1.58887e-14
0
0
0
0
0
0
0
0
0
0
0
0
0
0
0
0
0
0
0
0
0
0
0
0
0
0
0
0
0
0
-1.6322e-16
9.39282e-17
0
0
0
0
0
0
0
0
0
0
0
0
0
0
0
0
0
0
0
0
0
0
0
0
0
0
0
0
0
0
0
0
0
0
0
0
0
0
0
0
0
0
0
0
0
0
0
0
2.40648e-16
0
0
0
0
0
0
0
0
0
0
-1.75099e-15
6.14916e-18
-6.64865e-17
0
0
0
0
0
0
0
0
0
0
0
0
0
0
0
0
0
0
0
0
0
0
0
0
0
0
0
0
0
0
0
0
3.19248e-14
-1.0707e-13
0
0
0
0
0
0
0
0
0
0
0
0
0
0
0
0
2.59827e-14
0
0
0
0
0
0
0
0
0
0
0
0
0
0
0
0
0
0
0
0
0
0
0
0
0
0
0
0
0
0
0
0
0
0
-5.72507e-17
1.53825e-15
0
0
0
0
0
0
0
0
0
0
0
3.06928e-15
0
0
0
0
0
0
0
0
0
0
0
0
0
0
0
0
0
0
0
0
0
-2.59328e-14
0
0
0
0
0
0
0
-1.20993e-16
0
-7.11699e-16
-3.32163e-15
0
0
0
0
0
0
0
0
0
0
0
0
0
0
0
0
0
0
0
0
0
0
0
0
0
0
-1.11449e-16
1.31653e-31
0
0
0
0
0
0
0
0
0
0
0
0
0
0
0
0
0
0
0
0
0
0
0
0
0
0
0
1.54703e-16
-5.14645e-31
0
0
2.03503e-17
-6.12757e-17
0
0
0
0
0
0
0
0
-4.55232e-15
1.10283e-14
0
0
0
0
0
0
0
0
0
0
0
0
0
-3.39997e-14
0
-6.03504e-17
0
0
0
0
0
0
0
0
0
0
0
0
0
0
0
0
-1.37144e-17
-8.80135e-18
0
0
0
0
0
0
0
-1.43486e-16
2.38387e-17
0
0
0
0
0
0
2.75237e-16
0
0
0
8.57245e-16
1.16101e-15
0
-1.30303e-16
0
0
0
0
0
0
0
0
0
-2.29182e-17
0
0
0
0
0
0
0
0
0
0
0
0
0
0
0
0
0
0
0
0
0
0
0
0
0
0
3.13096e-16
0
-2.65794e-16
0
0
0
0
-5.53503e-15
-2.62676e-15
-8.76982e-17
0
0
0
0
-9.7756e-17
0
0
0
0
0
0
0
1.34494e-14
0
0
0
0
0
0
2.05874e-16
-2.01511e-15
0
0
0
0
0
0
0
0
0
0
0
-4.23924e-14
0
0
0
0
0
0
0
0
-4.50587e-14
2.58093e-14
0
0
0
0
0
0
0
0
0
0
0
0
0
0
0
0
0
0
0
0
0
0
0
0
0
0
0
0
0
0
-1.21084e-14
0
0
0
0
0
0
0
0
0
0
0
0
0
0
0
0
0
0
0
0
0
0
0
0
0
-9.30781e-17
2.03757e-16
0
-2.529e-14
3.09493e-15
0
0
0
0
0
0
0
0
0
0
0
-2.5335e-16
0
0
1.17021e-15
0
1.73121e-15
0
-6.42159e-16
0
0
0
0
0
0
0
0
0
0
0
0
0
0
0
0
0
0
0
0
0
0
0
0
0
0
0
0
0
0
0
0
0
0
0
0
0
0
0
2.49229e-16
0
0
0
0
0
0
0
0
0
0
0
0
0
0
0
0
0
0
0
0
0
0
0
0
0
0
0
0
0
0
0
0
0
0
0
0
0
0
0
0
0
0
0
0
0
0
0
0
0
-6.19885e-16
0
0
0
0
0
0
0
0
0
0
0
0
0
0
0
0
0
0
0
0
0
0
0
0
0
0
7.84357e-18
0
0
-1.51584e-18
6.50071e-17
0
0
0
0
0
0
1.18918e-15
6.45266e-16
0
0
2.7593e-16
0
0
0
0
0
0
0
0
0
0
0
0
0
0
0
0
0
0
0
0
0
0
0
0
0
0
0
0
0
0
0
0
0
0
0
0
0
0
0
0
0
0
0
0
0
0
0
0
0
0
0
0
0
0
0
0
0
0
0
1.71615e-16
-8.04282e-30
0
0
0
0
0
6.02974e-16
-3.77168e-16
0
0
0
0
0
0
0
0
0
0
0
0
0
0
0
0
0
0
0
0
0
0
-1.99287e-14
0
1.60754e-14
1.63818e-16
-5.59792e-17
0
0
0
7.5122e-14
0
0
0
0
0
0
0
0
0
0
0
0
0
0
0
0
0
0
0
0
0
0
0
0
0
0
0
0
0
0
0
0
0
0
0
0
0
0
0
0
0
0
0
0
0
0
7.13791e-17
0
3.03522e-15
-3.59645e-14
-4.37531e-14
8.92045e-14
7.40087e-16
-2.42655e-18
0
0
0
0
0
0
0
0
0
0
-2.8837e-16
0
8.10403e-17
0
0
0
0
0
0
0
0
0
0
0
0
-2.64017e-16
0
2.94002e-16
-8.84521e-09
2.85961e-16
6.72407e-08
0
0
2.64463e-14
0
0
0
0
0
0
1.23718e-16
-2.26977e-17
0
0
0
0
0
0
0
0
0
0
0
0
0
0
0
0
0
0
0
0
0
0
0
0
0
0
0
2.00309e-16
0
0
0
0
0
0
0
0
0
0
2.17568e-14
0
-1.95069e-17
0
0
0
0
0
0
0
0
0
0
0
0
0
0
0
0
0
0
0
0
0
0
0
0
0
0
0
0
0
0
0
0
7.35773e-14
0
0
0
0
0
0
0
0
0
0
0
0
0
-7.93505e-16
3.79805e-15
0
0
0
0
0
0
0
0
0
0
0
0
0
0
0
0
0
0
0
0
0
0
0
0
0
0
-6.37721e-16
-2.95918e-15
1.15067e-15
-1.02331e-30
0
0
0
0
0
0
4.28494e-15
-7.98413e-16
0
0
0
0
0
0
0
0
0
0
0
7.99806e-14
0
0
0
0
0
0
0
0
0
0
0
0
0
0
0
0
0
0
0
0
0
0
0
0
0
0
0
0
0
0
0
0
0
0
0
0
0
0
0
0
0
0
0
0
0
0
0
0
0
0
0
0
0
0
0
0
0
0
0
0
0
0
0
0
0
0
0
0
0
0
0
0
0
0
0
0
0
0
0
0
0
0
0
0
0
1.50773e-16
0
0
0
0
0
2.5014e-16
0
0
0
0
0
0
0
0
0
-2.18874e-15
1.1769e-16
0
0
0
0
0
0
0
0
0
0
0
0
0
0
0
0
0
0
0
0
0
0
0
0
0
-5.26912e-15
5.217e-15
0
0
0
0
0
0
0
0
0
0
0
0
0
0
0
0
0
-6.4668e-16
-1.44365e-18
0
0
0
0
-4.48838e-17
1.2514e-16
0
0
0
0
0
0
1.51592e-15
-7.01778e-15
-3.26799e-29
0
0
0
0
0
0
0
0
0
0
0
0
0
0
0
0
0
0
0
0
0
0
0
0
0
0
0
0
0
-6.95338e-17
4.29798e-17
0
0
0
0
0
0
2.73086e-15
0
-1.26572e-16
5.75397e-08
-1.26373e-16
0
0
0
0
0
0
0
0
0
0
0
0
0
0
0
-1.31322e-14
-1.34954e-14
0
0
0
0
0
5.45796e-19
6.74634e-19
0
0
0
0
0
0
0
0
0
0
0
0
0
0
0
0
0
0
0
0
0
0
0
0
0
0
0
0
0
0
0
0
0
0
0
0
0
0
0
0
0
0
0
0
0
0
0
0
0
0
0
0
0
0
0
0
0
0
0
0
0
0
0
0
-7.51315e-17
-2.07945e-16
0
0
0
0
0
0
0
1.30742e-16
0
1.40634e-16
0
0
0
0
0
-1.55045e-16
0
0
0
0
0
0
-9.05416e-16
0
0
-5.00518e-16
0
0
0
0
0
0
0
0
0
0
0
0
0
0
0
0
0
0
0
0
0
0
0
0
0
0
0
0
0
0
0
0
1.62217e-15
2.5826e-17
0
0
0
0
0
0
0
0
0
0
-4.73878e-16
0
0
0
0
0
0
0
0
0
0
0
0
0
1.71747e-15
0
2.5433e-31
8.83414e-17
5.44089e-18
0
0
0
0
0
-3.37707e-16
0
2.85729e-16
0
0
0
0
0
0
0
-1.21645e-17
6.71503e-17
1.0584e-17
0
0
-1.56693e-15
-3.17874e-16
0
0
0
0
0
0
0
0
0
0
0
0
2.64792e-16
0
0
-1.39019e-14
0
0
0
0
0
0
0
0
0
0
0
0
0
0
0
0
0
0
0
0
0
0
0
0
0
0
0
0
0
0
6.31229e-16
-5.35697e-16
0
0
0
0
0
-8.91306e-15
0
0
0
0
0
0
-2.31228e-17
0
0
0
0
0
0
0
0
0
6.13642e-17
9.06264e-15
0
0
0
0
0
0
0
0
0
0
0
0
1.49233e-15
0
0
0
0
0
0
0
0
0
1.35718e-16
0
2.0737e-14
0
0
0
0
0
0
0
0
0
0
0
0
0
-4.00927e-16
0
0
0
0
0
0
0
0
0
0
-2.70544e-16
4.50358e-17
0
0
0
0
0
0
0
0
0
0
0
0
0
0
0
0
-4.76693e-14
0
0
0
0
0
0
0
0
0
-6.00674e-17
-3.7357e-16
0
0
0
0
0
0
-1.04425e-14
1.69165e-16
0
0
0
0
0
0
0
0
0
0
0
0
0
0
0
0
0
0
0
0
0
0
0
0
0
0
8.10592e-15
0
0
0
0
0
0
0
0
0
0
0
0
0
0
0
0
2.37091e-14
3.41577e-14
0
0
0
0
0
0
0
0
0
0
0
0
0
0
0
0
0
0
0
0
0
0
0
0
0
0
0
0
0
0
0
0
0
0
0
0
0
0
0
0
0
0
0
-5.81788e-17
9.04378e-16
0
0
0
0
0
0
0
0
0
0
0
0
0
0
0
0
0
0
0
0
0
0
0
-2.56496e-14
0
0
0
0
0
0
0
0
0
0
0
0
0
0
0
0
0
0
0
0
0
0
0
0
0
0
0
1.51955e-15
-3.40481e-15
0
0
0
0
0
0
0
0
0
0
0
0
0
0
0
0
0
0
0
0
0
0
0
0
0
0
0
0
0
0
0
1.04651e-14
0
0
0
0
0
0
0
5.62757e-08
1.36827e-16
0
0
0
0
0
0
0
0
0
0
0
0
0
0
0
0
0
0
-3.63647e-15
-6.27079e-17
0
0
0
0
0
0
0
-4.72291e-17
0
0
0
0
0
0
0
0
0
-1.37722e-15
0
0
-1.40316e-16
0
0
0
0
0
-3.22389e-17
0
0
0
0
0
0
0
0
0
0
0
0
0
0
0
0
0
0
0
0
0
0
0
-5.85197e-16
0
0
0
0
0
0
0
0
0
0
0
0
0
0
0
0
0
0
0
0
0
0
0
0
0
0
0
0
0
0
0
0
0
0
0
0
0
0
0
0
4.77135e-15
-2.30943e-15
0
0
0
0
1.41038e-17
0
0
0
0
0
0
0
0
0
0
0
0
0
0
0
0
0
0
0
0
-6.95892e-17
0
4.52924e-17
0
0
0
2.77572e-15
0
-1.64653e-16
0
0
0
0
7.52321e-15
0
0
0
1.4845e-17
0
0
0
0
0
0
0
0
0
0
0
0
0
0
4.21291e-30
0
0
0
0
0
0
0
0
-3.84807e-16
0
1.21199e-15
8.04839e-15
6.96025e-16
0
0
0
0
0
0
0
1.9549e-16
0
0
0
0
0
0
0
0
-1.57252e-14
7.9813e-14
0
0
0
0
0
0
0
0
6.75547e-16
5.52769e-17
0
0
-3.3138e-17
0
0
0
0
0
0
0
0
0
0
0
0
0
0
0
0
0
1.37772e-16
0
0
0
0
0
0
0
0
0
0
0
2.36262e-17
1.1712e-18
0
-2.04445e-16
0
0
0
0
0
-9.47351e-16
0
0
0
0
0
0
0
0
0
0
0
0
0
0
0
0
0
0
0
0
0
0
0
0
0
0
4.65564e-16
0
0
0
0
0
0
0
0
0
0
-6.96019e-17
-5.81558e-17
-1.21136e-16
0
0
0
1.57091e-15
1.40856e-16
0
0
0
0
0
0
0
-5.75147e-16
0
6.99559e-16
-6.56862e-15
0
0
0
0
0
0
-1.64044e-16
0
0
0
0
0
0
0
0
0
0
0
0
0
0
0
0
0
-1.89698e-14
0
0
0
0
1.53678e-15
-7.92079e-16
0
0
0
0
0
0
0
0
0
0
0
0
-4.86449e-16
0
0
0
0
0
0
0
0
0
0
0
0
0
-2.34988e-17
0
0
0
0
0
0
0
0
0
0
0
0
0
0
0
0
0
9.08707e-15
0
0
1.12132e-14
0
0
0
0
0
0
0
0
0
0
0
0
0
0
0
0
0
0
0
0
0
0
0
0
0
0
0
0
0
0
0
0
0
0
3.32224e-15
1.32096e-15
0
0
-5.16695e-17
-1.99475e-33
0
0
0
0
0
0
0
0
0
0
0
0
0
0
0
0
0
0
0
0
0
0
0
0
0
-2.1784e-14
2.91066e-14
0
0
0
0
0
0
1.20611e-15
1.02929e-30
0
-2.46076e-16
0
0
0
0
0
0
0
0
0
0
0
0
0
0
0
4.66267e-14
0
0
0
1.08807e-16
2.9734e-17
0
0
0
0
0
0
0
0
1.12485e-15
0
0
0
0
0
0
0
-2.73096e-15
0
-1.05507e-14
0
0
0
0
0
0
0
0
0
0
0
0
0
0
0
-2.86586e-15
0
0
0
0
0
0
-7.77464e-15
0
0
0
0
0
0
0
0
0
0
0
0
0
0
0
0
0
0
0
0
0
0
0
0
-6.58144e-16
-3.91013e-15
0
0
0
0
0
0
0
0
0
0
0
0
0
0
0
2.66973e-16
-9.31837e-17
5.27433e-16
-8.51772e-16
0
0
0
0
0
0
0
0
0
0
0
0
0
0
0
0
0
0
0
2.62762e-16
0
2.19277e-16
0
0
0
0
0
0
0
0
0
0
0
0
0
0
0
0
0
0
0
0
0
0
0
0
0
0
0
0
0
0
0
0
0
0
0
0
0
0
9.60478e-18
1.27165e-31
0
0
0
0
0
7.34368e-17
-2.8751e-16
0
0
0
0
0
0
0
0
1.18549e-14
0
0
0
0
0
0
0
0
0
0
0
0
0
0
0
0
0
0
0
0
0
0
0
-1.02323e-16
-1.86563e-16
0
0
0
0
0
0
-4.7489e-14
0
2.79267e-14
0
0
0
0
0
0
0
0
-1.36279e-16
0
0
0
0
0
0
0
0
0
0
0
0
0
0
0
0
0
0
0
0
0
0
0
0
0
0
-2.92892e-16
1.74892e-16
0
0
0
0
0
0
0
0
0
0
0
0
0
0
0
0
0
0
0
0
0
0
0
0
0
0
0
0
0
0
0
0
0
0
0
0
0
0
0
0
0
0
0
0
0
0
0
0
0
0
0
0
0
0
0
0
0
0
0
0
0
0
0
0
0
0
0
0
0
0
0
0
0
0
0
0
0
0
0
0
0
0
0
0
0
0
0
0
0
0
0
0
0
0
0
0
-1.91333e-14
9.99123e-15
0
0
0
0
0
0
0
0
0
0
0
0
0
0
0
0
0
0
0
0
0
0
0
-3.86679e-14
0
1.53544e-14
0
0
0
0
0
0
0
0
0
0
0
0
0
0
0
0
0
0
0
0
0
0
0
0
0
0
0
8.23792e-16
0
0
0
0
0
0
0
0
0
0
0
2.69135e-16
-5.78159e-17
0
0
0
0
0
0
0
-4.15065e-16
3.40656e-17
0
0
0
0
-8.72177e-17
0
-8.80212e-16
0
0
0
0
0
0
0
0
0
0
0
0
0
0
0
0
0
0
0
0
0
0
0
0
0
0
0
0
0
0
0
0
0
0
0
0
0
0
0
0
0
0
0
0
0
0
0
0
1.77394e-16
0
-5.12136e-17
0
0
2.79528e-16
-1.46316e-16
0
0
0
0
0
0
0
0
0
-3.04311e-16
3.98803e-17
0
0
0
0
-8.62744e-17
0
0
0
0
0
0
0
0
0
0
0
0
0
0
0
-1.28894e-16
0
0
0
0
0
0
0
0
0
0
0
0
0
0
0
0
0
0
0
0
0
0
0
0
0
0
0
0
0
0
0
0
0
0
0
0
0
0
0
0
0
0
0
0
0
0
0
0
0
0
0
0
0
0
-5.13151e-16
-2.21325e-16
0
0
0
0
0
0
0
0
0
0
0
0
0
0
0
0
0
0
0
0
0
0
0
0
0
0
0
0
0
0
0
0
0
0
0
0
0
0
0
0
0
0
0
0
0
0
0
0
0
0
0
0
0
0
0
0
0
0
0
0
0
0
0
0
0
0
0
0
0
0
0
0
0
0
0
0
0
0
0
0
-3.11295e-16
0
0
0
0
0
0
0
0
0
0
0
0
0
0
-1.29517e-16
0
0
0
0
0
0
3.0267e-16
0
0
0
0
0
0
0
0
2.81769e-16
0
0
0
0
0
0
0
0
0
0
0
0
0
0
-4.05729e-14
-2.71445e-14
-6.88718e-14
0
8.62352e-14
-2.19681e-14
0
0
0
0
0
0
0
2.81286e-15
0
0
0
0
0
0
0
0
0
0
0
0
0
0
0
0
0
0
-1.14492e-14
0
0
0
0
0
0
0
0
0
0
0
0
8.17024e-17
0
0
0
0
0
0
1.76176e-29
0
0
0
0
0
0
0
0
0
0
0
0
0
2.90692e-14
0
0
0
0
0
0
0
0
0
0
0
0
0
0
0
0
0
0
0
0
2.35361e-17
-2.5433e-31
0
0
-2.8917e-17
8.79361e-17
1.9166e-16
0
0
0
0
0
0
0
0
0
0
0
0
0
0
0
0
0
0
0
0
0
0
0
0
0
-4.15878e-14
6.3916e-14
1.79016e-14
0
0
0
0
0
0
0
0
0
0
0
0
0
0
0
0
0
0
0
-2.05627e-16
0
0
0
0
0
0
0
0
0
4.53036e-08
0
0
0
0
0
0
0
0
0
0
0
0
0
0
0
0
0
0
5.07242e-17
-2.03055e-15
0
0
0
0
0
0
0
0
0
0
0
0
0
0
-1.7114e-16
0
0
0
0
0
0
0
0
0
7.65034e-17
0
-4.49972e-16
0
0
0
0
0
0
0
0
0
0
0
0
0
1.29316e-16
0
0
0
0
0
0
0
0
0
0
0
0
0
0
0
0
0
0
0
0
0
0
0
0
0
0
0
0
0
0
0
0
0
0
0
1.27693e-15
0
0
0
0
0
0
0
0
0
0
0
0
0
0
0
0
0
0
0
0
0
0
0
0
0
0
0
-4.00259e-16
2.83813e-16
0
0
0
0
0
0
0
0
0
0
-5.69276e-16
0
0
0
0
0
0
0
0
0
0
0
0
0
0
0
0
0
0
0
0
0
0
0
0
0
0
0
0
0
0
0
0
0
0
0
0
1.3554e-16
0
0
0
0
0
0
0
0
0
0
-3.14011e-16
1.78324e-16
0
0
0
0
0
0
0
0
0
0
0
0
0
0
0
0
0
0
0
0
0
0
0
0
0
0
0
0
0
0
0
0
0
0
0
0
0
0
0
0
0
0
0
0
0
0
0
0
0
0
0
0
0
0
3.76201e-16
0
-8.93378e-16
0
0
0
0
0
-2.88035e-16
0
0
0
0
-2.02049e-15
-1.37031e-16
0
0
0
0
0
0
0
0
0
0
0
0
0
0
0
0
0
0
0
0
0
0
0
0
0
0
0
0
0
0
0
0
0
0
3.84568e-16
0
0
0
0
0
0
0
0
0
0
0
0
0
0
0
0
0
0
0
0
0
0
0
0
-1.33513e-15
0
0
0
0
0
0
0
-2.57322e-31
0
0
0
0
0
0
0
0
0
0
0
0
0
0
0
0
0
0
0
0
0
0
0
0
0
0
0
0
0
0
0
0
0
0
0
0
0
0
0
0
0
0
0
0
0
0
0
0
0
0
0
0
0
0
0
0
0
0
0
0
0
0
0
0
0
0
0
0
0
0
0
0
0
0
0
0
0
0
0
0
0
0
0
0
0
0
0
0
0
0
0
0
0
0
0
0
0
0
-5.38609e-17
0
0
0
0
0
0
0
0
0
0
0
0
0
0
0
0
0
0
0
0
0
0
0
0
0
0
0
0
0
0
0
0
0
0
0
0
0
0
0
0
0
0
0
0
0
0
0
0
0
0
0
0
0
0
0
0
0
0
0
0
0
0
0
0
0
0
0
0
0
0
0
0
2.32785e-17
0
0
0
0
0
0
0
0
0
0
3.87083e-17
0
0
0
0
0
-5.00946e-17
-5.07241e-17
0
0
0
0
0
0
0
0
0
0
0
0
0
0
0
-5.59231e-14
-3.27983e-14
0
0
0
0
0
0
0
0
0
0
0
0
0
0
0
0
0
0
0
0
0
0
0
0
0
0
0
0
0
4.53914e-16
0
0
0
0
0
0
0
0
0
0
0
0
0
0
0
0
0
0
0
0
0
0
0
0
0
-5.74604e-15
-4.21554e-15
0
0
0
-3.15369e-17
1.11641e-17
0
0
2.5918e-16
0
0
0
0
0
0
0
0
0
0
0
0
0
0
0
0
0
0
0
0
0
0
0
0
0
0
0
0
0
0
0
0
0
0
0
0
0
0
0
0
0
1.05248e-14
2.16918e-16
0
0
0
0
0
0
0
0
0
0
0
0
0
0
0
0
0
0
0
0
0
1.62825e-16
-4.70527e-16
0
0
0
0
0
0
1.06607e-16
2.74781e-16
0
0
0
0
0
0
0
0
0
0
0
0
0
0
0
0
0
0
0
0
0
0
0
0
8.3631e-17
0
0
0
0
0
0
0
0
0
0
0
0
0
0
0
0
0
0
0
0
0
0
0
0
0
0
0
0
0
0
6.19495e-15
4.26375e-15
0
0
0
0
0
0
0
0
0
0
0
0
0
0
0
0
0
0
0
0
0
1.82358e-16
0
0
0
0
0
0
0
0
0
0
0
0
0
0
0
0
0
0
0
0
0
0
0
0
0
0
0
0
0
0
0
0
0
0
0
0
-3.5463e-14
0
0
0
0
0
0
0
0
0
0
0
0
0
-2.2879e-19
0
0
0
0
0
0
0
0
0
0
0
0
0
0
0
1.12312e-14
0
0
0
0
0
0
0
0
0
0
0
0
0
0
0
0
0
0
0
0
0
3.78161e-17
6.35462e-17
0
0
0
0
0
0
0
0
0
0
0
0
0
0
0
0
0
0
0
0
0
0
0
0
-4.15325e-14
0
0
0
0
0
0
0
0
0
0
0
0
0
0
0
0
0
0
0
0
0
0
0
0
0
0
0
0
0
0
0
0
0
0
0
0
0
0
0
0
0
0
0
0
0
0
0
0
0
0
0
-2.79502e-15
1.88202e-15
9.15024e-16
-2.81698e-16
1.93203e-16
0
0
0
0
0
0
0
0
0
0
0
0
0
0
0
0
0
0
0
0
0
0
0
0
0
0
0
0
0
-8.69322e-16
0
0
0
0
0
0
0
0
0
0
0
0
0
0
0
0
0
-7.67128e-16
0
0
0
0
0
0
0
0
0
0
0
0
0
0
0
0
0
0
0
2.67856e-14
-3.42646e-17
-3.67722e-15
0
0
0
0
0
0
0
0
0
0
0
0
0
5.44583e-17
0
0
0
0
0
0
0
1.30279e-15
0
1.46516e-14
0
0
0
0
0
0
0
0
0
2.61843e-16
0
0
0
0
0
9.60192e-15
0
0
0
0
0
0
0
0
0
0
0
0
0
0
0
0
0
0
0
0
0
0
-3.38873e-15
0
0
0
0
0
0
0
0
0
0
0
0
0
0
0
0
0
0
0
0
0
0
0
0
0
0
0
0
0
0
0
0
0
1.12103e-16
0
0
0
0
0
0
0
0
2.87564e-15
-1.17379e-16
0
0
0
0
0
0
0
0
0
0
0
0
0
0
0
0
0
0
0
0
0
0
0
0
0
0
0
0
0
0
0
0
0
0
0
0
0
-4.18591e-17
0
0
0
0
0
0
0
0
0
0
0
0
-2.15674e-14
3.28096e-29
1.66017e-14
0
0
0
0
0
0
0
0
0
0
0
0
0
0
0
0
0
6.54971e-16
0
0
0
0
-2.27518e-15
0
0
0
0
0
0
0
0
0
0
0
-3.89056e-16
7.17915e-17
0
0
0
0
0
0
0
-9.6503e-14
2.14427e-15
0
0
0
0
0
0
-3.05941e-14
0
0
0
0
0
-3.02696e-17
0
0
0
0
0
0
0
0
0
0
0
0
0
0
0
0
0
0
0
0
0
0
0
0
0
0
0
0
0
0
0
0
0
0
0
0
0
0
0
0
0
0
0
1.18046e-16
0
0
0
0
0
0
0
0
0
0
0
0
0
0
0
0
0
0
0
0
0
0
0
0
0
0
0
0
0
-2.02267e-30
0
0
0
0
0
0
0
0
0
0
0
0
0
0
0
0
0
-3.33977e-14
-2.60803e-14
4.5136e-17
0
0
0
0
0
0
0
0
0
0
0
0
0
0
0
0
0
0
0
0
0
0
0
0
0
0
-8.48293e-15
0
0
0
0
0
0
0
1.42138e-16
0
-3.49855e-16
2.9411e-15
0
0
0
0
0
0
0
0
0
0
0
0
0
0
0
0
0
0
0
0
0
0
0
0
0
0
1.8193e-15
0
0
0
0
0
0
0
0
0
0
0
0
0
0
0
0
0
0
0
0
3.14792e-17
8.42522e-18
0
0
0
0
0
0
0
0
0
3.63596e-14
0
-1.64686e-29
0
0
0
0
0
0
0
0
0
0
0
0
0
0
0
0
0
0
0
0
0
0
0
0
0
0
0
0
0
-2.58421e-17
0
0
0
0
0
0
0
0
0
0
0
0
0
0
0
0
0
0
0
0
0
0
0
0
0
0
0
0
5.80129e-16
0
0
0
0
0
0
0
0
0
0
0
0
0
0
0
0
0
0
0
0
0
0
5.25219e-16
0
0
0
0
0
0
0
0
0
0
0
0
0
0
0
0
0
-1.43351e-18
1.52416e-16
0
0
0
0
0
0
0
0
0
0
-2.72838e-17
0
0
0
0
0
0
2.84782e-15
-6.61315e-16
0
1.09286e-14
0
0
0
0
0
0
0
0
0
0
0
0
0
0
3.04018e-14
0
0
0
0
0
0
0
0
0
0
0
0
0
0
0
0
0
0
0
0
0
0
0
0
0
0
0
0
0
0
0
0
0
0
0
0
0
0
0
0
0
0
0
0
0
0
0
0
0
0
0
-4.43878e-14
-8.23432e-30
0
4.57244e-15
0
-1.05736e-17
0
0
0
0
0
0
0
0
0
0
0
0
0
0
0
0
0
0
0
0
0
0
0
0
0
0
0
0
0
0
0
0
0
0
0
0
0
0
0
0
0
0
0
0
0
0
0
0
0
0
0
0
-1.1541e-15
0
0
0
0
0
0
0
0
0
0
0
0
0
0
0
0
0
0
0
0
0
0
0
0
0
0
0
0
0
-3.64295e-15
0
0
0
0
0
0
0
0
0
0
0
0
0
0
0
0
0
0
0
0
0
0
-1.83661e-14
0
0
0
0
0
0
0
0
0
0
0
0
0
0
0
0
0
-1.79064e-16
1.56407e-15
0
0
0
0
0
0
0
2.36971e-16
0
0
0
0
0
0
0
0
0
0
0
0
0
0
0
0
0
0
0
0
0
0
0
0
0
0
0
0
0
2.27773e-15
5.82372e-15
0
7.0777e-14
-3.267e-29
0
0
0
0
0
0
0
0
0
0
0
0
0
0
0
0
0
0
0
0
0
0
0
0
-3.67171e-15
0
0
0
0
0
0
0
0
0
-6.65442e-16
-2.4576e-17
0
-4.55375e-14
7.13302e-14
0
0
0
-2.04459e-14
0
0
0
0
0
0
0
0
0
0
0
0
0
0
0
0
0
0
0
0
0
0
0
0
0
0
0
0
0
0
4.13364e-14
1.45369e-16
0
0
0
0
0
0
0
-1.78029e-15
0
0
0
0
-8.08386e-14
0
0
0
0
0
0
0
0
0
0
9.16589e-17
0
0
0
0
0
0
0
0
0
0
0
0
0
-2.87813e-17
-1.49131e-17
-1.85054e-14
-1.77124e-16
0
0
0
0
0
0
-1.36616e-14
0
0
0
0
0
0
0
0
0
0
0
0
0
0
0
0
0
0
0
0
0
0
0
1.78414e-14
0
0
0
0
0
0
0
0
0
0
0
0
0
0
0
0
0
0
0
0
0
0
0
0
0
0
0
0
0
0
0
0
0
0
0
0
-7.81995e-15
0
0
0
0
0
0
-2.18879e-16
0
0
0
-3.88944e-15
0
0
0
0
0
0
0
0
0
0
0
0
0
0
0
0
0
0
0
0
0
0
0
0
0
0
0
0
0
0
0
0
0
0
0
0
1.71618e-14
0
0
0
5.56163e-16
-1.01442e-16
0
0
0
0
0
0
0
0
0
0
0
0
-1.13247e-16
-4.87183e-15
0
0
0
0
0
0
0
0
0
0
0
0
0
0
0
0
0
0
0
0
0
0
0
0
0
0
0
0
0
0
0
0
1.17571e-17
4.94834e-16
0
0
0
-2.87322e-14
0
0
0
0
0
0
0
0
0
0
0
0
0
-1.73953e-14
-2.15678e-14
1.30883e-13
-2.36498e-14
0
0
0
0
0
0
0
3.5202e-16
2.4731e-16
0
0
0
0
0
0
0
0
0
0
0
0
0
0
0
0
0
0
0
0
0
0
0
0
0
0
0
0
0
0
0
0
0
0
0
0
0
0
0
0
0
0
5.80581e-14
0
-2.79347e-15
0
0
0
0
-4.36983e-14
4.00573e-14
0
0
0
0
0
1.53567e-16
0
0
0
0
0
0
0
0
0
0
0
0
0
0
0
0
0
0
0
0
0
0
0
0
0
0
0
0
0
0
0
0
0
0
0
0
-4.09865e-16
0
0
0
0
0
0
0
0
0
0
0
0
0
0
0
0
0
0
2.0515e-16
0
0
0
0
0
0
0
0
0
0
0
0
0
0
0
-5.99498e-15
0
0
0
0
0
0
0
0
0
0
0
0
0
0
0
0
0
0
0
0
0
0
0
0
0
0
0
1.8971e-16
-2.70899e-16
0
0
0
0
0
0
0
0
0
0
0
0
0
0
0
0
0
0
0
0
0
0
7.68196e-16
0
0
0
0
0
0
0
0
0
0
0
0
0
0
0
0
0
0
0
0
0
0
0
6.81972e-14
4.86686e-17
0
0
0
0
0
0
0
0
0
0
0
0
0
0
0
0
0
0
0
0
0
0
-2.95613e-14
0
-1.59481e-14
0
0
0
0
0
0
0
0
0
0
0
0
0
0
0
0
0
0
0
0
0
0
0
0
0
0
0
0
0
0
0
0
0
0
0
0
0
0
0
0
0
0
0
0
0
0
0
0
0
0
0
0
0
0
0
0
0
0
-2.93784e-17
-5.97942e-16
0
0
0
0
0
0
0
0
0
0
0
0
0
0
0
0
0
0
0
0
0
0
0
0
0
0
0
0
0
0
0
0
1.73493e-14
0
0
0
0
0
0
0
0
0
0
0
0
0
0
0
0
0
0
0
0
0
0
0
0
0
0
0
0
0
0
0
0
0
0
0
0
0
3.30725e-17
-5.51874e-17
0
0
0
0
0
0
0
0
0
0
0
0
0
0
0
0
0
0
0
0
0
0
0
0
0
0
0
2.03464e-30
6.53305e-16
0
0
0
0
0
0
0
0
0
0
0
0
0
0
0
0
0
0
0
0
0
0
0
0
0
0
0
0
0
0
0
0
0
0
0
0
0
0
0
0
0
0
0
0
-3.9394e-14
9.02678e-14
0
0
0
0
0
0
0
0
0
0
0
0
0
0
0
0
0
0
0
0
0
0
0
0
0
0
0
2.6872e-14
0
0
7.93419e-16
0
0
0
0
0
0
0
0
0
0
0
0
0
0
0
0
0
0
0
0
0
0
0
0
0
0
0
-2.90746e-16
0
0
0
0
0
0
0
0
0
0
0
0
0
0
0
0
0
0
0
0
0
0
0
0
0
0
0
0
0
0
0
0
0
0
0
0
0
0
0
0
-4.157e-16
0
9.68032e-16
1.4807e-16
3.14034e-16
0
0
0
0
0
0
1.11483e-16
0
0
0
0
0
0
0
0
0
2.46493e-14
0
4.67137e-14
0
0
0
0
0
0
0
0
0
0
0
0
0
0
0
0
0
0
0
0
0
0
0
0
0
0
0
0
0
0
0
0
0
0
0
0
0
-3.37032e-29
1.30389e-14
0
0
0
2.45115e-29
0
-5.36733e-17
2.77857e-16
0
0
0
0
0
0
0
0
0
0
0
0
0
0
0
0
0
0
0
0
3.9787e-15
-4.75518e-14
0
0
0
-8.47884e-17
0
0
0
0
0
0
0
0
0
0
0
0
0
0
0
0
0
0
0
0
0
0
0
0
0
0
0
2.03634e-16
0
0
0
0
0
0
0
0
0
-8.13857e-30
-2.49253e-16
0
0
-2.15133e-16
0
0
0
1.32698e-16
0
0
0
0
0
0
0
0
0
0
0
0
0
0
0
0
0
0
0
0
0
0
7.04941e-16
7.85044e-16
0
0
4.45695e-15
0
0
0
-5.8656e-14
0
0
0
0
0
0
0
0
0
0
0
0
0
0
0
0
0
-4.09102e-16
0
0
0
0
0
0
0
0
0
9.19179e-30
0
0
0
0
0
0
0
0
0
0
0
0
0
0
0
0
0
0
0
6.23462e-16
0
0
0
0
0
0
0
0
0
0
0
0
0
0
0
0
0
0
0
0
0
0
0
0
-9.07006e-15
3.95483e-15
0
0
0
0
0
0
0
0
0
0
0
0
0
0
0
0
0
0
0
0
0
0
0
0
0
-4.47501e-15
0
0
0
0
-2.15056e-17
0
0
0
0
0
0
0
0
0
0
0
0
0
0
0
0
0
0
0
0
0
0
-7.24969e-17
6.06629e-17
2.00253e-17
0
0
0
0
1.6445e-15
0
-2.90745e-16
0
0
0
0
0
0
0
0
0
0
4.14749e-15
0
0
0
0
0
1.46932e-14
2.857e-15
0
0
0
0
0
0
0
0
0
0
0
0
0
0
0
0
0
0
0
0
0
0
0
0
0
0
0
0
0
0
0
0
0
0
0
0
0
0
0
0
0
0
0
0
0
0
0
0
0
0
0
0
0
0
0
0
0
0
0
0
0
0
0
0
0
0
0
0
0
0
0
0
0
0
0
0
0
0
0
0
0
-4.59012e-17
-6.32623e-16
0
0
0
0
0
0
0
0
0
-2.3721e-15
-1.59649e-14
0
0
0
0
0
0
3.56376e-15
0
5.06152e-14
0
0
0
0
0
0
0
0
0
0
0
0
0
3.56735e-15
0
0
0
0
0
0
0
0
0
0
0
0
0
0
0
0
0
0
0
0
0
0
0
3.47911e-16
0
1.70837e-15
0
0
0
0
0
0
0
0
0
-9.05633e-15
7.42924e-15
0
0
0
0
0
0
0
0
0
-2.28612e-17
0
0
0
0
0
0
0
0
-1.42319e-14
0
0
0
0
0
0
0
0
0
2.32135e-15
0
0
0
0
0
0
0
0
0
0
0
0
0
0
0
0
0
0
0
0
0
0
0
0
0
0
0
0
0
0
0
0
0
1.85832e-14
0
0
0
0
0
0
0
0
0
0
0
0
0
0
-5.13247e-17
0
0
0
0
0
0
0
0
0
0
0
0
0
0
0
0
0
0
0
0
0
0
0
0
0
0
0
0
0
0
0
0
0
0
0
0
0
0
0
0
0
0
0
0
0
0
0
0
0
0
0
0
0
0
0
0
0
0
0
0
0
0
0
0
-4.95872e-15
0
0
0
0
0
0
0
0
0
0
0
0
0
0
0
0
0
0
0
0
0
0
0
0
0
0
0
0
0
0
0
0
0
0
0
0
0
0
0
0
0
0
0
0
0
0
0
0
0
0
1.35676e-15
0
1.63372e-15
0
0
0
0
0
0
0
0
0
-5.26613e-31
-7.06326e-16
0
0
0
0
0
0
0
0
0
0
0
0
0
0
0
0
0
0
0
0
0
0
0
0
0
0
0
0
0
0
0
0
0
0
0
0
0
0
0
0
0
0
0
0
0
8.61993e-14
1.96137e-14
2.60339e-16
0
0
0
0
0
0
0
0
0
0
0
0
0
0
-2.69108e-16
0
0
0
0
0
0
0
0
0
0
0
0
0
0
0
0
0
0
-1.3021e-16
5.88621e-16
0
0
0
3.89664e-14
2.33914e-15
0
0
0
0
0
0
0
0
0
9.44611e-16
0
0
-7.37227e-16
0
0
0
0
0
4.20605e-15
0
0
0
0
0
0
0
0
0
3.09542e-15
-7.93197e-14
0
0
0
0
0
0
0
0
0
0
0
0
0
0
0
0
0
-2.83041e-14
0
0
0
0
0
0
0
0
0
0
0
0
-2.63307e-31
0
0
0
3.75643e-14
7.59912e-14
-4.9135e-15
-1.77241e-14
0
0
0
0
0
0
0
0
0
0
0
0
0
0
0
0
0
0
0
0
0
0
0
0
-2.55452e-31
0
0
0
0
0
0
-5.11637e-16
0
0
0
0
0
-1.87139e-14
3.26819e-29
0
0
0
0
0
0
-2.1584e-17
-4.2319e-15
0
0
-7.83483e-17
0
0
0
-8.88073e-17
-4.9235e-17
0
0
0
0
0
-1.63268e-15
-4.70599e-15
0
0
0
0
0
0
0
0
0
0
0
0
0
0
0
0
0
0
0
0
0
0
0
0
0
0
0
0
0
0
0
0
0
0
0
0
-1.77763e-14
5.06997e-15
0
0
0
0
0
0
0
0
-1.75638e-14
3.84285e-14
0
0
0
0
0
0
0
0
0
0
0
0
0
0
0
0
0
0
0
0
1.23946e-14
1.19994e-13
-6.55645e-14
0
0
0
0
0
0
0
0
0
0
0
0
0
0
0
0
0
0
0
0
0
0
0
0
0
0
0
0
0
0
0
0
0
0
0
0
0
0
0
0
0
1.55217e-14
0
0
0
0
0
0
0
0
0
0
0
0
0
0
0
0
0
0
0
0
0
0
0
0
0
0
0
0
0
8.52762e-17
0
0
0
0
0
0
0
0
0
8.84337e-15
-1.63668e-15
0
0
0
0
0
0
0
0
0
0
0
0
0
0
0
0
0
1.07107e-15
0
0
0
0
0
0
0
0
0
0
0
0
0
0
0
0
0
0
0
0
0
0
0
0
0
0
0
0
0
0
0
0
0
0
0
0
0
0
0
0
0
0
0
0
0
0
0
0
0
0
0
0
0
0
0
0
0
0
0
0
0
0
0
0
0
0
0
0
0
0
0
0
0
0
0
0
0
0
0
0
0
0
0
0
0
0
0
0
0
0
0
0
0
0
0
0
0
0
0
0
-1.84913e-16
0
0
0
0
0
0
-2.35349e-14
0
0
0
0
0
0
0
0
0
0
0
0
0
0
0
0
0
0
0
0
0
0
0
0
0
0
-2.86002e-14
0
0
0
0
0
0
0
0
0
0
0
0
0
0
0
0
0
0
0
0
0
0
0
0
0
0
0
0
0
0
0
0
0
0
0
0
1.03961e-15
3.93337e-16
0
0
0
0
0
0
0
0
0
0
0
0
0
0
0
0
0
0
0
0
0
0
0
0
0
0
0
0
0
0
0
0
0
0
0
0
0
0
0
0
0
0
0
0
-6.07752e-17
0
0
0
0
0
0
0
0
0
0
0
0
0
0
1.37612e-16
0
0
0
0
0
0
0
0
0
0
0
0
0
0
0
0
0
0
0
0
0
0
0
0
0
0
0
0
0
0
0
0
0
0
0
0
0
0
0
0
0
0
0
0
-3.71364e-15
-3.67648e-15
0
0
0
0
0
0
0
0
0
0
0
0
0
0
0
0
0
0
0
0
0
0
0
0
0
0
0
0
0
0
0
0
0
0
0
0
0
0
0
0
0
0
0
0
0
0
0
0
0
0
0
0
0
0
0
0
0
0
0
0
0
0
0
0
0
0
0
0
0
0
0
0
0
7.27041e-15
0
0
0
0
0
-4.19153e-14
0
0
0
0
0
0
0
0
0
0
0
0
0
0
0
0
0
0
0
0
0
0
0
0
0
0
0
0
0
0
0
0
0
0
0
0
0
0
-6.73872e-16
0
0
0
0
0
0
0
0
0
0
0
0
0
0
0
0
0
0
0
0
1.3224e-14
0
0
0
0
0
0
2.75651e-15
0
0
0
0
0
0
0
0
0
0
0
0
0
0
0
0
0
0
0
0
0
0
0
0
0
0
0
0
0
0
0
0
0
6.15825e-15
2.22797e-14
0
0
0
0
0
1.73911e-15
3.84952e-17
5.96087e-16
0
0
0
0
0
0
0
0
0
0
0
0
0
0
0
0
0
0
0
0
0
0
0
0
0
0
0
0
0
0
0
0
0
0
0
0
1.27603e-16
0
0
0
0
0
0
0
0
3.58641e-17
0
0
0
0
0
0
0
0
0
0
0
0
0
0
0
0
0
0
0
0
0
0
0
0
0
0
0
0
0
0
0
0
0
0
0
0
0
0
0
0
0
0
-8.76893e-16
-1.799e-16
0
0
0
0
0
0
0
0
0
-4.51231e-15
0
0
0
0
0
0
0
0
0
0
0
0
0
0
0
0
0
0
0
0
4.84972e-16
0
-1.45348e-15
0
0
0
0
0
0
0
0
0
0
0
0
0
0
0
0
0
0
0
0
0
0
0
0
0
0
0
0
0
0
0
0
0
0
0
0
0
0
0
0
0
0
0
0
0
0
0
0
0
0
0
0
0
0
0
0
0
0
0
0
0
0
0
0
0
0
0
4.00414e-15
2.75253e-14
0
0
0
0
0
0
0
0
0
0
0
-3.60986e-14
0
0
0
0
0
0
0
0
0
0
0
0
0
0
0
0
0
0
0
0
0
0
0
0
0
0
0
0
0
0
0
0
0
0
0
0
0
0
0
-1.90551e-14
0
0
0
-2.55287e-14
-7.13085e-14
0
4.74294e-15
-2.79147e-14
0
0
0
0
0
0
0
0
0
0
0
0
0
0
0
0
0
0
0
0
0
0
0
0
0
0
0
0
0
0
0
0
0
0
0
0
0
0
0
0
0
0
0
0
0
0
0
0
0
0
0
0
0
0
0
0
0
-5.58632e-16
0
0
0
0
0
0
0
0
0
0
-6.93628e-15
0
0
0
0
0
0
0
0
-3.5496e-14
-2.73614e-14
2.63498e-28
0
0
0
0
0
0
0
0
0
0
0
0
0
0
0
0
0
-1.46323e-14
-4.24626e-14
8.49789e-14
0
0
0
0
4.53561e-14
0
0
0
0
0
0
0
0
0
0
0
0
0
0
0
0
0
0
0
0
0
0
0
0
0
0
0
0
0
0
0
0
0
-6.61165e-16
-9.35957e-16
0
-7.31921e-16
1.5627e-14
0
0
0
0
0
0
-4.50795e-17
0
0
0
0
0
0
0
0
0
3.14422e-16
-1.85404e-16
6.64489e-16
-5.11006e-16
0
0
0
0
0
0
0
0
0
0
0
0
0
0
0
0
0
0
0
0
0
0
0
0
0
0
0
0
0
0
0
0
0
0
0
0
0
0
0
0
0
0
0
1.30217e-28
0
7.61381e-14
-1.28745e-16
-1.08063e-17
0
0
0
0
0
0
0
0
0
0
0
0
0
0
0
0
0
0
0
5.99284e-17
0
0
0
0
0
0
0
0
0
0
0
0
0
0
0
0
0
0
0
0
0
0
0
-2.51878e-18
0
0
0
0
0
0
0
0
-1.93528e-15
0
0
0
0
0
0
0
0
0
0
0
0
0
0
0
0
0
0
0
0
0
0
7.60998e-14
0
0
0
0
-1.07671e-13
-4.54936e-15
0
0
0
0
0
0
0
0
3.38429e-15
0
6.69617e-15
0
0
0
0
0
0
0
0
0
-1.30453e-14
0
0
0
0
0
0
0
0
0
0
0
0
0
6.9229e-15
0
0
0
0
0
0
-6.54935e-14
0
0
0
0
3.4965e-16
0
0
0
0
0
0
0
0
0
0
0
0
2.75377e-17
-1.55153e-16
0
0
0
0
0
0
0
0
0
0
0
0
0
0
0
0
0
0
0
0
0
0
0
0
0
0
-3.97643e-14
2.82e-14
0
0
0
0
0
0
0
0
0
0
0
0
0
0
0
0
7.63675e-15
0
0
0
0
0
0
0
0
0
0
0
0
0
0
0
0
0
0
0
0
0
0
0
0
0
0
0
0
0
0
0
0
0
0
0
0
0
0
0
0
0
0
0
0
0
0
-4.42826e-17
0
-1.18611e-18
0
0
0
0
0
0
0
0
0
0
9.43302e-14
0
0
0
0
0
0
0
0
0
0
8.08448e-16
0
0
0
0
0
0
0
0
0
1.54965e-15
-1.35354e-15
0
0
-3.64394e-17
-1.76019e-16
0
0
0
0
0
0
0
0
0
0
0
0
0
0
0
0
0
0
0
0
0
0
0
0
0
0
0
0
0
0
0
0
0
0
0
0
0
0
0
0
0
0
0
0
0
0
0
0
0
0
0
0
0
0
0
0
0
0
0
0
0
0
0
0
0
0
0
-6.38398e-16
0
0
0
0
0
0
0
0
0
0
0
0
0
0
0
0
0
0
0
0
0
0
0
0
0
0
0
0
0
0
0
0
0
0
0
0
0
0
0
0
0
0
0
0
0
0
0
0
0
0
0
0
0
0
0
0
0
0
0
0
0
0
0
0
0
0
0
0
4.84604e-14
0
0
0
0
0
0
0
0
0
0
0
0
0
0
0
0
0
0
2.32425e-17
-3.60057e-14
0
2.09937e-15
0
0
0
0
0
0
0
0
0
0
0
0
0
0
0
0
0
0
0
0
0
0
0
0
0
0
0
0
0
0
0
0
0
0
0
0
0
0
3.42961e-16
0
0
0
0
0
0
0
0
6.95434e-16
0
0
0
0
0
0
0
0
0
0
0
0
0
0
0
0
0
0
0
0
0
0
0
0
0
0
0
0
0
0
0
0
0
0
0
0
0
0
0
0
0
0
0
0
0
0
0
0
0
0
0
0
0
0
0
0
0
0
2.08706e-15
0
0
-3.58801e-14
0
0
0
0
0
0
0
0
0
0
0
0
0
0
0
0
0
0
0
-1.33954e-15
0
0
0
0
0
-5.69057e-14
0
0
0
0
0
0
0
0
0
0
0
0
0
0
0
0
0
0
0
0
0
0
0
0
3.61887e-14
0
0
0
0
0
0
0
0
0
0
0
0
0
0
0
0
0
0
0
0
0
0
0
0
0
0
0
0
0
0
0
0
0
0
0
0
0
0
0
0
0
0
0
0
0
0
8.63589e-18
0
0
0
0
0
0
0
0
0
0
0
0
0
0
0
0
0
0
0
0
0
0
0
0
-1.4507e-14
1.88361e-15
0
0
0
0
0
0
0
0
0
0
0
0
0
-3.56631e-14
0
0
0
0
0
0
0
0
0
0
0
0
0
0
0
0
0
-3.07766e-14
0
0
0
-1.26511e-14
0
0
0
0
-4.08724e-30
0
0
0
0
0
0
0
0
0
0
0
-1.85471e-14
2.75155e-14
0
0
-6.58875e-14
0
0
0
0
0
1.83856e-15
0
0
0
0
0
0
0
0
0
0
0
0
-1.2272e-13
0
0
0
0
0
0
0
0
0
0
0
0
0
0
0
0
0
0
-1.16769e-16
-9.62835e-17
0
-1.03231e-16
0
0
0
0
0
0
0
-4.08678e-15
0
0
0
0
7.7529e-15
0
0
0
0
0
0
0
0
0
0
0
0
0
0
0
0
-2.29676e-14
0
9.10875e-15
0
0
2.44664e-18
5.92258e-14
0
-9.1288e-15
8.33354e-14
0
0
0
0
0
0
0
0
0
0
3.54998e-14
0
0
0
0
0
0
0
0
0
0
0
0
0
0
0
0
0
0
0
0
-7.55768e-14
0
0
0
0
0
0
0
0
0
0
0
0
0
0
0
0
0
0
0
0
0
0
0
0
0
0
0
0
0
0
0
0
0
3.55654e-14
0
0
0
0
0
0
0
0
0
0
0
0
0
0
0
0
-1.16183e-16
-3.94307e-14
0
0
0
0
0
-3.83612e-14
0
0
0
0
0
0
0
0
0
0
0
0
0
0
0
0
0
0
0
0
0
0
0
0
4.43886e-14
0
0
0
0
0
0
0
0
0
0
0
0
6.24931e-15
0
0
-4.35558e-15
0
0
3.92903e-14
-3.93683e-16
0
0
0
0
0
0
0
0
0
0
0
0
0
0
0
0
0
0
-2.10677e-14
0
3.79717e-15
0
0
0
0
0
0
0
0
0
0
0
0
0
0
1.00265e-17
0
0
0
0
0
0
0
0
0
0
0
0
0
0
0
0
0
0
0
0
0
0
0
0
0
0
0
0
0
0
0
-2.29228e-14
-1.94383e-14
0
0
0
1.22706e-14
0
0
0
0
0
0
0
0
0
0
2.07788e-15
0
8.70543e-14
0
0
0
0
0
0
0
0
0
0
0
0
0
0
0
0
0
0
0
0
0
0
0
0
0
0
0
0
0
0
4.2893e-15
0
0
0
0
0
0
0
0
0
0
0
0
0
0
0
0
-2.70811e-15
0
0
3.25543e-29
0
0
0
0
0
0
0
0
0
0
-4.06634e-14
5.74012e-14
0
0
0
0
0
0
0
0
0
0
0
-8.18791e-15
0
0
-9.09377e-18
0
0
0
0
0
0
0
0
0
0
0
0
0
0
0
0
0
0
-2.18161e-15
0
0
0
-5.46551e-18
-1.49428e-17
0
0
0
0
0
0
0
0
0
0
0
0
0
0
0
0
0
0
0
0
0
0
0
0
0
0
-6.03648e-17
1.77803e-16
0
0
0
0
0
0
0
-4.69362e-17
0
0
8.92663e-14
0
-2.82737e-15
0
0
0
0
-1.3509e-15
4.09549e-14
0
0
5.13869e-18
0
0
0
0
0
0
0
0
0
0
9.14225e-17
-3.01517e-17
0
0
0
0
0
0
0
4.46339e-15
0
0
0
-5.03061e-16
0
0
0
0
0
0
0
0
0
0
0
0
0
0
0
0
0
0
0
0
0
0
0
0
0
0
0
0
-7.47098e-14
0
0
0
0
0
0
0
0
0
0
0
0
-1.21527e-13
2.01791e-15
0
0
0
0
0
0
0
0
0
0
0
0
0
0
8.56232e-16
0
0
0
0
0
0
-3.00395e-15
1.2901e-16
0
0
0
-3.61878e-14
0
0
0
0
0
0
0
0
0
7.08821e-14
1.08135e-14
3.46119e-16
0
0
0
0
0
0
0
0
0
0
0
0
0
0
0
0
0
0
0
0
0
0
0
0
0
0
0
0
3.11691e-16
0
-6.33539e-16
0
0
0
0
0
0
0
0
0
0
0
0
0
0
0
9.25032e-15
-7.72232e-16
0
0
0
0
0
0
3.44634e-14
-1.80763e-14
0
-2.04925e-16
0
0
0
0
0
0
0
0
0
0
-1.59409e-15
0
0
0
0
0
0
0
0
0
0
0
5.83564e-14
-1.08495e-14
0
-2.31391e-14
0
0
0
0
0
0
0
0
0
0
0
0
0
0
1.05948e-14
-2.50316e-14
0
0
0
0
0
0
0
0
0
0
0
0
0
0
0
0
0
0
0
0
0
1.11405e-13
-1.89697e-15
0
0
0
0
0
3.45526e-14
-1.49082e-15
0
0
0
0
-3.06605e-16
0
0
0
0
-7.92518e-14
0
0
0
0
0
0
0
0
5.6467e-15
0
0
0
0
0
0
0
0
-4.24978e-16
1.48639e-17
-1.12175e-15
0
0
0
0
0
0
0
0
0
0
0
0
0
0
0
0
0
0
0
0
0
0
8.4892e-15
0
0
0
0
0
0
0
0
0
0
0
0
0
0
0
0
0
0
0
0
0
0
0
0
0
0
0
0
0
0
0
0
0
0
0
0
0
0
0
0
0
1.35831e-15
0
0
2.3495e-15
0
0
0
0
0
0
0
0
0
0
0
0
0
0
0
2.11036e-14
0
0
0
0
0
0
-1.26115e-15
-1.96409e-15
0
0
0
0
0
-3.37651e-15
0
0
0
0
0
0
0
0
2.08703e-17
-1.52495e-15
0
0
0
0
0
0
0
0
0
2.72762e-15
0
0
0
0
0
0
0
0
0
0
0
0
0
0
0
0
0
0
0
0
0
0
0
0
0
0
0
0
0
0
0
0
0
-2.6727e-18
0
0
0
0
0
0
0
0
0
0
3.80952e-18
0
0
0
0
0
0
0
0
0
0
0
0
0
0
0
0
2.92518e-18
0
0
0
0
0
0
0
0
0
0
0
0
0
0
0
0
0
0
0
0
0
0
0
0
0
0
0
5.29306e-14
0
-6.1018e-15
0
0
-5.41521e-19
-9.65235e-16
0
0
0
0
0
0
0
0
0
0
0
0
0
0
0
0
0
0
0
0
0
0
0
0
0
0
0
0
0
0
0
0
0
0
0
0
0
0
-5.37782e-19
0
-3.40478e-14
0
0
0
0
0
0
0
0
0
0
0
0
0
0
0
0
0
-3.19862e-14
0
0
0
0
2.03333e-16
0
0
0
0
0
0
0
0
0
0
0
0
0
0
0
0
-1.02021e-16
0
0
0
0
0
0
0
0
0
0
0
0
0
0
0
0
0
0
0
0
0
0
0
0
0
0
-4.86267e-14
0
0
0
0
0
0
0
0
0
0
0
1.78227e-14
0
0
0
0
0
0
0
0
0
0
0
0
0
0
0
3.83208e-14
0
0
0
0
-3.96138e-18
0
0
0
0
0
0
0
0
0
0
0
0
-7.55052e-16
6.85112e-16
0
0
0
0
0
0
0
0
0
0
0
-4.53036e-08
-4.53036e-08
-4.13131e-08
-4.92941e-08
-4.89705e-08
-4.16367e-08
-5.78285e-08
-3.27787e-08
-5.40152e-08
-3.6592e-08
-4.34913e-08
-4.71159e-08
-4.24511e-08
-4.81562e-08
-5.44286e-08
-3.61786e-08
-4.39793e-08
-4.66279e-08
-5.58292e-08
-3.4778e-08
-4.53036e-08
-4.53036e-08
-4.53036e-08
-4.53036e-08
-4.50774e-08
-4.55298e-08
-5.81148e-08
-3.24924e-08
-4.63845e-08
-4.42228e-08
-5.2498e-08
-5.7896e-08
-3.27113e-08
-5.1618e-08
-3.89892e-08
-4.97533e-08
-4.08539e-08
-3.70698e-08
-5.35374e-08
-4.53036e-08
-5.37418e-08
-3.68654e-08
-4.62455e-08
-4.43617e-08
-4.53036e-08
-4.53036e-08
-4.33707e-08
-4.72365e-08
-4.58319e-08
-4.47753e-08
-5.50731e-08
-3.55341e-08
-3.90115e-08
-5.15957e-08
-4.04091e-08
-5.01981e-08
0
0
0
0
0
0
0
0
0
0
0
0
0
0
0
0
0
0
0
0
0
0
0
-3.62647e-14
0
0
0
0
0
0
0
0
0
0
0
0
0
0
0
0
0
0
0
0
0
0
0
0
0
0
0
0
0
0
0
0
0
0
0
0
-1.75781e-14
0
0
0
0
0
0
0
0
0
0
0
0
0
0
0
0
0
0
0
0
0
0
0
0
0
0
0
0
0
0
0
0
0
0
0
0
0
0
0
0
0
0
0
0
0
0
0
0
0
0
0
0
0
0
0
0
0
0
0
0
0
0
1.10965e-16
0
-6.84732e-16
0
0
1.03081e-14
0
0
0
0
0
0
0
0
0
0
0
0
0
0
0
0
-3.64662e-08
-5.41411e-08
-3.65466e-08
-5.40606e-08
-4.53543e-08
-4.52529e-08
0
0
0
0
0
-4.14555e-08
-4.91517e-08
0
-5.87584e-08
-3.18488e-08
0
0
5.70129e-15
0
0
0
0
0
0
-4.5934e-08
-4.46732e-08
-4.53036e-08
-4.53036e-08
0
0
0
0
0
0
0
0
0
0
0
0
0
0
0
0
-4.67992e-08
-4.3808e-08
0
0
0
0
0
0
0
-4.83176e-08
-4.22896e-08
-4.31501e-08
-4.74571e-08
0
0
0
0
-4.02689e-08
-5.03384e-08
7.34989e-17
0
0
0
0
0
0
0
0
0
0
0
0
0
0
-5.29733e-18
0
0
0
0
0
0
0
0
0
0
-5.37234e-08
-3.68838e-08
0
0
0
0
0
0
0
0
-4.53036e-08
-4.53036e-08
-4.0324e-14
-2.37742e-14
0
0
0
0
0
-4.48522e-08
-4.5755e-08
-4.84635e-08
-4.21437e-08
-4.25145e-14
0
0
-4.14609e-08
-4.91463e-08
0
4.57267e-15
0
0
-5.14579e-08
-3.91493e-08
0
0
-5.43453e-08
-3.6262e-08
0
0
0
0
0
0
0
0
0
4.03492e-16
0
0
0
0
-4.60732e-08
-4.4534e-08
0
0
0
0
0
0
0
0
3.21713e-29
9.81877e-16
0
0
0
0
0
0
0
-4.41333e-08
-4.64739e-08
0
0
0
0
-4.74809e-08
-4.31263e-08
0
-4.48267e-08
-4.57805e-08
-9.73394e-19
0
0
0
0
0
0
0
-5.78573e-08
-3.275e-08
-4.11177e-08
-4.36221e-08
-4.69851e-08
-4.53036e-08
-4.53036e-08
-4.15871e-08
-4.90201e-08
-4.53036e-08
-4.53036e-08
-4.50913e-08
-4.55159e-08
0
0
-6.94554e-19
0
0
-4.71329e-15
0
0
0
0
0
0
0
0
0
0
0
0
0
-4.53036e-08
-4.53036e-08
0
-4.43601e-08
-4.62472e-08
-4.63577e-08
-4.42495e-08
0
0
0
8.28469e-15
0
2.25601e-15
-5.01667e-08
-4.04405e-08
0
0
-3.8269e-08
-5.23382e-08
-4.53036e-08
-4.53036e-08
0
0
0
0
0
0
-4.44915e-08
-4.61158e-08
0
0
0
0
0
0
0
-5.14248e-08
-3.91824e-08
0
0
0
0
1.12284e-15
0
0
0
0
0
0
-4.53036e-08
-4.53036e-08
0
0
-4.92733e-08
-4.13339e-08
0
0
0
0
0
0
0
0
0
-5.67216e-08
-3.38856e-08
0
0
0
-4.53036e-08
-4.53036e-08
0
-4.53036e-08
-4.53036e-08
0
-5.5198e-08
-3.54092e-08
0
0
-3.60814e-16
0
0
0
0
-6.78838e-08
-6.73842e-08
6.73842e-08
7.45734e-08
-7.45734e-08
-8.268e-08
8.268e-08
8.57939e-08
-8.57939e-08
-1.21294e-14
0
0
-9.36293e-15
0
0
0
0
0
0
0
-5.41004e-16
0
0
0
0
0
0
0
0
0
0
0
-5.3883e-14
3.81139e-17
0
0
0
-5.58764e-08
-3.47308e-08
0
0
0
0
0
0
0
0
0
0
2.83403e-14
0
0
0
0
-4.53036e-08
-4.53036e-08
1.40539e-15
0
0
0
0
-1.12257e-16
0
0
0
0
0
-4.25951e-08
-4.80121e-08
0
0
0
0
0
0
0
0
3.6693e-16
0
0
0
-5.07475e-08
-3.98598e-08
0
0
0
-6.21983e-08
-2.84089e-08
0
-5.75049e-15
2.95737e-14
1.55935e-14
0
0
0
0
0
0
0
0
0
0
0
0
0
0
-4.99212e-08
-4.0686e-08
0
1.4174e-14
0
3.59097e-14
0
0
0
0
0
0
0
0
0
-4.35567e-08
-4.70505e-08
-5.70411e-08
-3.35661e-08
0
-2.17754e-14
0
0
-4.63817e-08
-4.42255e-08
0
0
0
-2.76518e-16
1.66628e-15
1.49518e-14
0
-5.17362e-08
-3.8871e-08
0
0
-1.39539e-16
0
0
0
0
0
0
0
0
0
0
0
0
-1.30657e-14
-3.07357e-16
-4.2442e-08
-4.81652e-08
0
0
0
0
0
0
0
0
0
0
0
0
0
0
0
0
0
-4.59449e-08
-4.46623e-08
-4.53036e-08
-4.53036e-08
0
-4.59626e-08
-4.46447e-08
0
0
0
0
0
0
0
0
0
0
0
0
0
0
0
0
0
0
0
0
0
0
0
0
2.56973e-15
0
0
0
0
0
0
0
0
0
0
0
0
0
0
0
1.19432e-16
0
0
0
0
0
0
0
0
0
3.17357e-15
0
0
0
0
0
0
0
0
0
0
0
0
0
0
4.36362e-14
0
0
0
0
0
0
0
0
0
0
0
0
0
0
0
0
0
0
0
0
0
0
0
0
-1.63796e-15
0
0
0
0
1.54035e-13
0
0
0
0
0
0
0
0
0
0
0
0
0
0
0
0
0
0
0
0
0
0
-4.53036e-08
-4.53036e-08
0
0
0
0
0
0
0
0
0
0
0
0
0
0
0
0
0
0
0
0
0
0
0
0
0
0
0
1.49876e-15
0
0
0
0
0
0
0
0
0
-2.35159e-14
0
0
0
0
0
0
0
0
0
0
0
0
0
0
0
0
-4.90738e-08
-4.15334e-08
-4.6325e-08
-4.42822e-08
0
0
0
0
0
0
0
0
0
0
0
0
0
0
0
0
0
0
8.25785e-15
2.12898e-15
0
0
0
0
0
0
0
0
0
0
-5.78365e-15
2.44561e-14
0
0
0
0
0
0
0
0
0
0
0
0
0
0
0
0
0
0
0
0
0
0
0
0
0
0
0
-7.51939e-16
0
0
0
0
0
0
0
0
0
0
0
0
0
0
0
0
0
0
6.55239e-18
0
0
-4.9066e-08
-4.15412e-08
0
0
0
0
0
0
0
0
0
0
0
0
0
0
0
0
0
0
0
0
0
0
0
-2.77946e-17
0
2.00807e-16
0
0
0
0
0
0
0
0
0
0
0
0
0
0
0
0
0
0
0
0
0
0
0
0
0
0
0
0
0
0
0
0
0
0
0
0
0
0
0
0
0
0
0
0
0
0
0
0
0
0
0
0
0
0
0
0
0
0
0
0
0
0
0
0
0
0
0
0
0
0
0
0
0
0
0
0
-5.07513e-08
-3.98559e-08
1.59789e-15
0
0
0
0
0
0
0
0
0
0
0
0
0
0
0
0
0
0
0
0
0
0
0
0
0
0
0
0
-1.36287e-15
0
0
0
0
0
0
0
0
0
0
0
0
0
0
0
0
0
0
0
0
0
0
0
0
0
0
0
0
0
0
0
0
0
0
0
0
0
0
0
0
0
-1.52271e-19
0
0
0
0
0
0
0
0
0
0
0
0
0
0
0
0
0
0
0
0
4.36108e-16
-7.27552e-17
-1.08992e-16
0
0
0
0
0
0
0
0
0
-4.70169e-08
-4.35903e-08
0
0
0
8.98422e-15
0
0
0
0
0
1.95473e-14
0
0
-4.09445e-17
0
0
0
0
3.5518e-16
0
-1.68869e-18
-1.50429e-16
0
0
0
0
0
0
-1.53972e-15
0
0
0
0
0
0
0
0
0
0
0
0
0
0
0
0
0
2.06556e-16
0
0
0
0
0
0
0
0
0
0
0
0
0
0
0
0
0
0
0
0
7.91516e-30
0
0
0
0
5.43312e-14
0
0
0
0
0
0
0
0
0
0
0
0
0
0
0
1.3529e-14
-1.47441e-14
0
0
0
0
0
0
0
0
7.52279e-17
0
0
0
0
0
0
0
0
0
0
0
0
0
0
0
0
0
0
0
0
0
0
0
1.0561e-15
0
0
0
0
0
0
0
3.88409e-14
-8.17048e-30
0
0
0
0
2.21072e-14
-1.96219e-15
0
0
0
0
0
0
0
0
0
0
0
0
0
0
0
0
0
0
0
0
0
0
0
-7.70729e-08
7.70729e-08
-4.53036e-08
-4.53036e-08
0
0
0
0
0
0
0
0
0
0
0
0
0
0
0
0
0
-4.83487e-08
-4.22586e-08
0
0
0
0
0
0
0
0
0
0
0
0
0
2.08706e-15
-3.32143e-15
0
0
0
0
0
0
0
0
0
0
0
0
0
0
0
0
0
0
0
0
0
0
0
0
0
0
0
0
0
0
0
0
0
0
0
0
0
0
0
0
0
0
0
0
0
0
0
0
0
0
0
0
0
0
0
0
0
0
0
0
0
0
0
0
0
0
0
0
0
0
0
0
0
0
0
0
0
0
0
0
0
0
0
0
0
0
0
1.42769e-14
-2.46851e-14
2.1783e-14
1.07342e-14
0
0
0
-3.92994e-15
4.87672e-15
0
0
0
-2.35479e-14
5.32894e-16
0
0
0
0
0
0
0
0
0
0
0
0
0
0
0
0
0
0
0
0
0
0
0
0
-8.96948e-08
8.96948e-08
9.10772e-08
-9.10772e-08
0
0
0
0
7.53635e-08
-7.53635e-08
0
0
0
0
0
0
0
0
1.52944e-14
3.78359e-14
0
0
0
0
0
0
0
3.68565e-14
-3.81142e-14
0
0
0
0
0
0
0
0
0
0
0
0
0
0
0
0
0
0
0
0
0
0
0
0
0
0
0
0
0
0
0
0
0
0
0
0
-3.94917e-16
0
0
0
0
0
0
0
0
0
0
0
0
0
0
0
1.20785e-16
0
0
0
-1.62943e-15
0
0
0
0
0
0
8.20477e-08
-8.20477e-08
0
0
0
0
0
0
0
0
0
0
0
0
0
0
0
0
0
0
0
0
0
0
0
1.39923e-14
0
4.11716e-30
-9.57479e-32
0
0
-4.96108e-08
-4.09964e-08
0
9.32004e-15
1.16977e-16
0
0
0
0
0
0
0
0
0
0
0
0
0
0
0
1.58348e-14
0
0
0
0
0
0
0
0
0
0
0
0
0
0
1.02437e-14
6.67781e-16
0
0
0
0
0
-9.11282e-17
8.83699e-18
0
0
0
0
0
0
0
0
0
0
0
0
0
0
0
0
0
0
0
0
0
0
0
0
0
0
0
0
0
0
0
0
0
0
0
0
0
0
0
0
0
0
0
0
0
0
6.15954e-14
0
0
0
0
0
0
0
0
0
0
0
0
0
0
0
0
0
0
-4.53036e-08
-4.53036e-08
0
0
0
0
0
0
0
0
0
0
0
0
0
0
0
5.08798e-17
0
-3.73164e-08
-5.32908e-08
0
0
0
0
0
0
0
0
0
0
0
0
0
0
0
0
0
2.07155e-15
0
3.10937e-15
0
0
0
0
0
0
0
0
0
0
0
0
0
0
0
0
0
0
0
0
-3.47086e-14
0
0
0
0
0
-1.52632e-17
0
0
0
0
0
0
0
0
0
0
0
0
0
0
0
0
0
0
0
0
0
0
0
0
0
0
0
0
0
0
0
0
0
0
0
0
0
0
0
0
0
0
0
0
2.04069e-18
0
0
0
0
0
0
0
0
0
0
0
-4.64925e-08
-4.41148e-08
0
0
0
0
0
0
-3.87237e-08
-5.18835e-08
0
0
0
0
0
1.59289e-16
5.91589e-17
-1.74292e-15
0
0
0
0
0
0
0
0
0
0
0
0
0
0
0
0
0
0
0
0
0
0
0
0
0
0
0
0
0
0
0
0
0
0
0
0
0
0
-4.50562e-15
0
0
0
0
0
0
0
0
0
0
0
0
0
0
0
0
0
0
0
0
0
0
0
0
0
0
0
0
0
2.43956e-16
0
0
0
0
0
0
0
0
0
0
0
0
0
0
0
0
0
0
0
0
0
0
0
0
0
0
0
0
7.9723e-08
-7.9723e-08
0
0
0
0
0
0
0
0
-1.33737e-17
0
0
0
0
0
0
0
0
0
0
0
0
0
0
0
8.65287e-15
1.15823e-15
0
-8.98992e-15
-9.64312e-17
0
0
0
0
0
0
0
0
0
0
0
0
0
0
0
0
0
-1.83273e-16
4.13683e-16
0
0
0
0
0
0
0
0
0
0
0
0
0
0
0
-2.43575e-14
-1.48042e-15
0
0
0
0
0
0
0
0
0
0
0
0
0
0
0
0
0
0
0
0
0
0
0
0
0
0
0
0
0
0
0
0
0
0
0
0
0
0
0
0
0
0
0
0
0
0
0
0
0
0
0
0
0
0
0
0
0
0
0
0
0
0
0
0
0
0
0
0
0
0
1.25382e-16
0
0
0
0
0
0
0
0
0
0
0
0
0
0
0
0
0
0
0
0
0
0
0
0
0
0
0
0
0
0
0
2.49538e-16
0
0
0
0
0
0
0
0
0
0
0
0
0
0
0
0
0
0
0
0
0
0
0
0
0
0
0
-2.73896e-16
-4.7662e-17
0
0
0
0
0
0
0
0
0
0
0
0
0
0
0
0
0
0
0
0
0
0
0
0
0
0
0
0
0
0
0
0
0
0
0
0
0
0
0
0
0
0
0
0
0
0
0
0
0
0
3.65124e-15
6.73322e-17
0
0
0
0
0
-6.66638e-15
0
0
0
0
0
0
0
0
-2.18398e-14
0
0
0
0
0
0
0
0
0
0
0
0
0
0
0
0
0
0
0
0
0
0
0
0
0
0
0
0
0
2.1869e-14
3.75672e-16
0
0
0
0
0
0
0
0
0
0
0
0
0
0
0
0
0
0
0
0
0
0
0
0
0
0
0
0
0
0
-2.85937e-15
0
1.90215e-16
-1.43644e-16
0
0
0
0
0
0
0
0
0
2.97737e-15
0
0
0
0
0
0
0
0
0
0
0
0
0
0
0
0
0
0
0
0
0
0
0
0
0
0
2.56909e-17
1.60184e-16
1.60319e-16
0
0
0
0
0
0
0
1.05141e-16
0
0
0
0
0
0
0
0
0
0
0
0
0
0
0
0
0
0
0
0
0
0
0
0
0
0
0
0
0
0
0
0
0
0
1.69901e-16
0
0
0
0
0
0
0
0
0
0
0
1.70625e-16
0
0
0
0
0
0
0
0
0
0
0
0
0
0
0
0
0
0
0
3.42605e-16
0
0
0
0
0
0
0
0
0
0
0
0
0
0
-1.58358e-17
-8.04249e-08
8.04249e-08
0
0
0
0
0
0
0
0
0
0
0
0
0
0
0
0
0
0
0
0
0
0
0
8.58813e-08
-8.58813e-08
0
0
0
0
0
0
0
0
0
0
0
0
0
0
0
0
0
0
0
0
0
0
0
0
0
0
0
0
0
0
0
6.63995e-16
-6.03599e-16
0
0
0
0
0
0
0
0
0
5.7192e-17
-4.42801e-08
-4.63271e-08
0
5.69812e-17
0
-1.49103e-15
-3.12478e-14
0
0
0
0
0
0
0
0
0
0
5.85864e-17
0
0
0
0
0
0
0
0
0
0
0
0
0
0
0
0
0
0
0
0
0
0
0
0
0
-1.39861e-14
0
0
0
0
0
0
0
0
0
0
0
0
0
0
0
0
0
0
0
0
0
0
0
0
0
0
2.66028e-16
0
0
0
0
-8.58551e-16
-4.10769e-08
-4.95303e-08
6.77689e-16
0
0
0
0
0
0
5.1669e-16
0
0
0
0
0
0
0
0
0
0
0
0
0
0
0
0
0
0
0
0
0
0
0
0
0
0
0
0
0
0
-1.85931e-16
0
0
0
0
0
0
-1.53442e-15
0
0
0
0
7.27253e-08
-7.27253e-08
0
0
0
0
5.98424e-33
-8.0612e-17
0
0
0
0
0
-1.76874e-15
0
0
0
0
0
0
0
0
0
0
0
0
0
0
0
0
0
0
0
0
0
0
0
0
0
0
0
0
0
0
0
0
0
0
0
0
0
0
0
0
0
0
0
0
0
0
0
0
0
0
0
0
0
0
0
0
0
0
0
0
0
0
0
0
0
0
0
0
0
0
0
0
0
0
0
0
0
0
0
0
0
0
0
0
0
0
0
0
0
0
0
0
0
0
0
0
0
0
0
0
0
0
0
0
2.41719e-16
0
0
0
0
-5.91293e-14
3.96524e-14
0
0
0
0
0
0
0
-1.69323e-18
2.20017e-16
4.8589e-17
5.88612e-17
0
0
4.15756e-15
0
0
0
0
0
0
0
0
0
0
0
-1.85271e-16
0
0
0
0
0
0
0
0
0
0
0
0
0
0
0
0
-6.99239e-17
-7.32612e-15
0
0
0
0
0
0
0
0
0
0
0
0
0
1.52527e-16
3.3531e-16
0
0
0
0
0
0
0
0
0
0
0
0
0
0
1.35608e-14
0
0
0
0
0
0
0
0
0
0
0
0
0
0
0
0
0
0
0
0
0
0
0
0
0
0
0
0
0
0
0
0
0
0
0
0
0
0
0
0
0
-2.16613e-16
0
0
0
0
0
0
0
0
0
0
0
0
0
-3.3547e-15
1.03491e-15
0
0
0
6.42559e-16
0
0
0
0
8.06587e-16
0
0
0
0
0
0
-2.47336e-15
0
0
0
0
0
0
0
0
0
0
-8.86972e-16
0
0
0
0
0
2.94756e-17
0
0
0
0
0
7.31831e-15
-7.40041e-16
0
0
0
0
0
0
0
0
0
0
0
0
0
0
-3.58748e-17
0
1.27341e-16
0
0
0
0
0
0
0
-9.87473e-16
0
0
0
5.99364e-17
0
0
0
0
0
0
0
0
0
0
0
0
0
0
0
0
0
0
-1.1606e-16
0
0
0
0
1.48782e-16
0
0
0
0
6.3053e-17
0
0
6.56853e-17
0
0
0
0
0
0
0
0
0
0
2.34928e-16
0
0
0
0
0
0
0
0
2.23926e-16
0
0
0
0
0
0
0
0
0
0
0
0
0
0
0
0
0
0
0
0
0
0
0
0
-5.12961e-08
-3.93111e-08
0
3.34793e-17
0
5.80475e-17
0
0
0
0
0
0
0
0
0
0
0
0
0
0
0
0
0
9.03288e-17
0
0
0
0
0
0
0
0
0
0
0
-2.66428e-16
0
0
0
0
0
0
0
0
0
0
0
0
0
0
0
0
0
0
9.84807e-17
7.15768e-16
0
0
0
0
0
0
0
0
0
0
0
0
0
0
0
0
0
0
0
0
0
0
0
0
8.18529e-14
0
8.29947e-16
-1.23413e-16
-2.15243e-16
0
-1.67623e-15
0
0
0
0
0
0
0
0
0
0
0
-6.16747e-16
0
0
0
0
0
0
0
0
0
0
0
0
0
0
0
0
0
9.55068e-16
4.65388e-15
0
0
0
0
0
0
0
0
0
0
0
0
0
0
1.15759e-17
-1.03311e-16
0
0
0
-9.23117e-14
2.95432e-14
0
0
0
0
0
0
0
0
0
0
0
3.71943e-15
0
0
0
0
0
0
0
0
0
0
0
0
0
0
0
0
0
0
0
0
0
0
0
-7.51488e-16
0
0
0
0
0
0
0
0
0
0
0
0
0
0
0
0
0
0
0
0
0
0
0
0
0
0
0
0
0
0
0
0
0
0
0
0
0
0
0
0
0
0
0
5.68106e-17
0
0
0
0
0
0
0
0
0
0
0
0
0
0
0
0
0
0
0
0
0
0
0
0
0
0
0
0
0
0
0
0
0
0
0
0
0
0
0
0
0
0
0
0
0
0
0
0
0
0
0
0
0
0
0
0
-6.62002e-16
-2.02339e-15
0
0
0
0
0
0
0
0
0
-1.93336e-16
-4.2433e-15
0
0
0
0
0
0
0
0
0
0
0
0
0
0
0
0
0
0
-1.72613e-15
0
0
-1.66005e-16
0
0
0
0
0
0
0
0
0
0
0
0
0
0
0
0
0
0
0
0
0
0
0
0
0
0
0
8.50033e-17
-5.52158e-15
-9.23705e-16
0
0
0
0
0
0
0
0
0
0
0
0
0
0
0
0
-3.9583e-08
-5.10242e-08
0
0
0
0
0
0
0
0
0
0
0
0
0
0
0
0
0
0
0
0
0
-1.95289e-14
0
0
0
0
0
0
0
0
0
0
8.98699e-18
0
0
0
0
0
0
0
0
0
0
0
0
0
0
0
0
8.97758e-15
9.75319e-15
0
0
0
0
0
0
0
0
0
0
0
3.67565e-14
0
0
0
0
0
0
0
0
0
0
0
0
0
0
0
0
0
0
0
0
0
0
0
5.30805e-15
1.52e-14
-3.08791e-14
0
-7.41401e-16
0
0
0
3.73913e-14
0
0
0
0
1.8793e-18
0
0
0
7.7111e-15
0
0
0
0
0
0
0
-1.00266e-18
0
0
0
0
0
0
0
0
6.11267e-17
0
0
0
0
-2.06856e-14
4.52877e-16
-5.31088e-16
0
0
0
0
0
0
0
0
0
0
0
0
0
0
0
0
0
0
0
0
0
0
0
0
0
0
0
0
0
0
0
1.77268e-16
0
0
0
0
-1.47249e-14
-5.39527e-15
0
0
0
0
0
0
0
0
0
0
0
0
0
0
0
0
0
-2.88648e-17
0
0
0
0
0
0
0
0
0
0
0
0
0
-3.43316e-08
0
0
0
0
0
0
0
0
0
0
0
0
0
0
0
0
0
0
0
0
0
0
0
0
0
-3.24182e-17
0
0
0
0
0
0
0
0
0
0
0
0
0
0
0
0
0
0
0
0
0
0
0
0
0
0
0
0
0
0
0
0
0
0
0
0
0
0
0
0
0
0
0
0
0
0
0
0
0
0
2.56843e-15
0
0
0
0
0
0
5.32739e-16
0
0
0
0
0
0
0
0
0
0
0
0
0
0
0
0
0
0
0
0
0
0
0
0
0
0
0
0
0
0
0
0
0
0
0
0
0
0
0
0
0
0
0
0
0
0
0
0
0
-3.6026e-16
0
0
0
0
0
0
0
0
0
0
0
0
0
0
0
0
0
0
0
0
0
0
0
0
0
0
0
4.23246e-16
0
0
5.08235e-16
0
0
0
0
0
0
0
0
0
0
0
0
0
0
0
0
0
0
0
0
0
0
0
0
1.85093e-16
1.7054e-16
0
0
0
0
0
0
0
0
0
0
0
0
0
0
0
0
0
0
0
0
0
0
0
0
0
0
0
0
0
0
0
0
0
0
0
0
0
-3.86058e-15
0
0
0
0
0
0
0
0
0
0
0
0
0
1.44639e-15
0
6.80691e-17
0
0
0
0
0
0
0
0
0
1.4909e-16
0
0
0
0
0
0
0
3.97583e-14
8.92372e-15
0
0
0
0
0
0
4.44818e-16
0
0
0
0
0
0
0
0
0
0
0
0
0
0
0
0
0
0
0
0
0
0
0
0
0
0
0
0
0
0
0
0
0
0
0
0
8.36403e-08
0
0
0
0
0
0
0
0
0
0
0
0
0
0
0
0
0
0
0
0
0
0
0
0
0
4.98687e-34
0
0
0
0
0
0
0
0
0
0
0
0
0
0
0
0
0
0
0
0
0
0
0
0
0
-1.28051e-14
8.84041e-15
0
0
0
0
0
4.27681e-14
0
0
0
0
0
0
0
0
0
0
0
0
0
0
0
0
0
0
0
0
0
0
0
0
0
0
0
0
0
0
0
0
0
0
0
0
0
0
0
0
0
0
0
0
0
0
0
0
0
0
0
0
0
0
0
-9.52981e-16
0
0
0
0
0
0
0
0
0
0
0
0
0
0
0
0
0
3.34677e-08
0
0
0
0
0
0
0
0
0
0
0
0
0
0
0
0
0
0
0
0
0
0
0
0
0
0
0
0
0
0
0
0
0
0
0
0
0
0
0
0
0
0
0
0
0
0
0
0
0
0
0
0
0
0
0
0
0
0
0
0
0
0
0
1.7842e-16
0
0
0
0
0
0
0
0
0
0
0
0
0
0
0
0
0
0
0
0
0
0
0
0
0
0
0
0
0
0
0
0
0
5.71395e-08
0
0
5.31496e-08
0
0
0
0
0
0
0
5.29732e-15
0
5.7467e-14
2.1426e-14
0
0
0
0
0
0
0
0
0
0
0
0
0
0
0
0
0
0
0
0
0
0
0
0
0
5.68452e-16
0
0
0
0
0
0
0
0
0
0
0
0
0
0
0
0
0
0
0
0
0
0
0
0
0
0
0
0
6.54351e-16
0
1.16723e-15
0
0
0
0
0
0
0
0
0
0
0
0
5.91446e-18
0
0
0
0
0
0
3.55012e-17
0
0
0
0
0
4.71397e-08
0
0
0
0
0
0
0
0
0
0
0
0
0
0
0
0
0
0
0
0
-1.00967e-17
-8.23883e-16
0
4.53036e-08
0
0
0
0
0
0
0
0
0
3.29739e-16
0
0
0
0
0
0
0
0
0
0
0
0
0
0
0
0
0
0
0
0
0
0
0
0
0
0
0
0
1.37259e-16
0
0
0
0
0
0
0
0
0
0
3.74576e-08
0
0
0
0
0
0
-6.33442e-16
-4.0602e-17
0
-1.02031e-30
0
-4.53036e-08
0
0
0
0
0
2.81813e-16
0
0
0
0
2.0478e-15
0
0
0
0
0
0
0
0
0
0
0
-2.90606e-16
0
0
-2.06328e-16
0
0
0
0
0
0
0
0
0
0
0
0
0
4.34676e-08
0
0
0
2.5433e-31
0
0
0
0
0
0
0
0
0
0
0
0
0
0
0
0
0
0
0
0
0
-2.40958e-16
0
0
0
0
0
0
0
0
0
0
0
6.07958e-15
0
0
0
0
0
0
0
0
0
0
0
0
0
0
0
0
5.02449e-17
0
0
0
0
3.16615e-14
4.63723e-14
-1.176e-14
0
0
0
0
0
1.29668e-14
0
0
0
0
0
0
0
0
0
1.63922e-17
0
0
0
0
0
0
0
0
0
0
0
1.14109e-14
0
0
0
0
0
0
0
0
0
0
0
0
-6.29051e-17
-2.55078e-31
0
0
0
0
0
0
0
0
0
3.06605e-16
8.75977e-16
0
0
0
0
0
0
0
0
2.28496e-14
0
0
0
0
0
0
0
0
0
0
0
4.53036e-08
0
0
0
0
0
0
0
0
0
0
0
3.90134e-15
0
0
0
0
0
0
0
0
0
0
0
0
0
0
0
-7.11681e-16
0
1.90775e-14
0
0
0
-2.20206e-14
0
2.83938e-16
0
0
0
0
0
0
0
0
0
0
0
0
0
-7.64844e-15
-4.34325e-14
0
0
0
0
0
0
0
0
0
0
7.36869e-16
1.38435e-16
0
-1.33845e-14
0
0
0
0
0
0
0
0
0
0
0
0
0
0
0
0
4.53036e-08
0
0
0
0
0
0
0
0
0
0
0
0
0
0
1.19274e-15
0
0
0
0
0
0
0
0
0
0
0
0
0
0
0
0
0
0
0
0
0
0
0
0
0
0
-7.74467e-15
0
0
0
0
0
0
0
0
0
0
0
0
0
0
0
0
0
0
0
0
0
3.75342e-15
4.16329e-16
0
0
0
-3.03455e-15
0
0
0
0
0
0
0
0
3.70249e-17
0
0
0
0
0
0
-9.20656e-16
0
0
0
-4.00727e-14
4.54958e-14
0
-2.84813e-16
1.79235e-16
-4.55983e-17
0
0
0
1.56635e-15
0
0
0
0
0
1.52361e-16
-8.90828e-17
0
0
0
0
0
0
0
0
0
0
0
0
0
0
-1.05323e-16
5.49232e-08
0
0
0
0
0
0
0
4.17135e-08
0
0
0
-4.72167e-16
0
0
0
0
0
0
0
0
0
0
0
0
0
0
0
0
0
0
0
0
0
-5.26417e-16
0
0
0
0
0
0
-6.0457e-16
0
4.53036e-08
8.38294e-17
0
0
0
0
0
0
0
3.53088e-17
0
0
0
7.95163e-14
0
0
0
0
0
0
0
0
0
0
3.5684e-08
0
0
0
0
4.54954e-08
0
0
0
0
0
0
0
0
-5.50605e-17
0
0
4.64141e-08
0
0
0
0
0
3.26095e-17
0
0
0
0
0
-5.96799e-15
0
0
0
0
0
0
0
0
0
5.03148e-08
2.78891e-14
0
0
0
0
0
4.88937e-08
4.51119e-08
0
0
-5.10157e-31
0
0
0
0
0
0
0
0
0
0
0
0
0
0
0
0
1.007e-16
0
0
0
0
0
0
0
0
0
0
0
0
0
0
0
0
0
0
0
0
0
0
0
0
4.41932e-08
0
0
0
0
0
0
0
0
0
0
0
0
0
0
0
0
-1.49167e-14
0
0
0
0
0
0
0
0
1.55393e-17
0
0
0
0
0
0
0
0
0
0
0
0
0
0
0
0
0
0
0
0
0
0
0
0
0
0
0
0
0
0
0
0
0
-8.56128e-17
0
0
0
0
0
0
0
0
0
0
0
0
0
0
0
0
0
0
0
0
0
0
0
0
0
0
0
0
0
0
0
0
0
0
0
0
0
0
0
0
0
0
0
0
0
0
0
0
0
0
0
0
1.35305e-16
0
0
0
0
0
0
0
0
0
0
0
0
0
0
0
0
0
0
0
2.9307e-16
0
2.33312e-14
0
0
0
0
0
-9.14948e-15
0
7.45655e-16
0
0
0
0
6.74007e-15
0
0
0
-7.11304e-16
1.91161e-18
0
0
0
0
0
0
0
7.70204e-16
0
0
0
0
0
0
0
0
0
0
0
0
0
0
0
0
1.65573e-16
-1.00316e-16
0
0
0
0
0
0
0
0
-4.53324e-15
0
0
0
0
0
0
0
0
0
0
0
0
0
0
0
0
0
0
0
0
0
4.60322e-16
0
9.88018e-16
8.60308e-15
0
0
0
0
0
0
0
0
0
-2.56076e-31
1.56914e-17
1.07976e-17
0
0
0
0
-6.24666e-16
-1.64854e-17
0
0
-1.75405e-16
0
0
0
0
0
0
0
0
0
0
0
0
0
0
0
0
-1.75984e-15
0
0
0
2.11795e-17
0
0
7.5681e-14
0
0
0
0
-1.53615e-16
0
0
0
0
0
0
0
0
0
0
0
0
0
0
0
0
0
0
0
0
0
0
0
0
5.95337e-17
4.22249e-08
0
0
-8.41743e-15
0
0
0
1.78377e-14
1.04836e-14
0
0
0
0
0
0
0
0
0
0
0
0
0
0
0
0
0
0
0
0
4.43289e-08
0
0
0
0
0
0
0
0
0
0
5.03144e-08
0
0
0
0
0
0
0
0
0
0
0
1.63573e-16
0
1.17003e-14
-1.55087e-14
0
0
0
0
0
4.48497e-08
5.35169e-17
1.69266e-16
0
0
0
0
0
0
0
0
0
0
0
0
0
0
0
0
0
4.62783e-08
0
0
0
0
1.19371e-14
0
0
0
0
0
0
0
0
0
0
0
0
4.05976e-14
0
0
0
0
0
0
0
0
0
0
0
0
0
0
0
0
0
0
9.46863e-17
0
0
0
0
0
0
0
0
0
0
0
0
0
0
0
0
0
0
0
0
4.83823e-08
0
4.57575e-08
0
0
0
0
0
0
0
1.43043e-14
0
0
0
0
0
0
0
0
0
0
0
0
0
0
0
0
0
0
0
0
0
4.53036e-08
3.60675e-17
0
6.71486e-15
0
0
0
0
0
0
0
0
0
0
0
0
0
0
0
0
0
0
0
0
0
0
0
0
0
0
4.4397e-08
5.06522e-17
0
0
0
0
0
0
0
-2.66988e-15
0
0
0
0
0
0
1.68192e-15
0
0
0
0
0
0
0
0
0
0
0
0
0
0
0
0
0
0
0
0
0
0
0
0
0
0
1.49745e-15
4.02929e-08
0
3.6807e-17
0
0
0
0
0
-2.33665e-08
0
0
0
0
1.24174e-15
0
0
0
4.91326e-17
3.30675e-08
0
0
0
0
0
0
0
0
0
0
0
0
0
-2.55826e-31
0
0
0
0
0
0
0
0
0
0
0
1.90029e-15
0
0
0
0
0
0
0
0
0
7.14828e-15
-2.03033e-16
0
0
0
0
0
0
0
0
0
0
-3.05538e-16
0
0
0
0
0
0
0
0
0
0
4.53036e-08
0
0
6.00761e-08
0
0
0
0
0
0
0
0
0
0
0
0
0
0
0
0
1.48526e-14
-2.64931e-15
0
0
0
0
1.78323e-17
9.40508e-17
0
0
0
0
0
0
4.93066e-08
0
0
0
0
0
0
0
-5.67947e-17
0
-8.20995e-16
-3.91609e-15
0
0
1.17033e-15
0
0
2.61358e-17
-2.28965e-17
0
0
0
-2.36466e-17
6.1673e-18
0
0
0
0
0
0
0
0
0
4.53036e-08
0
0
0
0
0
0
0
0
1.04796e-15
0
0
0
0
0
0
4.19809e-16
0
0
0
0
0
0
0
0
0
0
0
0
0
0
0
0
0
5.29592e-08
0
2.55623e-17
0
0
0
0
0
0
0
0
0
4.44227e-08
0
0
0
0
0
0
0
0
0
0
0
0
0
0
0
-6.22523e-08
-4.02925e-08
0
0
0
0
0
0
0
0
0
0
4.61924e-08
0
0
4.53036e-08
0
0
-1.20751e-15
0
0
0
0
0
0
0
0
-1.26367e-16
0
0
0
0
0
0
0
-2.17938e-14
-6.65399e-14
0
0
0
0
0
0
0
0
4.54364e-08
0
0
4.53036e-08
0
0
0
0
0
0
0
0
0
0
0
0
0
0
-8.16439e-17
0
0
0
-1.26068e-14
-9.59976e-16
0
0
0
0
0
0
0
0
0
0
0
0
0
0
0
0
0
0
0
0
0
0
0
0
-2.25166e-16
0
0
0
0
0
0
0
0
0
0
0
0
0
0
0
0
0
0
0
0
0
0
0
0
0
0
0
0
0
0
0
0
0
0
0
0
0
0
0
0
0
4.51709e-08
0
0
0
0
0
0
0
-1.86902e-16
0
0
0
0
0
0
0
5.59646e-15
0
5.37035e-08
1.26965e-16
0
0
0
6.24409e-17
0
1.51377e-15
-3.22739e-16
0
5.76702e-08
0
0
0
0
1.54632e-16
0
0
-1.65312e-16
-7.1532e-16
0
0
0
0
0
0
0
0
0
-1.60856e-29
0
0
0
0
0
9.62055e-16
0
4.46286e-16
3.1115e-15
0
0
0
0
0
0
0
0
0
0
0
0
0
0
0
0
-1.01194e-16
-1.02829e-15
0
6.88466e-15
0
0
0
0
0
1.02331e-30
5.3823e-16
-3.67359e-16
0
0
0
0
0
0
0
0
0
0
0
0
1.42379e-15
0
0
0
0
0
0
0
0
0
0
0
0
7.73487e-16
0
0
0
0
0
0
0
0
-5.93826e-16
2.35384e-15
0
4.21885e-16
0
0
4.55424e-15
-9.51945e-15
0
0
0
0
0
0
0
0
0
0
2.61872e-15
0
0
1.05939e-15
0
0
0
0
0
0
0
1.83424e-14
0
0
0
0
0
-1.84864e-16
0
0
8.45213e-16
0
0
0
0
0
0
0
3.94241e-16
0
0
0
0
0
0
0
0
0
0
0
0
0
0
0
0
0
0
0
0
0
0
0
0
0
0
0
0
0
0
0
0
0
0
0
0
-2.58095e-17
0
0
0
0
4.90708e-31
0
0
0
0
0
0
0
0
-2.44987e-15
7.17499e-16
0
0
0
0
0
0
-5.37035e-08
0
0
0
0
0
0
0
0
9.79448e-15
-4.43008e-15
0
0
0
0
0
0
0
0
0
0
-1.87719e-14
-5.76702e-08
0
0
0
-9.20405e-16
0
0
0
2.03917e-16
0
-5.50359e-16
-2.00559e-17
0
0
0
0
0
0
0
0
0
0
0
0
0
0
-8.84621e-16
0
0
0
0
0
0
0
0
0
0
0
0
-2.31377e-16
0
-4.33414e-16
0
0
0
0
0
0
0
7.29816e-16
-1.99936e-17
0
0
0
0
0
6.22523e-08
0
0
0
0
0
0
0
0
0
0
0
0
0
0
0
0
0
0
0
1.13049e-16
0
0
0
0
0
0
9.01477e-17
0
0
-6.47255e-16
0
0
0
0
0
0
0
0
0
0
0
0
0
0
0
0
0
0
0
0
0
0
0
0
0
0
0
0
0
0
0
0
0
0
0
0
0
5.05315e-15
0
0
0
0
0
0
0
0
0
0
0
0
0
0
0
0
0
0
0
-8.90732e-18
0
0
0
0
0
0
0
0
-1.15639e-15
0
1.15149e-16
0
0
0
0
0
0
0
-6.37941e-17
0
0
0
0
0
0
0
0
0
0
0
0
0
-2.47168e-15
0
0
0
0
0
0
0
0
0
0
0
0
0
0
0
0
0
0
-4.7824e-15
0
0
0
-2.60429e-16
0
0
2.91047e-14
4.62102e-08
0
0
-2.69609e-14
-2.38472e-14
0
0
0
0
0
0
0
-1.82861e-15
0
0
0
0
0
0
0
0
0
0
0
0
0
-1.72551e-15
0
0
0
0
0
0
0
0
0
0
0
0
9.50856e-15
0
0
0
0
-3.36992e-16
0
0
0
0
0
0
0
0
0
0
0
1.02536e-17
0
0
0
0
0
0
0
0
0
-9.7558e-15
-1.31362e-15
0
0
0
0
0
0
0
0
0
0
0
0
0
0
0
0
0
0
0
0
0
0
0
0
0
0
0
0
0
0
-9.43353e-16
0
0
0
0
0
0
0
0
0
0
0
0
0
0
0
0
0
0
0
0
0
0
0
0
-5.57657e-17
0
0
0
0
0
0
0
0
0
0
0
0
0
1.50988e-13
0
0
0
0
3.41359e-16
0
0
0
0
0
0
0
0
-6.5176e-18
-1.23202e-15
0
0
0
0
0
0
0
0
0
-1.6024e-14
0
0
0
0
0
0
0
0
0
0
1.78481e-14
0
0
0
0
0
0
0
0
0
0
0
0
0
0
1.65665e-16
0
0
0
0
0
2.10484e-15
3.23751e-15
0
0
0
0
0
6.25239e-14
0
0
0
0
0
0
0
0
-1.52562e-16
0
0
0
0
3.02443e-14
2.37026e-14
0
0
0
0
0
0
0
0
0
0
0
0
0
0
0
0
0
0
0
0
0
0
0
0
0
0
0
0
0
0
0
0
0
0
0
0
0
0
0
0
0
0
0
0
0
0
0
0
9.02679e-18
-3.70241e-17
0
0
0
0
0
0
0
0
0
0
0
0
0
0
0
0
0
0
0
0
0
0
0
0
0
0
0
0
0
0
0
0
0
0
0
0
0
0
0
0
0
0
0
0
0
0
0
-3.05311e-08
0
0
0
6.43584e-16
0
0
0
0
0
0
0
0
0
0
0
0
0
0
0
0
0
0
0
0
0
0
0
0
0
0
0
0
-8.66462e-17
0
0
0
0
0
0
0
0
0
0
0
0
0
0
0
0
0
0
0
-5.58579e-16
0
0
0
0
3.18591e-14
0
0
0
0
2.1232e-15
0
0
0
0
0
0
0
0
0
0
0
0
0
0
0
0
0
-9.27327e-17
0
0
0
0
0
6.73745e-17
0
0
0
-4.13006e-08
0
0
0
0
0
0
0
0
0
0
0
0
0
0
0
0
0
0
0
0
0
0
0
0
0
0
0
0
0
0
0
0
0
0
0
0
0
0
0
0
0
0
0
0
-4.03525e-17
0
0
0
0
0
0
0
0
-3.7648e-08
0
0
1.59327e-15
0
0
0
0
0
0
0
0
0
0
0
0
0
0
0
0
0
0
0
0
0
0
0
0
0
4.61845e-08
1.99176e-17
2.48395e-15
0
0
0
0
0
0
0
0
0
0
0
0
0
0
0
0
0
0
0
0
0
0
0
0
0
0
-2.83449e-14
0
0
0
-2.92125e-15
0
2.04428e-14
0
0
0
0
0
0
-1.20661e-14
0
2.42221e-14
0
0
-1.26629e-15
0
4.53036e-08
0
0
0
0
0
0
0
0
0
0
0
0
0
0
0
0
0
0
0
0
0
0
1.67909e-14
0
0
0
0
4.44148e-08
0
-3.42095e-14
-8.67547e-16
0
0
0
0
0
-2.15958e-16
0
0
0
0
0
0
0
0
0
0
0
0
0
0
0
0
0
0
1.48312e-14
0
0
0
0
0
0
0
0
0
0
0
0
0
0
0
0
0
0
0
0
9.51752e-14
0
1.07721e-14
0
0
0
0
-1.84401e-15
0
0
1.58449e-15
0
0
0
-3.20725e-14
0
0
0
0
0
0
0
0
1.60073e-14
0
0
0
0
0
0
0
0
0
0
0
0
0
0
0
0
0
0
0
0
0
0
0
0
0
0
0
0
0
0
0
0
0
0
0
0
0
0
0
0
0
0
0
0
0
0
0
0
0
0
0
0
0
1.8945e-14
0
0
-2.90918e-17
0
0
0
0
0
0
0
0
0
0
0
0
0
5.55095e-17
0
0
0
0
6.2484e-16
0
0
0
0
0
0
0
0
0
0
0
0
1.45756e-14
0
0
0
0
0
0
0
0
2.90403e-17
0
0
0
0
0
0
0
0
0
0
0
)
;

boundaryField
{
    frontback
    {
        type            empty;
        value           nonuniform List<scalar> 0();
    }
    topbottom
    {
        type            calculated;
        value           uniform 0;
    }
    outlet
    {
        type            calculated;
        value           nonuniform List<scalar> 0();
    }
    inlet
    {
        type            calculated;
        value           uniform 0;
    }
    walls
    {
        type            calculated;
        value           nonuniform List<scalar> 
151
(
1.81214e-07
1.81214e-07
1.81214e-07
1.81214e-07
1.81214e-07
1.81214e-07
1.81214e-07
1.81214e-07
1.81214e-07
1.81214e-07
1.81214e-07
1.81214e-07
1.81214e-07
1.81214e-07
1.81214e-07
1.81214e-07
1.81214e-07
1.81214e-07
1.81214e-07
1.81214e-07
1.81214e-07
1.81214e-07
1.81214e-07
1.81214e-07
1.81214e-07
1.81214e-07
1.81214e-07
1.81214e-07
1.81214e-07
1.81214e-07
1.81214e-07
1.81214e-07
1.81214e-07
1.81214e-07
1.81214e-07
1.81214e-07
1.81214e-07
1.81214e-07
1.81214e-07
1.81214e-07
1.81214e-07
1.81214e-07
1.81214e-07
1.81214e-07
1.81214e-07
1.81214e-07
1.81214e-07
1.81214e-07
1.81214e-07
1.81214e-07
1.81214e-07
1.81214e-07
1.81214e-07
1.81214e-07
1.81214e-07
1.81214e-07
1.81214e-07
1.81214e-07
1.81214e-07
1.81214e-07
1.81214e-07
1.81214e-07
1.81214e-07
1.81214e-07
1.81214e-07
1.81214e-07
1.81214e-07
1.81214e-07
1.81214e-07
1.81214e-07
1.81214e-07
1.81214e-07
1.81214e-07
1.81214e-07
0
0
0
0
0
1.81214e-07
1.81214e-07
1.81214e-07
1.81214e-07
1.81214e-07
1.81214e-07
1.81214e-07
1.81214e-07
1.81214e-07
1.81214e-07
1.81214e-07
1.81214e-07
1.81214e-07
1.81214e-07
1.81214e-07
1.81214e-07
1.81214e-07
1.81214e-07
1.81214e-07
1.81214e-07
0
1.81214e-07
1.81214e-07
0
0
0
0
1.81214e-07
1.81214e-07
1.81214e-07
1.81214e-07
1.81214e-07
0
0
0
1.81214e-07
1.81214e-07
0
1.81214e-07
1.81214e-07
1.81214e-07
0
1.81214e-07
1.81214e-07
1.81214e-07
1.81214e-07
1.81214e-07
1.81214e-07
1.81214e-07
1.81214e-07
1.81214e-07
1.81214e-07
1.81214e-07
1.81214e-07
1.81214e-07
1.81214e-07
1.81214e-07
1.81214e-07
1.81214e-07
0
1.81214e-07
1.81214e-07
1.81214e-07
1.81214e-07
1.81214e-07
1.81214e-07
1.81214e-07
-9.19915e-16
1.81214e-07
0
1.81214e-07
1.81214e-07
)
;
    }
    procBoundary2to0
    {
        type            processor;
        value           nonuniform List<scalar> 
83
(
4.93066e-16
0
1.59204e-16
5.01806e-16
0
0
0
0
3.95379e-16
0
0
0
0
0
2.59897e-16
-1.40484e-16
0
0
0
0
-8.39996e-15
4.78589e-16
4.7701e-16
-2.46935e-16
0
0
0
5.37709e-16
0
0
1.14936e-15
0
0
0
0
0
0
-1.38917e-16
0
0
-2.77117e-16
-1.08749e-14
0
0
2.89864e-16
0
-1.95664e-15
0
-1.55101e-14
0
1.76685e-15
0
0
0
0
0
0
-3.57516e-16
0
3.12323e-16
0
0
6.78838e-08
9.32466e-15
0
0
0
1.9623e-15
0
0
0
0
0
0
0
1.91142e-14
0
0
0
4.61212e-15
-3.23874e-16
-8.7096e-16
0
)
;
    }
    procBoundary2to3
    {
        type            processor;
        value           nonuniform List<scalar> 
99
(
0
0
-4.83185e-17
0
0
0
0
0
0
0
0
0
3.38422e-14
0
0
0
0
0
0
0
0
0
0
0
0
0
0
3.9966e-15
0
-2.24918e-16
2.10661e-15
0
0
5.54187e-16
0
0
0
0
0
0
0
0
0
0
-3.91404e-15
0
0
0
0
1.74955e-14
0
0
0
0
0
0
0
0
0
0
0
-5.11391e-14
0
0
0
0
0
7.264e-14
0
-4.94895e-08
0
0
0
0
0
0
0
0
0
0
0
0
0
0
0
0
0
0
0
0
0
0
0
-9.77595e-14
-5.4738e-14
0
0
0
0
)
;
    }
}


// ************************************************************************* //
