/*--------------------------------*- C++ -*----------------------------------*\
| =========                 |                                                 |
| \\      /  F ield         | OpenFOAM: The Open Source CFD Toolbox           |
|  \\    /   O peration     | Version:  v2012                                 |
|   \\  /    A nd           | Website:  www.openfoam.com                      |
|    \\/     M anipulation  |                                                 |
\*---------------------------------------------------------------------------*/
FoamFile
{
    version     2.0;
    format      ascii;
    class       surfaceScalarField;
    location    "600";
    object      meshPhi;
}
// * * * * * * * * * * * * * * * * * * * * * * * * * * * * * * * * * * * * * //

dimensions      [0 3 -1 0 0 0 0];
oriented        oriented;


internalField   nonuniform List<scalar> 
20673
(
0
0
0
0
0
0
0
0
0
0
0
0
0
0
0
4.7922e-18
1.98352e-17
8.3297e-20
0
0
0
0
0
0
0
0
0
0
0
0
0
0
0
0
0
0
0
1.47319e-08
1.31633e-16
8.59088e-09
0
0
0
-7.27795e-15
0
-3.23029e-16
0
0
0
0
0
0
0
0
0
0
0
0
0
0
0
0
0
0
0
0
0
0
0
0
0
0
0
0
0
0
0
1.08029e-15
1.45965e-15
0
0
0
0
0
0
0
0
0
0
0
0
0
0
0
-6.67325e-18
0
-2.57116e-15
0
0
0
0
0
0
0
0
0
0
0
0
0
0
0
0
0
0
0
0
0
0
0
0
0
0
0
0
0
0
0
0
0
0
0
0
0
0
0
1.62984e-17
4.82153e-16
0
0
0
0
0
0
0
0
0
0
-2.60267e-16
1.84283e-18
-7.79357e-17
1.93053e-17
0
0
0
0
0
0
0
0
0
0
0
0
0
0
0
0
0
0
0
0
-5.69352e-09
0
0
1.07948e-17
1.64532e-18
0
0
0
8.24786e-18
-1.31827e-16
0
0
0
0
0
0
0
0
0
0
0
0
0
0
0
0
0
2.98931e-17
1.0803e-15
6.31066e-16
0
0
0
0
2.29795e-16
-2.35837e-17
0
0
0
0
0
0
0
0
0
0
0
0
-1.17522e-16
0
7.95926e-17
-1.32377e-18
0
0
0
0
0
0
0
0
0
0
0
0
0
0
0
0
0
0
0
0
0
0
0
0
0
0
0
0
0
0
-4.02214e-17
-1.60106e-15
2.08011e-17
0
0
0
0
0
0
0
0
0
0
1.74985e-15
0
0
0
0
-1.28861e-17
1.03254e-16
-2.01185e-17
0
0
0
0
0
0
0
0
0
0
0
0
0
0
0
0
0
0
0
0
0
0
0
0
0
0
0
0
0
0
0
0
0
0
1.92397e-16
4.48787e-17
0
0
0
0
8.66647e-19
0
-8.25905e-18
0
0
0
0
0
0
0
0
0
0
0
0
0
0
0
0
0
0
0
0
0
0
0
0
0
0
0
0
-1.19142e-15
0
0
0
2.76727e-15
-2.27543e-16
0
0
0
0
0
0
0
0
0
0
0
0
-4.71906e-17
-1.99753e-16
0
6.49315e-15
-3.60837e-15
1.06188e-16
0
7.87708e-16
0
0
0
0
0
0
0
0
0
0
0
0
0
0
0
0
0
0
0
0
0
0
0
0
0
0
0
0
-8.29542e-16
1.79987e-17
0
0
0
0
0
0
0
0
0
0
0
0
0
0
0
0
0
0
0
0
0
0
0
0
2.80984e-16
-8.20845e-17
0
0
0
0
0
0
0
0
0
0
0
0
0
0
0
0
0
0
0
8.57943e-18
0
0
0
-1.3886e-17
2.81686e-16
0
0
0
0
0
0
0
0
0
0
0
0
0
0
0
0
-1.78118e-17
0
0
0
0
0
0
0
0
0
0
0
0
0
0
0
0
0
0
0
0
0
0
0
0
0
0
0
0
0
0
0
0
0
0
0
0
0
0
0
0
2.57168e-17
7.38724e-16
1.63396e-19
0
0
0
0
0
0
0
0
0
0
0
0
0
0
0
0
0
0
0
0
0
0
4.45901e-17
1.87122e-16
0
0
0
0
0
0
0
0
0
0
0
0
0
0
0
0
0
0
-2.9062e-16
5.63629e-17
0
0
0
0
0
0
0
0
0
0
0
0
0
0
0
0
0
-8.42144e-16
0
0
0
0
0
0
0
0
0
0
0
0
0
0
2.25459e-15
-7.20278e-16
1.5391e-16
0
0
0
0
0
0
0
0
0
0
0
0
0
0
0
0
0
0
0
0
0
0
0
0
0
0
0
0
0
0
0
-9.12327e-18
0
0
0
0
0
0
0
0
0
0
0
0
0
7.05613e-15
0
0
0
0
0
0
0
0
0
0
0
0
0
0
0
0
0
0
0
0
0
0
0
0
0
0
0
0
0
0
0
0
0
0
0
0
0
0
0
0
0
0
0
0
0
0
0
0
0
0
0
0
0
0
-3.27216e-17
1.3034e-16
0
0
0
0
0
0
0
0
0
0
0
0
0
0
0
0
0
0
0
0
0
0
0
0
0
0
0
0
0
0
0
0
0
0
0
0
0
0
0
0
0
0
0
0
0
0
-2.63555e-15
0
0
0
0
0
0
0
0
0
0
0
0
0
0
0
0
0
0
0
0
6.6101e-17
0
-3.45966e-14
0
0
0
0
0
0
0
0
0
0
0
0
0
0
0
0
0
0
0
0
0
0
0
0
0
0
0
0
0
0
0
0
0
0
0
0
0
0
0
0
0
0
0
0
0
0
0
0
0
0
0
0
0
0
0
0
0
-2.70005e-16
6.25745e-16
-2.53503e-16
0
0
0
0
-4.3592e-16
1.06225e-15
0
0
0
0
0
0
0
0
0
0
0
0
0
0
0
0
0
0
0
0
1.61764e-15
3.98697e-17
0
0
3.84794e-15
0
-9.48896e-16
0
0
0
0
0
0
0
0
0
0
0
0
0
0
0
0
0
0
0
0
0
0
0
0
0
0
0
0
0
0
0
0
-2.48906e-16
0
0
0
0
0
0
0
0
0
0
0
0
0
0
0
0
0
0
0
0
0
0
6.76933e-17
0
0
0
0
0
0
0
0
-6.82418e-17
0
-2.34725e-17
0
0
0
0
0
0
0
0
0
0
0
0
0
0
1.74737e-16
2.9605e-17
0
0
0
0
0
0
0
0
0
-5.13657e-17
-1.9756e-16
0
0
0
0
0
0
0
0
0
0
0
0
0
0
0
0
0
0
0
3.02521e-17
1.88549e-08
-1.34948e-08
0
0
0
0
0
0
0
0
0
0
0
0
0
5.16828e-17
2.28854e-16
0
0
0
0
0
0
0
0
0
0
0
0
0
0
0
0
0
0
0
0
0
0
0
0
0
0
0
0
0
0
0
0
0
0
0
0
0
0
0
0
0
0
0
0
0
0
0
0
0
0
0
0
0
0
0
0
0
0
0
0
0
0
0
0
0
0
9.92427e-17
0
9.25887e-18
0
0
0
0
0
0
0
0
0
0
0
0
0
0
0
0
0
0
0
0
0
0
0
0
0
0
0
0
0
0
0
0
0
-3.67859e-15
0
0
0
0
0
0
0
0
0
0
0
0
0
0
0
0
0
0
0
0
0
0
0
0
0
-3.05311e-16
0
0
0
0
0
0
0
0
0
0
0
0
0
0
0
0
0
0
0
0
0
0
0
0
0
0
0
0
0
0
0
0
0
0
0
0
0
0
0
0
0
0
0
1.80176e-15
0
2.01787e-16
-1.25425e-16
0
3.37308e-16
0
0
0
0
0
0
0
0
0
1.14747e-16
3.45721e-16
0
0
-1.56116e-16
0
0
0
0
0
0
0
0
0
0
0
0
0
0
0
0
3.70474e-16
0
0
0
0
0
0
0
0
0
0
0
0
0
0
-1.18361e-15
0
0
0
0
0
0
0
0
0
0
0
0
0
0
0
0
0
0
0
0
0
0
0
0
0
0
0
0
0
0
0
-2.70984e-16
0
6.0031e-16
0
0
0
0
0
1.2708e-16
0
0
0
0
0
0
0
0
0
0
0
0
0
0
0
0
0
0
0
0
0
0
0
0
4.78897e-16
-9.04502e-16
-2.30919e-16
0
0
7.19928e-32
0
1.68566e-16
0
0
0
0
0
0
0
0
0
0
0
0
0
0
0
0
0
0
0
0
0
0
0
0
0
0
0
0
0
0
0
0
0
0
0
0
0
0
0
0
0
0
0
0
0
0
0
0
0
0
0
0
0
0
0
0
1.60785e-16
-9.20467e-18
0
0
0
0
0
0
0
0
0
0
0
0
0
0
0
0
0
0
0
0
0
0
0
0
0
0
0
0
0
0
0
0
0
0
0
0
0
0
0
0
0
0
0
0
0
0
0
0
0
0
0
0
0
0
0
3.50256e-16
0
0
0
0
6.54142e-16
-5.87932e-17
0
0
0
0
0
0
0
0
0
0
0
0
0
0
0
0
0
0
0
0
0
0
0
1.29887e-16
0
-1.28878e-08
-7.53758e-09
0
0
0
0
0
0
0
0
0
0
0
-5.20766e-16
0
-6.38093e-17
0
0
0
0
0
0
0
0
-3.82621e-16
0
0
0
0
0
0
0
0
0
0
0
0
0
9.22542e-17
0
9.32842e-16
0
0
0
0
0
0
0
0
0
0
0
0
0
0
0
0
0
0
0
0
0
0
0
0
0
0
0
0
0
0
0
0
0
0
0
0
0
0
0
-1.64369e-17
-8.9991e-33
0
0
0
0
0
0
0
0
0
0
0
0
0
0
0
0
0
0
0
-9.87272e-16
0
0
0
0
0
0
0
0
0
0
1.31571e-16
0
0
0
0
0
0
0
0
0
0
0
0
0
0
0
0
0
0
0
0
0
0
0
0
0
0
0
0
0
0
0
0
0
0
0
0
0
5.8219e-16
0
0
0
0
0
0
0
-1.06467e-15
-3.66128e-16
0
0
0
0
0
0
0
0
0
0
0
0
0
0
0
0
0
0
0
-9.01342e-17
0
0
0
0
0
0
0
0
0
0
0
0
0
0
0
0
0
0
0
1.02127e-08
0
0
0
0
0
0
0
0
0
0
0
0
0
0
0
0
0
0
-1.53594e-16
0
0
0
0
0
0
0
0
0
0
0
0
0
0
0
0
0
0
0
0
0
0
0
0
0
0
0
0
0
4.23531e-17
0
0
0
0
0
0
0
0
0
0
0
0
0
0
0
0
0
0
0
0
0
0
0
0
0
0
0
0
0
0
0
0
0
0
0
0
0
0
0
0
0
-1.02794e-16
2.46625e-16
0
0
0
0
0
0
0
0
0
0
0
-6.66383e-16
-1.23905e-15
0
0
0
0
0
0
0
0
0
0
0
0
0
0
0
0
0
0
0
0
0
0
0
0
0
0
0
0
0
0
0
0
0
0
0
0
0
0
0
0
0
0
0
0
0
0
0
0
0
0
0
0
0
0
0
0
0
0
0
0
0
0
0
0
0
0
0
0
0
-8.57881e-15
0
6.77475e-15
0
0
0
0
0
0
0
0
0
0
0
0
0
0
0
0
0
0
0
0
0
-1.92358e-14
5.82936e-16
-2.8347e-16
0
0
0
0
0
0
-6.4563e-16
3.78355e-16
0
0
0
0
0
0
0
0
0
0
0
0
0
0
0
0
0
0
0
0
0
0
-6.52191e-15
0
0
0
0
0
0
0
0
0
0
0
0
0
0
0
0
3.21233e-14
1.24929e-14
2.74538e-15
0
0
0
0
0
0
0
0
0
0
0
0
0
0
0
0
0
0
0
0
0
0
-1.89557e-16
0
0
0
0
0
0
0
0
2.55437e-16
0
0
0
0
0
0
0
0
0
0
0
0
0
0
0
0
0
0
0
0
0
0
0
0
0
0
0
0
0
0
0
0
0
0
0
0
0
0
0
0
0
0
0
0
0
0
0
0
0
0
0
0
0
0
0
0
0
0
0
0
0
0
0
0
0
0
0
0
0
0
0
0
0
0
0
0
0
0
0
0
0
0
0
0
0
0
0
0
0
0
0
0
0
0
0
0
0
0
0
0
0
0
0
0
0
0
0
0
0
0
0
0
0
0
0
0
0
0
0
0
0
0
0
0
0
0
0
0
0
0
0
0
0
0
0
0
0
0
0
0
0
0
0
0
0
0
0
0
0
0
0
-3.46121e-16
3.88256e-16
0
0
-2.37503e-17
0
0
0
0
0
0
0
0
0
0
5.97768e-16
-1.59847e-18
0
0
0
0
0
0
0
0
0
0
0
0
0
0
0
0
0
0
0
0
0
0
0
0
-5.12949e-31
0
0
0
0
0
0
0
0
0
-1.83111e-16
0
0
0
0
0
0
0
0
0
0
0
0
0
0
0
0
0
0
0
0
0
0
0
0
0
0
0
0
0
0
0
0
0
0
0
0
-1.03814e-16
0
0
0
0
0
0
0
0
0
0
0
0
0
0
0
0
0
0
0
0
0
0
0
0
0
0
0
0
0
0
0
0
0
0
0
0
0
0
0
0
0
0
0
0
0
0
0
0
0
0
0
0
0
0
0
0
0
0
0
-8.04254e-18
-1.18463e-15
0
0
0
0
0
0
0
0
0
0
0
0
0
0
0
0
0
0
0
0
0
0
0
0
0
0
0
0
0
0
0
0
0
0
0
0
0
0
0
0
0
0
0
0
0
0
0
0
0
0
3.52493e-15
0
1.62527e-16
0
0
2.55436e-18
0
0
0
0
0
0
0
0
0
0
0
0
0
0
0
0
0
0
0
0
0
0
0
0
0
0
0
0
5.22522e-16
0
0
0
0
0
0
0
0
0
0
0
0
0
0
0
1.66274e-14
-1.58616e-15
0
0
0
0
0
0
0
0
0
0
0
0
0
0
0
0
0
0
0
0
0
0
0
0
0
0
0
3.32802e-17
1.09946e-15
0
0
0
0
0
0
0
0
0
0
0
0
6.22121e-17
0
0
0
0
0
0
0
0
0
0
0
0
0
0
0
0
0
0
0
0
0
0
0
0
0
0
0
0
0
0
0
0
0
0
0
0
0
0
0
0
0
0
0
0
0
0
0
1.88919e-17
0
0
0
5.12602e-16
5.09949e-31
-9.84911e-16
0
0
0
0
0
0
0
-2.097e-16
0
-6.3849e-16
0
0
0
0
0
0
0
0
0
0
0
0
0
0
0
0
0
0
0
0
0
0
0
0
0
0
0
0
0
0
0
0
0
0
0
0
0
0
0
0
0
0
0
0
0
-3.80812e-18
0
0
0
0
0
0
0
0
0
0
0
0
0
0
0
0
0
0
0
0
0
0
0
0
0
0
0
0
0
0
0
0
0
0
0
0
0
0
0
0
0
0
0
0
0
0
0
0
0
0
0
0
0
0
0
0
0
0
0
0
0
0
0
0
0
0
1.02653e-16
0
0
0
0
0
0
0
2.92218e-16
0
0
0
0
0
0
0
0
0
0
0
0
0
0
0
0
0
0
0
0
0
0
0
0
0
0
0
0
0
0
0
0
0
0
0
-2.54975e-31
0
0
0
0
0
0
0
0
0
0
0
0
-3.58778e-17
3.07154e-15
-1.84992e-14
0
0
0
0
0
0
0
0
0
0
0
0
0
0
0
0
0
-4.47341e-16
6.00969e-16
0
0
0
0
0
0
0
3.97874e-17
0
0
0
0
0
0
8.6616e-17
-2.26138e-16
0
0
0
0
0
0
-3.55291e-17
0
0
0
0
0
4.13642e-16
0
0
0
0
0
0
0
0
0
0
0
0
0
0
0
0
2.83945e-16
2.78432e-16
0
0
0
0
0
0
0
0
0
0
0
0
0
0
0
0
0
0
0
0
0
0
0
0
0
0
0
0
0
0
0
0
0
0
0
0
0
0
0
0
0
0
0
0
0
0
0
0
0
0
0
0
0
0
0
0
0
0
0
0
0
0
0
0
0
0
0
0
0
0
0
-1.57528e-15
0
6.0125e-15
0
0
0
0
0
0
0
0
0
0
0
0
0
0
0
0
0
0
0
0
0
0
0
0
0
0
0
0
0
0
0
0
0
0
0
0
0
0
0
0
0
0
0
0
0
0
0
0
0
0
0
0
0
0
0
0
0
0
0
0
0
0
0
0
0
0
0
0
0
0
0
0
0
0
0
0
0
0
0
0
0
0
0
0
0
0
0
0
0
0
0
0
0
0
0
0
0
0
0
0
0
0
0
0
0
0
0
0
0
0
0
0
0
0
0
0
0
0
0
0
0
0
0
0
0
0
0
0
0
0
0
0
0
0
0
0
0
0
0
0
0
0
0
0
0
0
0
0
0
0
0
0
0
0
0
0
0
0
0
0
0
0
0
0
0
0
0
0
0
0
0
0
0
0
0
0
0
0
0
0
0
0
0
0
0
0
0
-3.64097e-17
2.14598e-16
0
0
0
0
0
0
0
2.27048e-16
0
2.54975e-31
0
0
0
0
0
0
0
2.98288e-16
0
0
0
0
0
0
-6.6718e-17
0
-3.67716e-15
0
0
0
0
0
0
0
0
0
0
0
0
0
0
0
0
0
0
0
0
-3.38857e-15
0
0
0
0
0
0
0
0
0
0
0
0
0
0
0
0
0
0
0
0
0
0
0
0
0
0
-1.14737e-15
0
0
0
0
0
0
0
0
0
0
0
0
0
0
0
0
0
0
0
1.48087e-16
2.9044e-16
0
0
0
0
0
0
0
0
0
0
0
0
0
0
0
0
0
0
0
0
0
0
0
0
0
0
0
0
0
0
0
0
0
0
0
-9.66673e-16
0
0
0
0
1.05559e-16
0
0
0
0
0
0
0
0
0
0
0
0
0
0
0
0
0
0
0
0
0
0
0
0
0
0
0
0
0
0
0
0
0
0
0
0
0
0
8.07097e-17
0
0
-2.99224e-17
0
0
0
8.68679e-17
0
0
0
0
0
0
0
0
0
0
0
0
0
0
0
-1.54763e-14
2.28707e-14
0
0
0
0
0
0
0
0
0
0
0
0
0
0
0
0
0
0
0
0
0
0
0
0
0
0
0
0
0
0
0
0
0
0
0
0
0
0
0
0
0
0
0
0
0
0
0
0
0
0
0
0
0
0
0
0
0
0
0
0
0
0
0
4.19157e-16
0
0
0
0
0
0
0
0
0
0
0
0
0
0
0
0
0
0
0
0
0
8.91284e-16
0
0
0
0
0
0
0
0
0
0
0
0
0
0
0
0
0
0
0
0
0
0
0
0
0
0
0
0
0
0
0
0
0
0
0
0
0
0
0
1.73673e-15
3.0065e-17
-2.98944e-17
0
0
0
0
8.67395e-16
-1.3919e-15
0
0
0
0
0
0
0
0
0
0
0
0
0
0
0
0
0
0
0
0
0
0
0
0
0
0
1.19161e-18
0
0
0
0
0
0
0
3.66039e-16
0
0
0
0
0
0
0
0
0
0
0
0
0
0
0
0
0
0
0
-1.58071e-15
0
0
0
0
0
0
0
0
0
0
0
0
0
0
0
0
0
0
0
0
0
-7.54352e-18
6.48027e-17
-1.17105e-15
0
0
0
0
0
0
0
0
0
0
0
0
0
0
0
0
0
0
0
0
0
0
0
0
0
0
0
0
3.95776e-17
8.45617e-17
0
0
0
0
0
0
0
0
0
0
0
0
0
0
0
0
0
0
0
0
0
0
0
0
0
0
0
0
0
0
0
0
0
0
0
0
0
0
0
0
0
0
0
0
0
0
0
0
0
0
0
0
0
0
0
0
0
0
0
0
0
0
0
0
0
0
0
0
0
0
0
0
0
0
0
0
0
0
0
0
0
0
0
0
0
0
0
0
0
0
0
0
0
0
0
0
0
0
0
0
0
0
0
0
0
0
0
0
0
0
0
-7.20362e-16
4.96564e-17
0
0
0
0
0
0
0
0
0
0
0
0
2.81841e-15
4.9956e-16
0
-1.1334e-15
6.76489e-17
3.51143e-17
0
0
0
-8.62518e-17
-1.38063e-16
0
0
0
0
0
0
-7.52709e-15
0
0
0
0
0
0
0
0
0
0
0
0
0
0
-1.42163e-16
2.12022e-15
0
0
0
0
0
0
0
0
0
0
0
0
0
0
0
0
0
-4.60982e-16
0
0
0
0
0
0
4.1307e-17
7.5783e-16
-6.7816e-16
0
0
0
0
0
0
0
0
0
0
0
0
0
0
0
0
0
0
0
0
0
-2.26003e-16
-1.12864e-16
0
0
0
0
0
0
0
0
0
0
0
0
0
0
0
0
0
0
0
0
0
0
0
0
0
0
0
0
0
0
0
0
0
0
0
0
0
0
0
0
0
0
0
0
0
0
0
0
0
0
0
0
0
0
0
0
0
0
0
0
0
0
0
0
0
0
0
0
0
0
0
-1.62217e-17
0
0
0
0
0
0
5.47324e-18
-4.72297e-17
3.081e-17
0
0
0
0
0
0
0
0
0
0
0
0
0
0
0
6.73413e-18
1.00347e-16
0
0
-7.67923e-31
0
0
0
0
0
0
0
0
0
0
0
0
0
0
0
0
0
0
0
0
0
-2.90802e-16
0
0
0
0
0
0
0
0
0
2.78044e-17
0
0
0
0
0
0
0
0
0
0
0
0
0
0
0
0
0
2.7627e-15
1.51595e-17
-1.05967e-16
0
0
0
0
0
0
0
0
0
0
0
0
0
0
0
0
0
0
0
0
0
0
0
0
0
0
0
0
0
0
0
0
0
0
0
0
0
0
1.1369e-15
1.76682e-15
0
0
0
0
0
0
0
1.07158e-14
0
0
0
1.26656e-14
0
0
5.77655e-17
-2.56474e-31
0
0
0
0
0
0
0
0
0
0
0
0
0
0
0
0
0
0
0
0
0
0
0
0
0
0
-6.17281e-17
5.92142e-17
0
0
0
0
0
0
0
0
0
0
0
0
0
0
0
0
0
0
0
0
0
0
0
0
0
0
0
0
0
0
0
0
0
0
0
0
0
0
0
0
0
0
0
0
0
0
0
0
0
0
0
0
0
0
0
0
0
0
0
0
0
0
0
0
0
0
0
0
0
0
0
0
0
0
0
0
0
0
0
0
0
0
0
0
1.49706e-18
0
0
0
0
0
0
0
0
0
0
0
0
0
0
0
0
0
0
0
0
0
0
0
0
0
-5.25571e-16
0
0
0
0
0
0
0
0
0
0
0
0
0
0
0
0
0
0
0
0
0
0
0
0
0
0
0
0
0
0
0
0
0
0
-6.52716e-17
-1.12403e-16
0
0
0
0
0
0
0
0
0
0
0
0
0
0
0
0
0
0
1.22305e-15
0
0
0
0
0
3.22405e-17
6.19011e-17
0
0
0
0
0
0
0
0
0
0
0
0
1.40831e-16
0
0
0
0
0
0
0
0
0
0
0
0
0
0
0
0
0
0
0
0
0
0
0
0
0
0
0
0
0
6.36493e-16
0
0
0
0
0
0
0
0
0
0
2.26576e-17
6.45204e-15
-1.0259e-30
0
0
0
0
0
0
0
0
0
0
0
0
0
0
0
0
0
0
0
0
0
0
0
1.74798e-15
0
0
0
0
0
0
0
0
0
0
0
0
0
0
0
0
-2.85455e-16
0
8.88485e-17
0
0
0
0
0
0
0
0
0
0
0
0
0
0
0
0
0
0
0
0
0
0
0
0
0
0
0
0
0
0
0
0
0
0
0
0
0
0
0
0
0
0
0
0
0
0
0
0
0
0
0
0
0
0
0
0
0
0
0
0
0
0
0
0
0
0
0
0
0
0
4.43728e-16
-5.63841e-16
0
0
0
0
0
-6.93693e-16
4.99393e-17
0
0
0
0
0
0
0
0
0
0
0
0
0
0
0
0
0
0
0
0
0
0
0
0
0
0
0
0
0
0
0
0
0
0
0
0
0
0
0
0
0
0
0
0
0
0
0
0
0
0
0
0
0
0
0
-4.43181e-17
0
5.97464e-17
8.00873e-18
0
0
0
0
0
0
0
0
0
0
0
0
0
1.0664e-16
-9.00727e-16
0
0
0
0
0
0
0
0
0
0
0
0
0
0
0
3.68255e-15
0
0
0
0
0
0
0
0
0
0
0
0
0
0
0
0
3.16141e-17
1.08481e-15
0
0
0
0
0
0
0
0
0
0
0
0
0
0
0
0
0
0
0
0
0
0
0
0
0
0
0
0
0
0
0
0
0
0
0
0
0
0
0
0
0
0
0
0
0
0
0
0
0
0
0
0
0
-5.41508e-16
1.20119e-16
0
0
0
0
0
0
0
0
-2.67343e-17
-1.6792e-18
0
0
0
0
1.96086e-16
0
-4.11708e-16
0
0
0
0
0
0
0
0
0
-4.50588e-15
0
0
0
0
0
0
0
0
0
0
1.0499e-17
6.16474e-18
-3.33275e-17
0
0
0
0
0
0
0
0
0
0
0
0
0
0
0
0
0
0
0
0
0
0
0
0
0
0
0
0
0
0
0
0
0
0
0
0
0
0
0
0
0
0
0
0
0
0
0
0
0
0
0
0
0
0
0
0
0
0
0
0
0
0
0
-3.7458e-16
0
5.05921e-17
0
0
0
0
0
0
0
0
0
0
0
0
-1.09121e-15
2.88009e-16
0
0
0
0
0
0
-4.43785e-17
0
0
0
0
0
0
0
0
0
0
0
0
0
0
0
0
0
0
0
0
0
0
0
0
0
0
0
0
0
0
0
0
0
0
0
0
0
0
0
0
0
-1.72746e-16
0
0
0
0
0
0
0
0
0
0
0
0
0
0
0
0
0
0
0
0
0
0
0
0
0
0
0
0
0
0
0
0
0
0
0
0
0
0
0
0
0
0
0
0
0
0
0
0
0
0
0
0
0
0
0
0
0
-3.37234e-16
6.06798e-16
0
0
0
-6.12057e-17
-1.43256e-15
0
0
0
0
0
0
0
0
0
0
0
0
0
0
0
0
1.90717e-16
-7.19253e-17
0
0
0
0
0
0
0
0
0
0
0
0
0
0
0
0
0
0
0
0
0
0
0
0
-1.37492e-17
0
0
0
0
0
0
0
1.61696e-17
0
0
0
0
0
0
0
0
0
0
0
0
0
0
0
0
0
0
0
0
0
0
0
0
0
0
0
0
0
0
0
0
0
0
0
0
0
0
0
0
0
0
0
0
0
0
0
0
0
0
0
0
0
0
0
0
0
0
0
0
0
0
0
0
0
0
0
0
0
0
0
0
0
0
0
0
0
0
0
0
0
0
2.02021e-15
0
0
0
0
0
0
0
0
0
0
0
0
0
0
0
0
0
0
0
0
0
0
0
0
0
0
0
0
0
0
0
0
0
0
0
0
0
0
0
0
0
0
0
0
0
0
0
0
-7.4616e-17
1.14227e-16
0
0
0
0
0
0
0
-3.6932e-16
0
0
0
0
0
0
0
2.0615e-17
0
0
0
0
0
0
0
0
0
0
0
0
0
0
0
0
0
0
0
0
0
0
0
0
0
0
0
0
0
0
0
0
0
0
0
-3.7975e-16
0
0
0
0
0
0
0
0
0
0
-2.17742e-16
0
0
0
0
0
0
0
0
0
0
0
0
0
0
0
0
0
0
0
0
-4.39423e-16
0
0
0
0
0
0
0
0
0
0
0
0
0
0
0
0
0
0
0
0
0
0
0
0
0
0
0
0
0
0
0
0
0
0
0
0
0
0
0
0
0
0
0
0
0
0
0
0
0
0
0
0
0
0
0
0
0
0
0
0
0
0
0
0
0
0
0
0
0
0
0
0
0
0
0
0
0
0
0
0
0
0
0
0
-7.86344e-18
0
0
-1.51968e-18
7.00824e-16
0
0
0
0
0
0
1.19148e-15
6.93123e-16
0
0
0
0
0
0
0
9.0359e-18
5.18007e-16
0
0
0
0
0
0
0
0
0
0
0
0
0
0
0
0
0
0
0
0
0
0
0
0
0
0
0
0
0
0
0
0
0
0
0
0
0
0
0
0
0
0
0
0
0
0
0
0
0
0
0
0
0
0
0
0
0
0
0
0
0
0
0
0
0
0
0
0
0
0
6.09544e-16
0
0
0
0
0
0
0
0
0
0
0
0
0
0
0
0
0
0
0
0
0
0
0
0
0
0
0
0
-9.18896e-17
-1.73725e-16
0
0
0
0
0
0
0
0
0
0
0
0
0
0
0
0
1.16115e-15
0
0
0
0
0
0
0
0
0
0
0
0
0
0
0
0
0
0
0
0
0
0
0
0
0
0
0
3.85594e-17
-2.40292e-15
0
0
0
0
0
0
0
0
0
0
0
0
0
0
0
0
0
0
0
0
0
0
0
0
0
0
0
0
-1.99396e-09
0
1.51579e-08
0
0
0
0
0
0
0
0
0
0
0
0
-7.94372e-17
0
0
0
0
0
0
0
0
0
0
0
0
0
0
0
0
0
0
0
0
0
0
0
0
0
0
0
0
6.75011e-16
0
1.64861e-18
0
0
0
0
0
0
0
1.17338e-16
1.51541e-15
0
0
0
0
0
0
0
0
0
0
0
0
0
0
0
0
0
0
0
0
0
0
0
0
0
0
0
0
0
0
0
0
0
0
0
0
0
0
0
0
0
0
0
0
0
-1.19544e-16
7.4479e-17
0
0
0
0
0
0
0
0
0
0
0
0
0
0
0
0
0
0
0
0
0
0
0
0
0
0
0
0
0
0
0
0
0
0
0
0
0
0
0
0
0
0
0
0
4.52051e-16
0
0
0
0
0
-1.67601e-17
0
0
0
0
0
0
0
0
0
0
0
0
0
0
0
0
0
0
0
0
0
0
0
0
0
0
0
0
0
0
0
0
0
0
0
0
0
0
0
0
0
0
0
0
0
0
0
0
0
0
0
0
0
0
0
0
0
0
0
0
0
0
0
0
0
0
0
0
0
0
0
0
0
0
0
0
0
0
0
0
0
0
0
0
0
0
0
0
0
0
0
0
0
0
0
0
0
0
-1.80098e-15
0
-3.28841e-18
0
0
1.62102e-16
7.23876e-17
0
0
0
0
0
0
0
0
0
0
0
0
1.89526e-16
0
0
0
0
0
0
0
0
-1.02517e-16
0
0
0
0
0
0
0
0
0
0
0
0
0
0
0
0
0
0
0
0
0
0
0
0
0
0
0
0
0
0
0
0
0
0
0
0
0
-4.2046e-16
5.10411e-16
0
0
0
0
0
0
0
0
0
0
0
0
0
0
0
0
0
0
0
0
0
0
0
0
0
0
0
0
0
0
0
0
0
0
0
0
0
1.29711e-08
0
0
0
0
0
0
0
0
0
0
0
0
0
0
0
0
0
0
0
0
0
0
0
-1.20644e-15
-2.84254e-15
0
0
0
0
0
0
0
0
0
0
0
0
0
0
0
0
0
0
0
0
0
0
0
0
0
0
0
0
0
0
0
0
0
0
0
0
0
0
0
0
0
0
0
0
0
0
0
0
0
0
1.25649e-15
0
0
0
-7.11945e-16
7.59662e-16
0
0
0
0
0
0
0
0
0
0
0
0
0
0
0
0
0
0
0
0
0
0
0
0
0
0
0
0
0
0
0
0
0
0
0
-3.65103e-17
0
0
0
0
0
0
0
0
0
0
0
0
0
0
0
0
0
0
0
0
0
0
0
0
0
0
0
0
0
0
0
0
1.6222e-15
9.79677e-18
0
0
0
0
0
0
0
0
0
0
-6.80237e-17
0
0
0
0
0
0
0
0
0
0
0
0
0
0
0
1.29639e-16
5.96213e-16
3.2728e-17
0
0
0
0
0
0
0
0
0
0
0
0
0
0
0
2.43906e-18
6.73205e-17
-3.53694e-18
0
0
-1.59367e-15
0
0
0
0
0
0
0
1.00549e-16
0
0
0
0
0
-5.30925e-17
0
0
0
0
0
0
0
0
0
0
0
0
0
0
0
0
0
0
0
0
0
0
0
0
0
0
0
0
0
0
0
0
0
0
0
0
0
0
0
0
0
0
0
0
0
0
0
-3.47721e-17
1.54283e-15
0
0
0
0
0
0
0
0
0
-8.5663e-15
0
0
0
0
0
0
0
0
0
0
0
0
0
0
0
0
0
0
0
0
0
0
0
0
0
0
0
0
0
0
0
0
0
0
0
0
0
0
0
0
0
0
0
0
0
0
0
0
0
-1.35615e-16
7.02211e-15
0
0
0
0
0
0
0
0
0
0
0
6.77272e-17
0
0
0
0
0
0
0
0
0
0
0
0
0
0
0
0
0
0
0
0
0
0
0
0
0
0
0
0
0
0
0
0
0
0
0
0
0
0
0
0
9.36195e-17
-7.336e-16
0
0
0
0
0
0
9.24593e-15
0
0
0
0
0
0
0
0
0
0
0
0
0
0
0
0
0
0
0
0
0
0
0
0
0
0
0
0
0
0
0
5.56071e-16
3.97138e-16
0
0
0
0
0
0
0
0
0
0
0
0
0
0
0
0
0
0
0
0
0
0
0
0
0
0
0
0
0
0
0
0
0
0
0
0
0
0
0
0
0
0
0
0
0
0
0
0
0
0
0
0
0
0
0
0
0
0
0
0
0
0
0
0
0
0
0
0
-1.20615e-15
0
0
0
-7.23239e-16
0
0
0
0
0
0
0
0
0
0
0
0
0
0
0
0
0
0
0
0
0
0
0
0
0
0
0
0
0
0
0
0
0
0
0
0
0
0
1.20016e-17
0
0
0
0
0
0
2.82219e-16
0
0
-4.0477e-15
4.79193e-15
0
1.26861e-08
0
0
0
0
0
0
0
0
0
0
0
0
0
0
0
0
0
0
0
3.34992e-15
0
0
0
0
0
0
0
0
0
0
0
0
0
0
0
0
0
0
0
0
0
0
0
0
-9.86102e-17
0
0
1.5083e-16
0
0
0
0
0
0
0
0
0
0
0
0
0
0
0
0
0
0
0
0
0
0
0
0
0
0
0
0
0
0
0
0
0
0
0
0
0
0
0
0
0
0
0
0
0
0
0
0
0
0
0
3.95884e-17
0
0
0
0
0
0
0
0
0
0
0
0
1.19039e-17
2.42719e-17
0
0
0
0
0
0
0
0
0
0
0
0
0
0
0
0
0
0
0
0
0
0
0
0
0
6.97655e-17
0
-4.54071e-17
0
0
0
0
0
0
0
0
0
0
0
0
0
0
0
0
0
0
0
0
0
0
0
0
0
0
0
0
0
0
0
0
0
0
0
0
0
0
0
0
0
0
0
0
0
0
0
0
0
0
0
0
0
0
0
0
0
0
0
0
0
0
0
0
0
0
0
0
0
6.15689e-17
-1.66251e-16
0
0
0
-7.93413e-19
0
0
0
0
-1.45137e-16
2.31055e-16
0
0
0
0
0
0
0
0
0
1.53585e-30
-5.02155e-16
0
0
0
0
0
0
0
0
0
0
0
-1.1843e-17
0
0
0
0
0
0
0
0
0
0
7.17439e-16
0
0
0
0
0
0
0
0
0
0
0
0
0
0
0
0
0
0
0
0
0
0
0
0
0
0
0
0
0
0
0
0
0
0
0
-5.02078e-16
-4.24023e-17
-1.74892e-15
0
0
0
-1.09143e-17
9.41419e-17
1.26212e-17
0
0
0
0
0
0
0
0
0
0
0
0
0
0
0
0
0
0
0
0
0
0
0
0
5.26314e-16
2.28554e-16
0
0
0
0
0
0
0
0
0
0
0
0
0
0
0
0
0
0
0
0
0
0
0
0
0
0
0
0
0
0
0
0
0
3.80044e-16
1.23241e-15
0
0
0
0
0
0
0
0
0
0
0
0
0
0
0
0
0
6.66447e-16
1.67802e-16
0
0
0
0
0
0
0
0
0
0
0
0
0
0
0
0
0
0
0
0
0
0
0
0
0
0
0
0
0
0
0
0
0
0
0
0
0
0
0
0
0
0
0
1.02767e-14
1.86992e-16
0
0
0
0
0
0
0
0
0
0
0
0
0
0
0
0
0
0
0
0
0
0
0
0
0
0
0
0
0
0
0
0
0
0
0
0
0
0
0
0
0
0
0
0
0
0
0
0
0
0
0
0
0
0
0
0
0
0
0
0
0
0
0
-1.22759e-16
-6.24725e-17
0
0
0
7.70869e-15
0
0
0
0
0
0
0
0
0
0
0
0
0
0
0
0
0
0
0
0
0
0
0
0
0
0
0
0
0
0
0
0
0
0
0
0
0
0
0
0
0
0
0
0
0
0
0
0
0
0
0
0
0
0
0
0
0
0
0
0
0
0
0
0
0
0
0
0
0
0
0
5.83509e-16
0
0
0
0
0
0
4.0527e-16
0
0
0
0
0
0
0
0
0
0
0
0
0
0
0
0
0
0
0
0
-7.21975e-16
0
-1.38693e-16
0
0
0
0
0
0
0
0
0
0
0
0
0
0
0
0
0
0
0
0
0
0
0
0
0
0
0
0
0
0
0
0
0
0
0
0
0
0
-1.61662e-15
-1.50838e-17
0
0
0
0
0
0
0
0
0
0
0
0
0
0
0
0
0
0
0
0
0
0
0
0
0
0
0
0
0
0
0
0
0
0
0
0
0
0
0
0
3.11726e-17
0
0
0
0
1.5579e-16
9.34733e-17
0
0
0
0
0
0
0
0
0
0
0
0
0
0
0
0
0
0
0
0
0
0
0
0
0
0
0
0
0
0
0
0
0
0
0
0
0
0
0
0
0
0
0
1.88114e-16
-5.30665e-16
0
0
0
0
0
0
0
0
0
0
0
0
0
0
0
0
0
0
0
0
0
0
0
0
0
0
0
0
0
0
0
0
0
0
0
0
0
0
0
0
0
0
0
0
0
0
0
0
0
0
0
0
0
0
0
0
0
0
0
0
0
-3.25565e-16
1.89124e-16
0
0
0
0
0
0
0
0
0
0
0
0
0
0
0
0
0
0
0
0
0
0
0
0
0
0
0
0
0
0
0
-5.90823e-16
3.14562e-16
0
0
0
0
0
0
0
0
0
0
0
0
0
0
0
0
0
0
0
0
0
0
0
0
0
0
0
0
0
0
0
0
0
1.60391e-16
0
0
0
0
0
0
0
0
0
0
0
0
0
0
0
0
0
0
0
0
0
0
0
0
0
0
0
0
0
0
0
0
0
0
0
0
0
0
0
0
0
0
0
0
0
0
0
0
0
0
0
0
0
0
0
0
0
0
0
0
0
0
0
0
0
0
0
0
0
0
0
0
0
0
0
0
0
0
0
0
0
0
0
0
0
0
0
0
0
0
0
0
0
0
0
0
-8.82982e-17
0
0
0
0
0
0
0
0
0
0
0
0
0
1.67095e-17
8.69159e-18
0
0
0
0
0
0
0
0
0
0
0
0
0
0
0
0
0
3.00767e-16
0
0
0
0
0
0
0
0
0
0
0
0
0
0
0
0
0
2.55182e-16
-2.69162e-17
0
0
0
0
0
0
0
0
0
0
0
0
0
0
0
0
0
0
0
0
0
0
0
0
0
0
0
0
0
0
0
0
0
0
0
0
0
0
0
0
0
0
0
0
0
0
0
0
0
0
0
0
0
0
0
0
0
0
0
0
0
0
0
0
0
0
0
0
0
0
0
0
0
0
0
0
0
0
0
0
0
0
0
0
0
0
0
0
0
0
0
0
0
0
2.09684e-16
6.34777e-16
-7.37608e-16
-7.49109e-17
0
0
0
0
0
0
0
0
0
0
0
0
0
0
0
-2.45736e-29
5.92392e-15
0
0
0
0
0
0
0
0
0
0
-9.47796e-17
8.32703e-17
0
0
0
0
0
0
0
0
0
-1.32163e-16
0
0
4.19209e-17
0
0
0
0
0
0
0
0
0
0
0
0
0
0
0
0
0
0
0
0
0
0
0
0
0
0
0
0
0
0
0
0
0
0
2.26973e-16
0
0
0
0
0
0
0
0
0
0
0
0
0
0
0
0
0
0
0
0
0
0
0
0
0
0
0
0
0
0
0
1.21299e-16
0
0
0
0
0
0
0
0
0
0
0
0
0
0
0
0
0
0
0
0
0
0
0
0
0
0
0
0
0
0
0
0
0
0
0
0
0
0
0
0
0
0
0
0
0
0
3.32647e-15
9.87167e-17
0
0
1.53931e-15
-1.46931e-17
0
0
0
0
0
0
0
0
0
0
0
0
0
0
0
0
0
0
0
0
0
0
0
0
0
0
0
0
0
0
0
0
0
0
0
0
0
0
0
0
0
0
0
0
0
0
0
0
0
0
0
0
0
0
0
0
0
2.71909e-16
1.02127e-08
0
0
0
0
0
0
0
0
0
0
0
0
0
0
0
0
0
0
0
0
0
0
0
0
0
0
0
0
0
0
0
0
0
0
0
0
0
0
7.72104e-16
0
0
0
0
0
0
0
0
0
0
0
0
0
0
0
1.18391e-16
0
0
0
0
0
2.32338e-16
0
1.69533e-17
3.84926e-17
0
0
0
0
0
0
0
0
0
0
0
0
0
0
0
4.41217e-16
0
-7.90966e-17
3.75323e-16
-3.11978e-16
0
0
0
0
0
0
0
0
0
0
0
0
-1.93091e-15
0
0
0
0
0
0
0
0
0
0
0
0
0
6.83059e-16
0
0
0
0
0
0
0
0
0
0
0
0
0
-1.74386e-16
1.25712e-16
0
0
0
0
0
0
0
0
0
0
0
0
0
0
0
0
0
0
0
0
0
0
0
0
0
0
0
0
0
0
0
0
0
0
0
0
0
0
0
0
0
0
0
0
0
0
0
0
0
0
0
0
0
0
0
0
0
0
0
0
0
0
0
0
0
0
0
0
0
0
0
0
0
0
0
0
0
0
0
0
0
0
0
0
0
0
0
0
0
0
0
0
0
0
0
0
0
0
0
0
0
0
-1.49582e-16
1.38325e-16
0
0
0
0
0
0
0
0
0
0
0
0
0
0
0
0
0
0
0
0
0
0
0
1.99355e-15
9.81271e-17
0
0
0
0
0
0
0
0
0
0
0
0
0
0
0
0
0
0
0
0
0
0
0
0
0
0
0
0
0
0
0
0
0
0
0
0
0
0
0
0
0
0
0
0
0
0
0
-1.91981e-31
0
0
0
0
0
0
0
0
0
0
0
0
0
0
0
0
0
0
0
0
0
0
0
0
0
0
0
0
0
0
0
0
0
0
0
0
0
0
0
0
0
0
0
0
0
0
0
0
0
0
0
0
0
0
0
0
0
0
0
0
0
0
0
0
0
0
0
0
0
0
0
0
0
0
4.26785e-16
0
0
0
0
0
0
0
0
0
0
0
0
0
0
0
0
0
0
0
0
0
0
0
0
0
0
0
0
0
0
0
0
0
0
0
0
0
0
0
0
0
0
0
0
0
0
0
0
0
0
0
0
0
0
0
0
0
0
0
0
0
0
0
0
0
0
0
0
0
0
0
0
0
0
0
0
0
0
0
0
0
0
0
0
0
0
0
0
0
0
0
0
0
0
0
0
0
0
0
0
0
0
0
0
0
0
0
0
0
0
0
0
0
0
0
0
0
0
0
0
0
0
0
0
0
0
0
0
0
0
0
0
0
0
0
0
0
0
0
0
0
0
0
0
0
0
0
0
0
0
0
0
0
0
0
0
0
0
1.52384e-16
0
0
0
0
0
0
0
0
0
0
0
0
0
0
0
0
0
0
0
0
0
0
0
0
0
0
0
0
0
0
5.51096e-16
-2.68249e-15
0
0
0
0
0
0
0
0
0
0
0
0
0
0
0
0
0
0
0
0
0
0
0
0
0
0
0
0
0
0
0
0
0
0
0
0
0
0
0
0
0
0
0
0
0
0
0
0
0
0
0
0
0
0
0
0
0
0
0
0
0
0
0
0
0
0
0
0
0
0
0
0
0
0
0
0
0
0
0
0
0
0
0
0
0
0
0
0
0
0
0
0
0
0
0
0
0
0
0
0
0
0
0
0
0
0
0
0
0
0
0
0
0
0
0
0
0
9.29269e-16
2.41347e-16
0
-2.9175e-17
-2.45436e-16
0
0
0
0
0
0
0
0
0
0
0
0
0
0
0
0
0
0
0
0
0
0
0
0
0
0
0
0
0
0
0
0
0
0
0
0
0
0
0
0
0
0
0
0
0
0
0
0
0
0
0
0
0
0
0
0
0
0
0
0
0
0
0
0
0
0
0
0
0
0
0
0
0
0
0
0
0
0
0
0
0
0
0
0
0
0
0
0
0
0
0
0
0
3.55656e-14
0
0
0
-4.45573e-16
0
0
0
0
0
0
0
0
0
2.2937e-19
0
0
0
0
3.32221e-17
0
0
0
0
0
0
0
0
0
0
0
0
0
0
0
0
0
0
0
0
0
0
0
0
-6.30659e-15
0
0
0
0
0
0
0
1.80108e-15
9.55608e-17
0
0
0
0
0
0
0
0
0
0
0
0
0
0
0
0
0
0
0
0
0
0
0
0
0
0
0
0
0
0
0
0
0
0
0
0
0
0
0
0
0
0
0
0
0
0
0
0
0
0
0
0
0
0
0
0
0
0
0
0
0
1.16199e-15
0
0
0
0
0
0
0
0
0
0
0
0
0
0
-4.31248e-17
-3.72891e-17
-8.33123e-16
0
0
0
0
0
0
0
0
0
0
0
0
0
0
0
0
0
0
0
0
0
0
0
0
0
0
0
0
0
0
0
0
0
0
0
0
0
0
0
0
0
0
0
0
0
0
0
0
0
0
-3.54691e-16
0
0
0
0
0
0
0
0
0
0
0
0
0
0
0
0
0
0
0
0
0
0
0
0
0
0
0
0
0
0
0
0
0
0
-2.33984e-17
0
0
0
0
0
0
0
0
0
0
0
0
0
0
0
0
0
0
0
0
0
0
0
0
0
0
0
0
1.43955e-15
0
0
0
0
0
0
0
0
0
0
0
0
0
0
0
0
0
0
0
0
0
0
0
0
0
0
0
0
0
0
0
0
0
0
0
0
0
0
0
0
0
0
0
0
0
0
0
0
0
0
0
0
0
0
0
0
0
0
0
0
0
0
-3.72909e-17
-6.88236e-16
0
0
0
0
0
0
0
0
0
0
0
0
0
0
0
0
0
0
0
0
0
0
0
0
0
0
0
0
0
0
0
0
0
0
0
0
0
0
0
0
0
0
0
0
0
0
0
0
0
0
0
0
0
0
0
0
0
0
0
0
0
0
0
0
0
0
0
0
0
0
0
0
0
0
0
0
0
0
0
0
0
0
0
0
0
0
0
3.90042e-16
-2.92682e-15
0
-9.15054e-16
-2.17508e-16
6.84439e-16
0
0
0
0
0
0
0
0
0
0
0
0
0
0
0
0
0
0
0
0
0
0
0
0
0
0
0
0
0
0
0
0
0
0
0
0
0
0
0
0
0
0
0
0
0
0
0
1.74335e-16
-1.56459e-16
0
0
0
0
0
0
0
0
0
0
0
0
0
0
0
0
0
0
0
0
0
0
0
0
0
0
0
0
0
0
0
0
0
0
0
0
0
0
0
0
1.60073e-15
0
0
0
0
0
0
0
0
0
0
0
0
0
0
0
0
0
-2.58638e-16
0
0
0
0
0
0
0
0
0
0
0
0
0
0
0
0
0
0
0
0
0
0
0
0
0
0
0
0
0
0
0
0
0
0
0
0
0
0
0
0
0
0
0
-3.64563e-15
-8.41012e-15
0
0
0
0
0
0
0
0
0
0
0
0
0
0
0
0
0
0
0
0
0
0
0
0
0
0
0
0
0
0
0
0
0
0
0
0
0
0
0
0
0
0
0
0
4.73385e-17
5.9126e-17
0
0
0
0
0
0
0
0
0
0
0
0
0
0
0
-4.42561e-15
1.0868e-14
0
0
0
0
0
0
0
0
0
0
0
0
0
0
0
0
0
0
0
0
0
0
0
0
4.35336e-16
0
0
0
0
0
0
0
0
0
0
0
0
0
0
0
0
0
0
0
0
0
0
0
0
0
0
0
2.77111e-16
0
0
0
0
0
0
0
0
0
0
0
0
0
0
0
0
0
0
0
0
0
0
0
0
0
0
0
0
0
0
0
0
0
0
0
5.45784e-16
-4.61663e-17
0
0
0
0
1.43714e-18
-5.09341e-17
0
0
0
0
0
0
0
0
0
0
0
0
0
0
0
0
0
0
0
0
0
0
0
0
0
0
0
0
0
0
0
-6.45309e-16
-7.49925e-34
0
0
0
0
0
0
0
0
0
0
0
0
0
0
0
0
0
0
0
0
0
0
0
0
0
0
0
0
0
0
0
0
0
0
0
0
0
0
0
0
0
0
0
0
0
0
0
0
0
0
0
0
0
0
0
0
0
0
0
0
0
0
0
0
0
0
0
0
0
0
0
0
0
0
0
0
0
0
0
0
0
0
0
0
0
-3.37299e-16
1.79561e-16
0
0
0
0
0
0
0
0
0
0
4.64502e-16
0
0
0
0
0
0
0
0
0
0
0
4.83633e-18
0
0
0
0
0
0
0
0
0
0
0
0
0
0
0
0
0
0
0
0
0
0
0
0
0
0
0
0
0
0
0
0
0
0
0
0
0
0
0
0
0
0
0
0
0
0
0
0
0
-2.48408e-15
0
0
0
0
0
0
0
0
7.64935e-17
0
0
0
0
0
0
0
0
0
0
0
0
0
0
0
0
0
0
0
0
0
0
0
1.78179e-16
0
0
0
0
0
0
0
0
0
0
2.0762e-16
-1.38815e-15
0
0
0
0
0
0
0
0
0
4.90154e-17
0
0
0
0
0
0
0
0
0
0
0
0
0
0
0
0
0
0
0
0
0
0
0
0
0
0
0
0
0
0
0
0
0
0
0
0
0
0
0
0
0
0
0
0
0
0
6.75038e-16
0
0
0
0
0
0
0
0
0
0
0
0
0
-9.99761e-17
0
0
0
0
0
0
0
0
0
0
0
0
0
0
0
0
0
0
0
0
0
0
0
0
0
0
0
0
0
0
0
0
0
0
0
0
0
0
0
0
0
0
0
0
0
0
0
0
0
-1.83782e-17
0
0
0
0
0
0
0
0
0
0
0
8.65044e-17
0
0
0
0
0
0
0
0
0
0
0
0
0
0
0
0
0
0
0
0
0
0
0
0
0
0
0
0
0
0
0
0
0
0
0
0
0
0
0
0
0
0
0
-1.42244e-14
0
0
0
0
0
0
0
0
0
0
0
0
0
0
0
0
0
0
0
0
0
0
0
0
0
0
0
0
0
0
0
0
0
0
0
0
0
0
0
0
1.01705e-14
0
0
-2.57288e-16
0
0
0
0
0
0
0
0
0
0
0
0
0
0
0
0
0
0
0
0
0
0
0
0
0
0
-1.23909e-16
-3.93444e-17
0
0
0
0
0
0
-1.5301e-15
0
0
0
0
0
0
0
0
0
0
0
0
0
0
0
0
0
0
0
0
0
0
0
0
0
0
0
0
0
0
0
0
0
0
0
0
0
0
0
0
0
0
0
0
0
0
0
0
0
0
-5.29708e-16
0
0
0
0
0
0
0
0
0
0
0
0
0
0
0
0
0
0
0
0
0
0
0
0
0
0
0
0
0
0
0
0
0
0
0
0
0
0
0
0
0
0
-1.20586e-14
0
1.21073e-14
0
0
0
0
0
0
0
0
0
0
0
0
0
0
0
0
0
0
0
0
0
0
0
0
0
0
0
0
0
0
0
0
0
0
0
0
0
0
0
0
0
-3.35512e-15
0
0
0
0
0
0
0
0
0
0
0
0
0
0
0
0
0
0
0
0
0
0
0
0
0
0
0
0
0
0
0
0
0
0
0
0
0
0
0
0
0
0
0
0
0
0
0
0
0
0
0
0
0
0
0
0
0
0
0
0
0
0
0
0
0
0
0
0
0
0
0
0
0
0
0
0
0
0
0
0
0
0
0
0
0
0
0
0
0
0
0
0
0
0
0
0
0
0
0
0
0
0
0
0
0
0
0
0
0
0
0
0
0
0
0
0
0
0
0
0
0
0
0
0
0
0
0
0
0
0
0
0
0
-1.61624e-16
0
0
0
0
0
0
0
0
0
0
0
0
0
0
0
0
0
0
0
0
0
0
0
0
0
0
0
0
1.05998e-16
0
0
0
0
0
0
0
0
0
0
0
0
0
0
0
0
0
0
0
0
0
0
0
0
0
0
0
0
0
0
0
0
0
0
0
0
0
0
0
0
0
0
0
0
0
0
0
0
0
0
0
0
0
0
0
0
0
0
0
0
0
0
0
0
0
0
0
0
0
0
0
0
0
0
0
0
0
0
0
0
0
0
0
0
0
0
0
0
0
0
0
0
0
0
0
0
0
0
0
0
0
0
0
0
0
0
0
0
0
0
0
2.2661e-16
0
0
0
0
0
0
0
0
0
0
0
0
0
0
3.52714e-16
0
0
0
0
0
0
0
0
0
0
0
0
0
0
-1.33088e-15
3.76002e-16
0
0
0
0
0
0
0
0
0
0
0
0
0
0
0
0
0
0
0
0
0
0
0
0
0
0
0
0
0
0
0
0
0
0
0
0
0
0
0
0
0
0
0
0
0
0
0
0
0
0
0
0
0
0
0
0
0
0
0
0
0
0
0
0
0
0
0
0
0
0
0
0
0
0
0
0
0
0
0
0
0
0
0
0
0
0
0
0
0
0
0
0
0
0
0
0
0
0
0
0
0
0
0
0
0
0
0
0
0
0
0
0
0
0
0
0
0
0
0
0
0
0
0
0
0
0
0
0
0
0
0
0
0
0
0
0
0
0
0
0
0
0
0
0
0
0
0
0
0
0
0
1.95007e-15
0
0
0
0
0
0
0
0
0
0
0
0
0
0
0
0
0
0
0
0
0
0
0
0
0
0
0
0
0
0
0
0
0
0
0
0
0
0
0
0
0
0
0
0
0
0
0
0
0
0
0
0
0
0
0
0
0
0
0
0
0
0
0
0
0
0
0
0
0
0
0
0
0
0
0
0
0
0
0
0
0
0
0
0
0
0
0
0
0
0
0
0
0
0
0
0
0
0
0
0
0
0
0
0
0
0
0
0
0
0
0
0
0
0
0
0
0
0
0
0
0
0
0
0
0
0
0
0
0
0
0
0
0
0
0
0
0
0
0
0
0
0
0
0
0
0
0
0
0
0
0
0
0
0
0
0
0
0
0
0
0
0
0
0
0
0
0
0
0
0
0
0
0
0
0
0
0
0
0
0
0
0
0
3.5313e-16
-1.05193e-16
0
-4.10208e-17
-1.28237e-31
0
0
-2.60372e-16
0
0
0
0
0
0
0
0
0
8.99443e-16
-7.05767e-16
0
0
0
0
0
0
0
0
0
0
0
0
0
0
0
0
0
0
0
0
0
0
0
0
0
0
0
0
0
0
0
0
0
0
0
0
0
0
0
0
0
0
0
0
0
0
0
0
0
0
0
0
0
0
0
0
0
0
0
0
0
0
0
0
0
0
0
0
0
0
0
0
0
0
0
0
0
0
0
0
0
0
0
0
0
0
0
0
0
0
0
0
0
0
0
0
0
0
0
0
0
0
0
0
0
0
0
0
0
0
0
0
0
0
0
0
0
0
0
0
-1.40871e-16
5.46876e-17
2.0076e-17
-8.50368e-16
0
0
0
0
0
0
0
0
0
0
0
0
0
8.48398e-16
-1.96777e-16
0
0
0
0
0
0
0
0
0
0
0
0
0
0
0
0
0
0
0
0
0
0
0
0
0
0
0
0
0
0
0
0
0
0
0
0
0
0
0
0
0
0
0
0
0
0
0
0
0
0
0
0
0
0
0
0
0
0
0
0
0
0
0
0
0
0
0
0
0
0
0
0
0
0
0
0
0
0
0
0
0
0
0
0
0
0
0
0
0
0
0
0
0
0
0
0
0
0
0
0
0
0
-3.61288e-14
0
0
0
0
0
0
0
0
0
0
0
0
0
0
0
0
0
0
0
0
0
0
0
0
0
0
0
0
0
0
0
0
0
0
0
0
0
0
0
0
0
0
0
0
0
0
0
0
0
0
0
0
0
0
0
0
0
0
0
0
0
0
0
0
0
0
0
0
0
2.7503e-16
0
0
0
0
0
0
0
0
0
0
0
0
0
-7.64278e-16
0
0
0
0
1.53083e-17
0
0
0
0
0
0
0
0
0
0
0
0
0
0
0
0
1.31921e-16
0
0
0
0
0
0
0
0
0
0
0
0
0
0
0
0
-5.97062e-17
0
0
0
0
0
0
0
0
0
0
0
0
0
0
0
0
0
0
0
0
0
0
0
0
0
0
0
0
0
0
0
0
0
0
0
0
0
0
0
0
0
0
0
0
0
0
0
0
0
0
0
0
0
0
0
0
0
0
0
0
0
0
0
0
0
0
0
0
0
0
0
0
0
0
0
0
0
0
0
2.87937e-15
0
0
0
0
0
0
0
0
0
0
0
0
0
0
0
0
0
0
0
0
0
0
0
0
0
0
0
0
0
0
0
0
0
0
0
0
0
0
0
0
0
0
0
0
0
0
0
0
0
0
1.59753e-15
1.87924e-15
1.62812e-15
0
0
0
0
0
0
0
0
0
0
0
0
0
0
0
0
0
0
0
0
0
0
0
0
0
0
0
0
0
0
0
0
0
0
0
0
0
0
0
0
0
0
0
0
0
0
0
0
0
0
0
0
0
0
0
0
0
0
0
0
0
0
0
0
0
0
0
0
0
0
0
0
0
0
0
0
0
0
0
0
0
0
0
-6.04253e-16
-1.58446e-15
0
0
0
0
2.03165e-17
0
2.99605e-16
0
0
-1.41064e-16
4.69391e-16
0
0
4.66855e-15
0
0
0
0
0
0
0
0
0
0
0
0
0
0
0
0
0
0
0
0
0
0
0
0
0
0
0
0
0
0
0
0
0
0
0
0
0
0
0
0
0
0
0
0
0
0
0
0
0
0
0
0
0
0
0
0
0
0
0
0
0
0
0
0
0
0
0
0
0
0
0
0
0
0
0
0
0
0
0
0
0
0
0
0
0
0
0
0
0
0
0
0
1.73296e-15
0
0
0
0
0
0
0
0
0
0
0
0
0
0
0
0
0
0
0
0
0
0
0
0
0
0
0
0
0
0
0
0
0
0
0
0
0
0
0
0
0
0
0
0
0
0
0
0
0
0
0
0
0
0
0
0
0
0
0
0
0
0
0
0
0
0
0
0
0
0
0
0
0
0
0
0
0
0
0
0
0
0
0
0
0
0
0
0
0
0
0
0
0
0
0
0
0
0
0
0
0
0
0
0
0
0
0
0
0
0
0
0
0
0
0
0
0
0
0
0
0
0
0
0
0
0
0
0
0
0
0
-1.84155e-15
-2.0701e-15
0
0
0
0
0
0
0
0
0
0
0
0
0
0
0
0
0
0
0
0
0
0
0
0
0
0
0
0
-7.71585e-16
0
0
0
0
0
0
0
0
0
0
0
0
0
0
0
0
0
0
0
0
0
0
0
0
0
0
0
0
0
0
0
0
0
0
0
0
0
0
0
0
0
0
0
0
0
0
0
0
0
0
0
0
0
0
0
0
0
0
0
0
0
0
0
0
0
0
0
0
0
3.16589e-15
0
0
0
0
0
0
0
0
0
0
0
0
0
0
0
0
0
0
0
0
0
0
0
0
0
0
0
0
0
0
0
0
0
0
0
0
0
0
0
0
0
0
0
0
0
0
0
0
0
0
0
0
0
0
0
0
0
0
0
0
0
0
0
0
0
0
0
0
0
0
0
0
0
0
0
0
0
0
0
0
0
0
0
0
0
0
0
0
0
0
0
0
0
0
0
0
0
0
0
0
0
0
0
0
0
0
0
0
3.46653e-16
3.73182e-16
0
0
0
0
0
0
0
0
0
0
0
0
0
0
0
0
0
0
0
0
0
0
0
0
0
0
0
0
0
0
0
0
0
0
0
0
0
0
0
0
0
0
0
0
0
0
0
0
0
0
0
0
0
0
0
0
0
0
0
0
0
0
0
0
0
0
0
0
0
0
0
0
0
0
0
0
0
0
0
0
0
0
0
0
0
0
0
0
0
0
0
0
0
0
0
0
0
0
0
0
0
0
0
0
0
0
0
0
0
1.06957e-14
0
0
0
0
0
0
0
0
0
0
0
0
1.25425e-16
0
0
0
0
0
0
0
0
0
0
0
0
0
0
0
0
0
0
0
0
0
0
0
0
0
0
0
0
-4.04031e-16
8.2027e-17
0
0
0
0
0
0
0
0
0
0
0
0
0
0
0
0
0
0
0
0
0
0
0
0
0
0
0
0
0
0
0
0
0
0
0
0
0
2.83186e-16
0
0
0
0
0
3.88282e-16
0
0
0
0
0
0
0
0
0
0
0
0
0
0
0
0
0
0
0
0
0
0
0
0
0
0
0
0
0
0
0
0
0
0
0
0
0
0
0
0
0
0
0
0
0
0
0
0
0
0
0
0
0
0
0
0
0
0
0
0
0
0
0
0
0
0
0
0
0
0
0
0
0
0
0
0
0
0
0
0
0
0
0
0
0
0
0
0
0
0
0
0
0
0
0
0
0
0
0
0
0
0
0
0
0
0
0
0
0
0
0
0
0
0
0
0
0
0
0
0
0
0
0
0
0
0
0
0
0
0
0
0
0
0
0
0
-1.80751e-15
0
0
1.42801e-15
4.05302e-15
0
0
0
0
0
0
0
0
0
0
0
0
0
0
0
0
0
0
0
0
0
0
0
0
0
0
0
0
0
0
0
0
-1.33918e-16
0
0
0
0
0
0
0
0
0
0
0
0
0
0
0
8.76486e-17
-1.85209e-18
0
3.22078e-16
0
0
0
0
-1.84838e-16
0
0
0
0
0
0
0
0
0
0
0
0
0
0
0
0
0
0
0
0
0
0
0
0
0
0
0
0
0
-9.38465e-16
9.10417e-17
0
0
0
0
0
0
0
0
0
0
0
0
0
0
0
0
0
0
0
0
0
0
0
0
0
0
2.46882e-16
0
0
0
0
0
0
0
0
0
0
0
0
0
0
-3.3093e-16
-2.09472e-16
0
0
0
0
0
0
0
0
0
0
0
0
0
0
0
0
0
0
0
0
0
0
0
0
0
0
0
0
0
0
0
0
0
0
0
0
0
0
0
0
0
0
0
0
0
0
0
0
0
0
0
0
0
0
0
0
0
0
0
0
0
0
0
0
0
0
0
0
0
0
0
0
0
0
0
0
0
0
0
0
0
0
-1.88625e-15
0
0
0
0
0
0
0
0
0
0
0
0
0
0
0
0
0
0
0
0
0
0
0
0
0
2.75558e-16
0
0
0
0
0
0
0
0
0
0
0
0
0
-2.64068e-16
1.66635e-16
0
0
0
0
0
0
0
0
0
0
0
0
0
0
0
0
0
0
0
0
0
0
0
0
0
5.4802e-16
1.00934e-15
0
0
0
0
0
0
0
0
0
0
0
0
0
0
0
0
0
0
0
0
0
0
0
0
0
0
0
0
0
0
0
-1.97819e-16
4.69638e-15
0
0
0
0
0
0
0
0
0
0
0
0
0
0
0
0
0
0
0
0
0
0
0
0
0
0
0
0
0
0
0
0
0
0
0
0
0
0
0
0
0
0
0
0
0
0
0
0
0
0
0
0
0
0
0
0
0
0
0
0
0
0
0
0
0
0
0
0
0
0
0
0
0
0
0
0
0
0
0
0
0
0
0
0
0
0
0
0
0
0
0
0
0
0
-6.93613e-15
0
0
0
0
0
0
0
0
0
0
0
0
0
0
0
0
0
0
0
0
0
0
0
0
0
0
0
0
0
0
0
0
0
0
0
0
0
0
0
0
0
0
0
0
1.3589e-16
0
0
0
0
3.41045e-16
0
0
0
0
0
0
0
0
0
0
0
0
0
0
0
0
0
0
0
0
0
0
0
0
0
0
0
0
0
0
0
0
0
0
0
0
0
0
0
0
0
0
0
0
0
0
0
0
0
0
0
0
0
0
0
0
0
0
0
0
0
0
-1.83768e-15
0
0
0
0
0
0
0
0
0
0
0
0
0
0
0
0
0
0
0
0
0
0
0
0
0
0
0
0
0
0
0
0
0
0
0
0
0
0
0
0
0
0
0
0
0
0
0
0
0
0
0
0
0
0
0
0
0
0
0
0
0
0
0
0
0
0
0
0
0
0
0
0
0
0
0
0
0
0
0
0
0
0
0
0
0
0
0
0
0
0
0
0
0
0
0
0
0
0
0
0
0
0
0
0
0
0
0
0
0
0
0
0
0
0
0
0
0
0
0
0
0
0
0
0
0
0
0
0
0
0
0
0
0
0
0
0
0
0
0
0
0
0
0
0
0
0
0
0
0
0
0
0
0
0
0
0
0
0
0
0
0
0
0
0
0
0
0
0
0
0
0
0
7.58676e-15
-1.82335e-16
1.18911e-18
0
0
0
0
0
0
0
0
0
0
0
-6.27679e-16
0
0
0
0
0
0
0
0
0
0
0
0
0
0
0
0
0
0
0
0
0
0
0
0
0
0
0
0
0
0
0
0
0
0
0
0
0
0
0
0
0
0
0
0
0
0
0
0
0
0
0
0
0
0
0
0
-1.8016e-14
0
0
0
0
0
0
0
0
0
0
0
0
0
0
0
0
0
0
0
0
0
0
0
0
0
0
0
0
0
0
0
1.30131e-17
-9.07159e-17
0
0
0
0
0
0
0
0
0
0
0
0
0
0
0
0
0
0
0
0
0
0
0
0
0
0
0
0
0
0
0
0
0
0
0
0
0
0
0
0
0
0
0
0
0
0
0
0
0
0
0
0
9.27031e-17
0
0
0
0
0
0
0
0
0
0
0
0
0
0
0
0
0
0
0
0
0
0
0
0
0
0
0
0
0
0
0
0
0
0
0
0
-6.06618e-17
-2.33014e-17
0
0
0
0
0
0
0
0
0
0
0
0
0
0
0
0
0
0
0
0
0
0
0
0
0
0
0
0
0
0
0
0
0
0
0
0
0
0
0
0
0
0
0
0
0
0
0
0
0
0
0
0
0
-8.84684e-15
0
0
0
0
0
0
0
0
0
0
0
0
0
0
0
0
0
0
0
0
0
0
0
0
0
6.4791e-15
0
0
0
0
0
0
0
0
0
0
0
0
0
0
0
0
0
0
0
0
0
0
0
0
0
0
0
0
0
0
0
0
0
0
0
0
0
0
0
0
0
0
0
0
0
0
0
0
0
0
0
0
0
0
0
0
0
0
0
0
0
0
0
0
0
0
0
0
0
0
0
0
0
0
0
0
0
0
0
0
0
0
0
0
0
0
0
0
0
0
0
0
0
0
0
0
0
-7.32802e-16
0
0
0
0
0
0
0
0
0
0
0
0
0
0
0
0
0
0
0
0
0
0
0
0
0
0
0
0
0
0
0
0
0
0
0
0
0
0
0
0
0
0
0
0
0
0
0
0
0
0
0
0
0
0
0
0
0
0
0
0
0
0
0
0
0
0
0
0
0
0
0
0
0
0
0
0
0
0
0
0
0
0
0
2.93538e-16
0
0
0
0
0
0
0
0
0
0
0
0
0
0
0
0
0
0
0
0
0
-2.51975e-31
0
0
2.36632e-16
0
0
0
0
0
0
0
0
0
0
0
0
0
0
0
0
0
0
0
0
0
0
0
0
0
0
0
0
0
0
0
0
0
0
0
0
0
0
0
0
0
0
0
0
0
0
0
0
-6.56792e-18
0
0
0
0
0
0
0
0
0
0
0
0
0
0
0
4.62911e-16
-2.6929e-16
0
0
0
0
0
0
0
0
0
0
0
0
0
0
0
0
-1.22642e-18
0
0
0
0
0
0
0
0
0
0
0
0
0
0
0
0
0
0
0
0
0
0
0
0
0
0
0
0
0
0
0
0
0
0
0
0
0
0
0
0
0
0
-1.07728e-15
0
0
0
0
0
0
0
0
0
0
0
0
0
0
0
0
0
0
0
0
0
0
0
0
0
0
0
0
0
0
0
0
0
0
0
0
0
0
0
0
0
0
0
0
0
0
0
0
0
0
0
0
0
0
0
0
0
0
0
0
0
0
0
0
0
0
0
0
0
0
0
0
0
0
0
0
0
0
0
0
0
0
0
0
0
0
0
0
0
0
0
0
0
0
0
0
0
0
0
0
0
0
0
0
0
0
0
0
0
0
0
0
0
0
0
0
0
0
0
0
0
0
0
0
-1.55357e-16
3.93201e-16
0
0
0
0
0
0
0
0
0
0
0
0
0
0
0
0
0
0
0
0
-1.19803e-14
7.67877e-16
1.0241e-14
0
0
0
0
0
0
0
0
0
0
0
0
0
0
0
0
0
0
0
0
0
0
0
0
0
0
0
0
0
0
0
0
0
0
0
0
0
0
0
0
0
0
0
0
0
0
-4.11243e-17
0
0
0
0
0
0
0
0
0
0
0
0
0
0
0
0
0
0
0
0
0
0
0
0
0
0
-4.85021e-16
1.20483e-16
0
0
0
0
0
0
0
0
0
0
0
0
0
0
0
0
0
0
0
0
0
0
0
0
0
0
0
0
0
0
0
0
0
0
0
0
0
0
0
0
0
0
0
0
0
0
0
0
0
0
0
0
0
0
0
0
0
0
0
0
0
0
0
0
0
0
0
0
0
0
0
0
0
0
0
0
0
0
0
0
0
0
0
0
0
0
0
0
0
0
0
0
0
0
0
0
-2.64278e-17
0
0
0
0
0
0
0
0
0
0
0
0
0
0
0
0
0
0
0
0
0
0
0
0
3.02281e-17
0
0
0
0
0
0
0
-3.93357e-17
0
0
0
0
0
0
0
0
0
0
0
0
0
0
0
0
0
0
0
0
0
0
0
0
0
0
0
0
0
0
0
0
0
0
0
0
0
0
0
0
0
0
0
0
0
0
0
0
0
0
0
0
0
0
0
0
0
0
0
0
0
0
6.85408e-15
0
0
0
0
0
-1.50578e-15
0
0
0
0
0
0
0
0
0
0
0
0
0
0
0
0
0
0
0
0
0
0
0
0
0
0
0
0
0
0
0
0
0
0
0
0
0
0
0
0
0
0
0
0
0
0
0
0
0
0
0
0
0
0
0
0
0
-3.12185e-15
0
0
0
0
1.00264e-16
-9.44264e-15
0
0
0
0
0
0
0
0
0
0
0
0
0
0
0
0
0
0
0
0
0
0
0
0
0
0
0
0
0
0
0
0
0
0
0
0
0
0
0
0
0
0
0
0
0
0
0
0
0
0
0
0
0
0
0
0
0
0
0
0
0
0
0
0
0
0
0
0
0
0
0
0
0
0
0
0
0
0
0
0
0
0
0
0
0
0
0
0
0
0
0
0
0
0
0
0
0
0
0
0
0
0
0
0
0
0
0
0
0
0
-7.96775e-17
7.45078e-17
0
0
0
0
0
0
0
0
0
0
0
0
1.67709e-15
3.48399e-16
0
0
0
0
0
0
0
0
0
0
0
0
0
0
0
0
0
0
0
0
0
0
0
0
0
0
0
0
0
0
0
0
0
0
0
0
0
0
0
0
0
-1.0199e-30
-2.47235e-16
2.33253e-17
0
0
0
0
0
0
0
0
0
0
-4.86541e-15
0
0
0
0
0
0
0
0
0
0
0
0
0
0
0
0
0
5.53656e-17
0
0
0
0
0
0
0
0
0
0
0
0
0
0
0
0
0
0
0
0
1.28915e-15
1.91057e-17
0
0
0
0
0
0
0
0
0
0
0
0
0
0
0
0
0
0
0
0
0
0
0
0
0
0
0
0
0
0
0
0
0
0
0
0
0
0
0
0
6.3518e-17
0
0
2.14358e-18
0
0
0
0
0
0
0
0
8.3024e-17
0
-5.09222e-18
0
0
0
0
0
0
0
0
0
0
0
0
0
0
0
0
0
0
0
0
0
0
0
0
1.7072e-15
0
0
0
0
0
0
0
0
0
0
0
0
0
0
0
0
0
0
0
0
0
0
0
0
0
0
1.53045e-16
0
0
0
0
0
0
0
0
0
0
0
0
0
0
0
0
0
0
0
2.06155e-16
-2.10231e-16
0
0
0
0
0
0
0
0
0
0
0
0
0
0
0
0
0
0
0
0
0
0
0
0
0
0
0
0
0
0
0
0
0
0
0
0
0
0
0
0
0
0
0
0
0
0
0
0
0
0
0
0
0
0
0
0
0
0
0
0
0
0
0
0
0
0
0
0
0
0
0
0
0
0
0
0
0
0
0
0
0
0
0
0
0
0
0
0
0
0
0
0
0
0
-2.37331e-16
0
0
0
0
0
0
0
0
0
0
0
0
0
0
0
0
6.67455e-15
-1.9998e-33
0
0
0
0
0
0
2.30658e-16
0
0
0
1.00323e-14
0
0
0
0
0
0
0
0
0
0
0
0
0
0
0
0
0
-2.87567e-14
0
0
-1.02127e-08
-1.02127e-08
-9.31312e-09
-1.11123e-08
-1.10393e-08
-9.38608e-09
-1.30362e-08
-7.38923e-09
-1.21765e-08
-8.24886e-09
-9.80416e-09
-1.06212e-08
-9.56965e-09
-1.08557e-08
-1.22697e-08
-8.15567e-09
-9.91417e-09
-1.05112e-08
-1.25855e-08
-7.83993e-09
-1.02127e-08
-1.02127e-08
-1.02127e-08
-1.02127e-08
-1.01617e-08
-1.02637e-08
-1.31007e-08
-7.3247e-09
-1.04564e-08
-9.96904e-09
-1.18345e-08
-1.30514e-08
-7.37403e-09
-1.16361e-08
-8.78925e-09
-1.12158e-08
-9.2096e-09
-8.35656e-09
-1.20688e-08
-1.02127e-08
-1.21149e-08
-8.31049e-09
-1.0425e-08
-1.00004e-08
-1.02127e-08
-1.02127e-08
-9.77697e-09
-1.06484e-08
-1.03318e-08
-1.00936e-08
-1.2415e-08
-8.01038e-09
-8.79428e-09
-1.16311e-08
-9.10933e-09
-1.13161e-08
0
0
0
0
0
0
0
0
0
0
0
0
0
0
0
0
0
0
0
0
0
0
0
0
0
0
0
-7.27705e-16
0
0
0
0
0
9.11855e-16
0
0
0
0
0
0
0
0
0
0
-3.85196e-17
0
0
0
0
0
0
0
0
0
0
0
0
0
0
0
0
0
0
0
0
0
0
0
0
0
0
0
0
0
0
0
0
0
0
0
0
0
0
0
-2.16068e-16
2.10482e-16
0
0
0
0
0
0
0
0
0
0
0
0
0
0
0
0
0
0
0
0
0
0
0
0
0
0
0
0
0
0
0
0
0
0
0
0
-6.60599e-17
0
0
0
0
0
0
0
0
0
0
0
0
0
0
0
0
0
0
0
0
0
0
-8.22049e-09
-1.22049e-08
-8.23862e-09
-1.21868e-08
-1.02241e-08
-1.02013e-08
0
0
0
0
0
-9.34523e-09
-1.10802e-08
0
-1.32458e-08
-7.17962e-09
0
0
0
0
0
0
0
0
0
-1.03548e-08
-1.00706e-08
-1.02127e-08
-1.02127e-08
0
0
0
0
0
0
0
0
0
0
0
0
0
0
0
0
-1.05499e-08
-9.87554e-09
0
0
0
0
0
0
0
-1.08921e-08
-9.53327e-09
-9.72723e-09
-1.06982e-08
0
0
0
0
-9.07772e-09
-1.13477e-08
1.51943e-16
0
0
0
0
0
-1.53531e-15
0
0
0
0
0
0
0
0
0
0
0
0
0
0
0
0
0
0
0
-1.21108e-08
-8.31463e-09
0
0
0
0
0
0
0
0
-1.02127e-08
-1.02127e-08
0
0
0
0
0
0
0
-1.01109e-08
-1.03145e-08
-1.0925e-08
-9.50037e-09
0
0
0
-9.34644e-09
-1.1079e-08
0
0
0
0
-1.16e-08
-8.82535e-09
0
0
-1.22509e-08
-8.17446e-09
0
0
0
0
2.88409e-16
0
0
0
0
0
0
0
0
0
-1.03862e-08
-1.00392e-08
0
0
0
0
0
0
0
0
0
0
0
0
0
0
0
0
0
-9.94888e-09
-1.04765e-08
0
0
0
0
-1.07035e-08
-9.72187e-09
0
-1.01052e-08
-1.03202e-08
-1.05498e-18
0
0
-9.84953e-15
1.71317e-14
0
0
0
-1.30426e-08
-7.38275e-09
-9.26908e-09
-9.83364e-09
-1.05918e-08
-1.02127e-08
-1.02127e-08
-9.37489e-09
-1.10505e-08
-1.02127e-08
-1.02127e-08
-1.01648e-08
-1.02606e-08
0
0
-1.22025e-15
0
0
0
0
0
0
0
0
0
0
0
0
0
0
0
0
-1.02127e-08
-1.02127e-08
0
-1e-08
-1.04254e-08
-1.04503e-08
-9.97508e-09
0
0
0
0
0
0
-1.1309e-08
-9.11642e-09
0
0
-8.6269e-09
-1.17985e-08
-1.02127e-08
-1.02127e-08
0
0
0
0
0
0
-1.00296e-08
-1.03958e-08
0
0
0
0
0
0
0
-1.15926e-08
-8.83281e-09
0
0
0
0
0
0
0
0
0
0
0
-1.02127e-08
-1.02127e-08
0
0
-1.11076e-08
-9.31782e-09
0
0
0
0
0
0
0
0
0
-1.27866e-08
-7.63876e-09
0
0
0
-1.02127e-08
-1.02127e-08
0
-1.02127e-08
-1.02127e-08
0
-1.24432e-08
-7.98223e-09
0
0
0
0
0
0
0
-1.53029e-08
-1.51903e-08
1.51903e-08
1.68109e-08
-1.68109e-08
-1.86384e-08
1.86384e-08
1.93403e-08
-1.93403e-08
0
0
0
0
0
0
0
0
0
0
0
0
0
0
0
0
0
0
0
0
0
0
0
0
0
0
0
0
-1.25961e-08
-7.82929e-09
0
0
0
0
0
0
0
0
0
0
0
0
0
0
0
-1.02127e-08
-1.02127e-08
0
0
0
0
0
0
0
0
0
0
0
-9.60213e-09
-1.08233e-08
0
0
0
0
0
0
0
0
0
0
0
0
-1.14399e-08
-8.9855e-09
0
0
0
-1.40212e-08
-6.40416e-09
0
0
0
0
0
0
0
0
0
0
0
0
0
0
0
0
0
0
-1.12536e-08
-9.17177e-09
0
0
0
0
0
0
0
0
0
0
0
0
0
-9.8189e-09
-1.06065e-08
-1.28586e-08
-7.56675e-09
0
0
0
0
-1.04557e-08
-9.96967e-09
0
0
0
0
0
0
0
-1.16628e-08
-8.76262e-09
0
0
0
0
0
0
0
0
0
0
0
0
0
0
0
0
0
-9.56762e-09
-1.08578e-08
0
0
0
0
0
0
0
0
0
0
0
0
0
0
0
0
0
-1.03573e-08
-1.00681e-08
-1.02127e-08
-1.02127e-08
0
-1.03612e-08
-1.00642e-08
0
0
0
0
0
0
0
0
0
0
0
0
0
0
0
0
0
0
0
0
0
0
0
0
0
0
0
0
0
0
0
4.37278e-15
0
0
0
0
0
0
0
0
0
0
0
0
0
0
0
0
0
0
0
0
0
0
0
0
0
0
0
0
0
0
0
0
0
0
0
0
0
0
0
0
0
0
0
0
0
0
0
0
0
0
0
0
0
0
0
0
0
0
0
0
0
0
0
0
0
0
0
0
0
0
0
0
0
0
0
0
0
0
0
0
0
0
0
0
0
0
-1.02127e-08
-1.02127e-08
0
0
0
0
0
0
0
0
0
0
0
0
0
0
0
0
1.3333e-16
0
0
0
0
0
0
0
0
0
0
0
0
0
7.92688e-16
0
0
0
0
0
0
0
0
0
0
0
0
0
0
0
0
0
0
0
0
0
0
0
-1.10626e-08
-9.36278e-09
-1.0443e-08
-9.98244e-09
0
0
0
0
0
0
0
0
0
0
0
0
0
0
0
0
0
0
-5.6212e-15
0
0
0
0
0
0
0
0
0
0
0
0
0
0
0
0
0
0
5.65826e-15
0
0
0
0
0
0
0
0
0
0
0
0
0
0
0
0
0
0
0
0
0
0
0
0
0
0
0
0
0
0
0
0
0
0
0
0
0
0
0
0
0
0
0
-1.10608e-08
-9.36455e-09
0
0
3.27093e-16
0
0
0
0
0
0
0
0
0
0
0
0
0
0
0
0
0
0
0
0
0
0
0
0
0
0
0
0
0
0
0
0
0
0
0
0
0
0
0
0
0
0
0
0
0
0
0
0
0
0
0
0
0
2.35717e-16
0
0
0
0
0
0
0
0
0
0
0
0
0
0
0
0
-2.80611e-15
0
0
0
0
0
0
0
0
0
0
0
0
0
0
0
0
0
0
0
0
0
0
0
0
0
0
0
0
-1.14408e-08
-8.98463e-09
0
0
0
0
0
0
0
0
0
0
0
0
0
0
0
0
-3.27175e-16
-4.98812e-15
0
0
0
0
0
0
0
0
0
0
0
0
0
0
0
0
0
0
0
0
0
0
0
0
0
0
0
0
0
0
0
0
0
0
0
0
0
0
0
0
0
0
0
0
0
0
0
0
0
0
0
0
0
-1.45523e-15
-3.79204e-15
0
0
0
0
0
0
0
0
0
0
0
0
0
0
0
0
0
0
0
0
0
0
0
0
0
0
0
0
0
0
0
-1.05989e-08
-9.82646e-09
0
0
0
0
0
0
0
0
0
0
0
0
0
0
0
0
0
0
0
2.11892e-15
-5.55976e-16
0
0
0
0
0
0
3.69629e-18
0
0
0
0
0
0
0
0
0
0
0
0
0
0
0
0
0
0
0
0
0
0
0
0
0
0
0
0
0
0
0
0
0
0
0
0
0
0
0
0
0
0
0
0
0
0
0
0
0
0
0
0
0
0
0
0
0
0
0
0
0
-2.0518e-30
0
0
0
0
-1.95542e-16
5.92757e-15
0
0
0
0
0
0
0
0
0
0
0
0
-2.86113e-15
0
6.85426e-15
0
0
0
0
0
0
0
0
0
0
0
0
0
0
0
0
0
0
0
0
0
0
0
0
0
0
0
0
0
0
0
0
0
0
0
0
0
0
0
0
0
0
0
0
0
0
0
0
0
-1.73744e-08
1.73744e-08
-1.02127e-08
-1.02127e-08
0
0
0
0
0
0
0
0
0
0
0
0
0
0
0
0
0
-1.08991e-08
-9.52626e-09
0
0
0
0
0
0
0
0
0
0
0
0
0
0
0
0
0
0
0
0
0
0
0
0
0
0
0
0
0
0
0
0
0
0
0
0
0
0
0
0
0
0
0
0
0
-9.00557e-17
1.76356e-16
0
0
0
0
0
0
0
0
0
0
0
0
0
0
0
0
0
0
0
0
0
0
0
0
0
-1.87867e-15
-9.09441e-16
0
0
0
0
0
0
0
0
0
0
-4.47789e-15
0
0
0
0
0
0
0
0
0
0
0
0
0
0
0
0
0
0
0
0
0
0
0
0
0
0
0
0
0
0
0
0
0
5.28358e-14
5.62688e-17
0
0
0
0
0
0
0
0
0
0
0
0
0
0
0
0
0
0
0
0
-2.02197e-08
2.02197e-08
2.05313e-08
-2.05313e-08
0
0
0
0
1.6989e-08
-1.6989e-08
0
0
0
0
0
0
0
-3.41317e-16
0
0
0
0
0
0
0
0
0
0
0
0
0
0
0
0
0
0
0
0
0
0
0
0
0
0
0
0
0
0
0
0
0
0
0
1.41305e-16
-3.50809e-15
0
0
0
0
0
0
-4.99358e-15
-7.1117e-15
0
0
-7.38631e-16
0
0
0
0
0
0
0
0
0
0
0
0
0
0
0
-1.21091e-16
0
0
0
0
0
0
0
0
0
0
1.84958e-08
-1.84958e-08
0
0
0
0
0
0
0
0
0
0
0
0
0
0
0
1.82519e-15
0
0
0
0
0
0
0
0
0
0
0
0
0
-1.11837e-08
-9.24174e-09
0
0
0
0
0
0
0
0
0
0
0
0
0
0
0
0
0
0
0
0
0
0
0
0
0
0
0
0
0
0
0
0
0
0
0
0
0
0
0
0
0
0
0
0
0
0
0
0
0
0
0
0
0
0
0
0
0
0
0
0
0
0
0
0
0
0
0
0
0
0
0
0
0
0
0
0
0
0
0
0
0
0
0
0
0
0
0
0
0
0
0
0
2.79253e-16
0
0
0
3.85041e-15
0
0
0
0
0
0
0
0
0
0
-1.02127e-08
-1.02127e-08
0
0
0
0
0
0
0
0
0
0
0
0
0
0
0
0
0
-8.41216e-09
-1.20132e-08
0
0
0
0
0
0
0
0
0
0
0
0
0
0
0
0
0
0
0
0
0
0
0
0
0
0
0
0
0
0
0
0
0
0
0
0
0
0
0
0
-1.75601e-14
0
0
-2.06379e-30
0
0
2.77796e-15
0
0
-6.63658e-15
0
0
0
0
0
0
0
0
0
0
0
0
0
0
-3.25072e-16
0
0
0
0
-2.93183e-16
0
0
0
0
0
0
0
0
0
0
0
0
0
0
0
0
-4.68449e-17
0
0
0
0
-6.13757e-18
0
0
0
0
0
0
0
0
0
0
0
-1.04807e-08
-9.9447e-09
0
0
0
0
0
0
-8.72941e-09
-1.1696e-08
0
0
0
0
0
0
1.793e-16
-1.72416e-15
0
0
0
0
0
0
0
0
0
0
0
0
0
0
0
0
0
0
0
0
0
0
0
0
0
0
0
0
0
0
0
0
0
0
0
0
0
0
0
0
0
0
0
0
0
0
0
0
0
0
0
0
0
0
0
0
0
0
0
0
0
0
0
0
0
0
0
0
0
0
0
0
0
0
0
0
0
0
0
0
0
0
0
0
0
0
0
0
0
0
0
0
0
0
0
0
0
1.79718e-08
-1.79718e-08
0
0
1.0259e-30
0
0
0
0
0
-1.34076e-17
0
0
0
0
0
0
0
0
0
0
0
0
0
0
0
0
0
0
-1.66954e-16
-9.66755e-17
0
0
0
0
0
0
0
0
0
0
0
0
0
0
0
0
0
0
0
0
0
0
0
0
0
0
0
0
0
0
0
0
0
0
0
0
0
0
0
0
0
0
0
0
0
0
0
0
0
0
0
0
0
0
0
0
0
0
0
0
0
-1.35451e-15
7.12811e-15
0
0
0
0
0
0
0
0
0
0
0
0
0
0
0
0
0
0
1.3934e-16
0
0
0
0
0
0
0
0
0
0
0
0
0
0
0
0
0
0
0
0
0
0
0
0
0
0
0
0
0
0
0
0
0
0
0
0
0
0
0
0
0
-2.82536e-16
0
0
0
0
0
0
0
0
0
0
0
0
0
0
0
0
0
0
0
0
0
0
0
0
0
-1.13113e-15
0
0
0
0
0
0
0
0
8.63179e-16
0
0
0
0
0
0
0
0
0
0
0
0
0
0
0
0
0
0
0
0
0
0
0
0
0
0
0
0
0
0
0
0
0
0
1.24535e-14
3.86604e-16
0
0
0
0
0
0
0
0
0
0
0
0
0
0
0
0
0
0
0
0
0
0
0
0
0
0
0
0
0
0
0
0
0
0
0
0
0
0
0
0
-3.52265e-15
0
0
0
0
0
0
0
0
0
0
0
0
0
0
0
0
0
0
0
0
0
0
0
0
0
0
0
0
0
1.88312e-16
0
0
0
0
0
0
0
0
0
0
0
0
0
0
0
0
0
0
0
0
0
0
0
0
0
0
0
0
0
0
0
-1.44407e-15
0
0
0
0
0
0
0
0
0
0
0
0
0
0
0
0
0
0
0
0
0
0
0
0
0
0
0
0
0
0
0
0
0
0
0
0
0
0
-1.2878e-17
0
0
0
0
0
0
0
0
0
0
0
0
0
0
0
0
0
0
0
0
0
0
0
0
0
0
0
0
0
0
0
0
0
0
0
0
0
0
0
0
0
0
0
0
0
0
0
0
0
0
0
0
5.69637e-17
-3.01e-16
0
0
0
0
0
0
0
0
0
0
0
0
0
0
0
0
0
-7.80928e-16
0
0
0
0
0
0
0
0
0
0
0
0
0
0
0
0
0
0
0
0
-1.813e-08
1.813e-08
0
0
0
0
0
0
0
0
0
0
0
0
0
0
0
0
0
0
0
0
0
0
0
1.936e-08
-1.936e-08
0
0
0
0
0
0
0
0
0
0
0
0
0
0
0
0
0
0
0
0
0
0
0
0
0
0
0
0
0
0
0
0
0
0
0
0
0
0
0
0
0
0
0
-9.98197e-09
-1.04434e-08
0
0
0
0
0
0
0
0
0
0
0
0
0
0
0
5.87349e-17
0
0
0
0
0
0
0
0
0
0
0
0
0
0
0
0
0
0
0
0
0
0
4.94768e-15
0
3.00989e-15
5.66888e-16
0
0
0
0
0
0
0
0
0
0
0
0
0
2.9636e-16
0
0
0
0
0
0
0
0
0
0
0
0
0
0
0
0
0
0
-9.25989e-09
-1.11655e-08
0
0
0
0
0
0
0
0
0
0
0
0
0
0
0
0
0
0
0
0
0
0
5.08527e-15
0
0
0
0
0
0
0
0
0
0
0
0
0
0
0
0
0
0
0
0
0
0
0
0
0
0
0
1.63943e-08
-1.63943e-08
0
0
0
0
0
0
0
0
0
0
0
0
0
0
0
0
0
0
0
0
0
0
0
0
0
0
0
0
0
0
0
0
0
0
0
0
0
0
0
0
0
0
0
0
0
0
0
0
0
0
0
0
0
0
0
0
0
0
0
0
0
-3.10876e-16
8.30107e-16
0
0
0
0
0
0
0
0
0
0
0
0
0
0
0
0
0
0
2.42347e-18
0
0
0
0
0
0
0
0
0
0
0
0
0
0
0
0
0
0
0
0
0
0
0
0
0
0
0
0
0
0
0
0
0
0
0
0
0
0
0
0
0
0
0
0
0
0
0
0
1.13977e-16
0
0
0
0
0
0
0
0
0
0
0
-1.84789e-16
5.77165e-16
0
0
0
0
0
0
0
0
0
0
0
0
0
0
0
0
0
0
0
0
0
0
-5.41657e-17
0
0
0
0
0
0
0
0
0
0
0
0
0
0
0
0
0
0
0
0
0
0
0
0
0
0
0
0
0
0
0
0
0
0
0
0
0
0
0
0
0
0
0
0
0
0
0
0
0
-4.41156e-16
0
0
0
0
0
0
0
0
0
-6.64468e-16
0
0
0
0
0
0
0
0
0
0
0
0
0
0
2.52514e-16
0
0
0
0
0
0
0
0
0
0
0
0
0
0
0
0
0
0
0
0
0
0
0
0
0
0
0
-2.28116e-15
0
0
0
0
0
0
0
0
0
0
1.90492e-16
0
0
0
0
0
0
0
0
0
0
0
0
0
0
0
0
1.99581e-16
0
0
0
0
0
0
0
0
0
0
0
0
6.38321e-17
0
0
0
0
0
1.18963e-15
0
0
-2.08887e-16
0
0
0
0
0
0
0
0
0
0
0
0
0
0
0
0
0
0
0
0
0
0
0
0
0
0
0
0
0
0
0
8.2859e-16
0
0
-8.9923e-17
0
0
-9.49469e-17
0
1.16842e-16
0
0
0
0
0
0
0
0
0
0
0
0
0
0
0
0
0
0
0
0
0
0
2.61107e-17
0
0
0
0
0
0
0
0
0
0
0
0
0
0
0
0
-1.15636e-08
-8.86183e-09
0
0
-1.66156e-17
0
0
0
0
0
0
0
0
0
0
0
0
0
0
0
0
0
0
0
0
4.63653e-16
-1.03635e-16
0
0
0
0
0
0
0
0
0
0
0
0
0
0
0
0
0
0
0
0
0
0
0
0
0
0
-2.11717e-17
0
0
0
0
0
0
0
0
0
0
0
0
0
0
0
0
0
0
0
0
0
0
0
0
0
0
0
0
8.3205e-16
0
-8.55959e-16
0
3.33218e-15
0
0
0
0
0
0
0
0
0
0
0
0
0
0
0
0
0
0
0
0
0
0
0
0
0
0
0
0
0
0
1.46533e-17
1.74471e-16
0
0
0
-1.58089e-15
0
0
0
0
0
0
0
0
0
8.89469e-15
4.31555e-17
0
0
0
0
0
0
0
0
0
0
0
0
0
0
0
0
3.43361e-17
0
0
0
0
0
0
0
0
0
0
0
0
0
0
0
0
0
0
0
0
0
0
0
0
0
-1.38612e-16
0
0
0
0
0
0
0
0
0
0
0
0
0
0
0
0
0
0
0
0
0
0
0
0
0
0
0
0
0
-4.67478e-15
0
0
0
0
0
0
0
0
0
0
0
5.69545e-17
0
0
0
0
0
0
0
0
0
0
0
0
0
0
0
0
0
0
0
0
0
0
0
0
0
0
0
0
0
0
0
-3.5337e-16
0
0
-1.18994e-15
0
0
0
0
0
0
0
0
9.01726e-17
0
0
0
0
0
0
0
0
0
0
0
0
0
0
0
-4.45472e-16
0
0
0
0
0
0
0
0
0
0
0
0
0
0
0
0
0
0
0
0
0
0
0
0
0
0
0
0
0
0
0
0
0
0
0
0
0
0
0
8.02377e-15
0
0
0
0
0
0
0
0
0
0
0
0
0
0
0
0
0
0
0
0
0
0
0
0
0
0
0
0
0
0
0
0
0
0
0
0
0
-8.92311e-09
-1.15023e-08
0
0
0
0
0
0
0
2.20138e-15
0
0
0
0
0
0
0
0
0
0
0
0
0
0
0
0
0
0
0
0
0
0
0
0
-3.6039e-17
0
0
0
0
0
0
0
0
0
0
0
0
0
0
0
0
0
0
0
0
0
0
0
0
0
0
0
0
0
0
0
-4.39386e-15
0
0
0
0
0
0
0
0
0
0
0
0
0
0
0
0
0
0
0
0
0
0
0
0
0
0
0
0
0
0
0
0
0
0
-7.53623e-18
0
0
0
0
0
0
0
0
0
0
0
0
0
0
0
0
0
0
0
0
0
0
0
0
0
0
0
0
0
0
0
0
-5.33787e-16
0
0
0
0
0
0
-1.74311e-16
0
0
0
0
0
0
0
0
0
0
0
0
0
0
0
0
0
0
0
0
0
0
0
0
0
0
0
0
0
0
0
0
0
0
0
0
0
0
0
0
0
0
0
0
0
0
0
-4.87119e-17
0
0
-5.04577e-18
0
0
0
0
0
0
-7.73929e-09
0
0
0
0
0
0
0
0
0
0
0
0
0
0
0
0
0
0
0
0
0
0
0
0
0
8.12509e-17
-5.58877e-16
0
0
0
0
0
0
0
0
0
0
0
0
-7.30169e-16
-9.999e-34
0
0
0
0
0
0
0
0
0
0
0
0
0
0
0
0
0
0
0
0
0
0
0
0
0
0
0
0
0
0
1.68046e-15
0
0
0
0
0
0
0
0
0
0
0
0
0
0
0
0
0
0
0
0
0
0
0
0
0
0
-7.05468e-16
0
0
0
0
0
8.51195e-17
0
0
0
0
0
0
0
0
0
0
0
0
0
0
0
0
0
0
0
0
0
0
0
0
0
0
0
0
0
0
0
0
0
0
0
0
0
0
0
0
0
0
1.94295e-15
0
0
0
0
0
0
0
0
0
0
0
0
0
-3.16792e-16
0
0
0
0
0
0
0
0
0
0
0
0
0
0
0
0
0
0
0
0
-9.13216e-15
0
0
0
0
0
0
0
0
0
0
0
0
0
0
0
0
0
0
0
0
0
0
0
0
0
0
0
0
0
0
0
0
-1.4679e-16
0
0
0
0
0
0
0
0
0
0
0
0
0
0
0
0
0
1.32794e-15
0
0
0
0
0
0
0
0
0
0
0
-9.01393e-17
0
0
0
0
1.19988e-32
0
0
0
0
0
0
0
0
0
0
0
0
0
0
8.65947e-17
0
0
0
0
0
0
0
0
0
0
0
0
0
6.59351e-16
0
0
0
0
0
0
0
0
-5.94506e-15
0
0
0
0
0
0
0
0
0
0
0
0
0
0
0
0
0
0
1.88549e-08
0
0
0
0
0
0
0
0
0
0
0
0
0
0
0
0
0
0
0
0
-3.01982e-17
-1.0259e-30
0
0
0
0
0
0
1.15959e-15
-8.6381e-16
0
0
0
0
0
0
0
0
0
0
0
0
0
0
0
0
0
0
0
0
0
0
0
0
0
0
0
0
0
0
0
0
0
0
0
0
0
0
0
0
0
0
0
0
0
0
0
0
0
0
0
0
0
0
0
0
0
0
0
0
0
0
0
0
0
0
0
0
0
0
0
0
0
0
0
0
0
0
0
0
6.17005e-16
2.70573e-17
0
0
0
0
0
0
0
0
3.28058e-15
0
0
0
0
0
0
0
0
0
0
0
7.54455e-09
0
0
0
6.38817e-16
-1.03774e-16
0
0
0
0
0
0
0
0
-3.02943e-17
0
0
0
0
0
0
0
0
0
0
0
0
0
0
0
0
0
0
0
0
0
0
0
0
0
1.52497e-16
0
-3.6431e-16
0
0
0
0
0
0
0
0
0
3.40853e-16
0
0
0
0
0
0
0
0
0
0
0
0
0
0
0
0
0
1.87788e-17
0
0
0
0
0
0
0
0
0
0
-3.76112e-17
0
0
0
0
0
0
0
0
0
0
0
0
0
0
0
0
1.28808e-08
0
0
1.19814e-08
0
0
0
0
0
0
0
0
0
0
0
0
0
0
0
0
0
0
0
0
0
0
0
0
0
0
0
0
0
0
0
0
0
0
0
0
1.70968e-16
0
0
0
0
0
0
0
0
7.21455e-16
0
0
0
0
0
0
0
0
0
0
0
0
0
0
0
0
0
0
0
1.95749e-16
0
1.07917e-15
0
0
0
0
0
0
0
0
0
0
0
0
-9.85409e-16
0
0
0
0
0
0
-3.55911e-17
0
0
0
0
0
1.06266e-08
0
0
0
0
0
0
0
0
0
0
0
0
0
0
0
0
0
0
0
0
-7.08561e-17
7.85787e-16
0
1.02127e-08
0
0
0
0
0
0
0
-5.50938e-17
0
0
0
0
0
0
0
0
0
0
0
0
0
0
0
0
0
0
0
0
0
0
0
0
0
0
0
0
0
0
-9.88322e-16
0
0
0
0
0
0
0
0
0
0
8.44398e-09
0
0
0
0
0
0
6.21316e-16
-5.50463e-16
0
0
0
-1.02127e-08
0
0
0
0
0
0
0
0
0
0
0
0
0
0
0
0
0
0
0
0
0
0
0
0
0
0
0
0
0
0
0
0
0
0
0
0
0
0
0
9.7988e-09
0
0
0
0
0
0
0
0
0
0
0
0
0
0
0
0
0
0
0
0
0
0
0
0
0
0
0
0
0
0
0
0
0
0
0
0
-1.89154e-16
-6.31677e-17
0
0
0
0
0
0
0
0
0
0
0
0
0
0
0
0
0
0
0
0
0
0
0
0
0
0
0
0
0
0
0
0
0
0
0
0
-1.63751e-16
0
0
0
0
0
0
0
0
0
0
0
0
0
0
0
0
0
0
0
0
0
0
0
0
0
0
0
0
0
0
0
0
0
0
0
0
0
0
0
1.35107e-16
0
0
0
0
0
0
0
0
0
0
0
0
0
0
0
0
0
0
0
0
1.02127e-08
0
0
0
0
0
0
0
0
0
0
0
0
0
0
0
0
0
0
1.82387e-17
0
0
0
0
0
0
0
0
0
0
0
0
0
0
-5.89228e-17
0
0
0
0
0
0
0
0
0
0
0
0
0
0
0
0
0
0
0
0
0
0
0
0
0
0
0
0
0
0
0
0
0
0
2.17576e-18
0
0
0
0
0
0
0
0
0
0
0
0
1.02127e-08
0
0
0
0
0
0
0
0
0
0
0
0
0
0
0
0
0
0
0
0
0
0
0
0
0
0
0
0
0
0
0
0
0
0
0
0
0
0
0
0
0
0
0
0
0
0
0
0
0
0
0
0
0
0
0
-2.71544e-16
0
0
0
0
0
-8.52747e-17
2.47417e-15
0
0
0
0
0
0
0
0
0
0
0
0
0
0
0
0
0
0
0
0
0
0
0
0
0
0
0
0
4.9949e-15
7.70095e-17
2.28569e-16
0
0
0
-3.15905e-15
0
0
0
0
0
0
0
0
0
0
0
0
0
0
0
0
0
3.88064e-16
0
0
0
0
1.23812e-08
0
0
0
3.18203e-17
0
0
0
9.40339e-09
0
0
0
0
0
8.67835e-15
0
0
0
0
0
0
0
0
0
0
0
0
0
0
0
0
0
0
0
0
0
0
0
0
0
0
0
0
1.02127e-08
0
0
0
0
0
0
0
0
0
0
0
0
0
6.25204e-16
0
0
0
0
0
0
0
0
0
8.04417e-09
0
0
0
0
1.02559e-08
0
0
0
0
0
0
0
0
0
0
0
1.0463e-08
0
0
0
0
0
0
-5.7349e-16
0
0
0
0
-5.89469e-17
0
0
0
0
0
0
0
0
0
1.13423e-08
0
0
0
0
3.28577e-17
0
1.1022e-08
1.01695e-08
0
0
0
0
0
0
0
0
0
0
0
0
0
0
0
0
0
0
0
0
0
0
0
0
0
0
0
0
0
0
0
0
0
0
0
0
0
0
0
0
0
0
0
0
9.96237e-09
0
0
0
0
0
0
0
0
0
0
0
0
0
0
0
0
0
0
0
0
0
0
0
0
0
-3.11573e-17
0
0
0
0
0
0
0
0
0
0
0
0
0
0
0
0
0
0
0
0
0
0
0
0
0
0
0
0
0
0
0
0
0
1.27487e-31
0
2.17236e-15
0
0
0
2.1349e-17
-2.8472e-17
0
0
-9.16143e-17
3.7336e-17
0
0
0
0
0
0
0
0
0
0
0
0
0
0
0
0
0
0
-3.42832e-16
0
0
0
0
0
0
0
0
0
0
0
0
0
0
0
0
0
0
0
0
0
0
1.35647e-16
0
0
0
0
0
0
0
0
0
0
0
0
0
0
0
1.22996e-16
0
-2.48378e-16
0
1.1018e-16
0
0
0
0
0
0
0
0
0
0
0
0
0
0
0
0
0
0
-7.34694e-16
-1.91646e-18
0
0
0
0
0
0
0
0
0
0
0
0
0
0
0
0
0
0
0
0
0
0
0
0
0
0
0
0
0
0
0
0
0
0
0
0
0
0
0
0
0
0
0
0
0
0
0
0
0
0
0
0
0
0
0
0
0
0
0
0
0
0
0
0
0
0
0
0
0
0
6.29244e-17
-3.2475e-17
0
0
0
0
-1.06344e-17
8.2636e-18
0
0
0
0
0
0
-1.70061e-16
1.69708e-15
0
0
0
0
0
0
0
0
0
0
0
0
0
0
0
0
0
0
0
0
0
0
0
0
0
0
0
0
0
0
0
0
-2.69298e-16
0
0
0
0
0
-2.46505e-16
0
0
0
0
0
0
0
0
0
5.96846e-17
9.51867e-09
0
0
0
0
0
0
0
0
0
0
0
0
0
0
0
0
1.02099e-15
0
0
0
0
0
0
0
0
0
0
0
9.99297e-09
0
0
0
0
0
0
0
0
0
5.24374e-16
1.13423e-08
0
0
0
0
0
0
0
0
0
0
0
0
0
0
0
0
0
0
0
0
1.01104e-08
0
0
8.65419e-15
0
0
0
0
0
0
0
0
0
0
0
0
0
0
0
0
1.04324e-08
0
0
0
0
0
0
0
0
0
4.33371e-16
0
0
0
0
0
0
0
0
0
0
0
0
0
0
0
0
0
0
0
0
0
0
0
0
0
0
0
0
0
0
0
0
0
0
0
0
0
0
0
0
0
0
0
0
0
0
0
1.09067e-08
-6.78446e-15
1.0315e-08
0
0
0
0
0
0
0
0
0
0
0
0
0
0
0
0
0
0
0
0
0
0
0
0
0
0
0
0
0
1.02127e-08
0
0
0
0
0
0
0
0
0
0
0
0
0
0
0
0
0
0
0
0
0
0
0
0
0
0
0
0
0
1.00083e-08
0
0
1.41156e-14
0
0
0
0
0
0
0
0
0
0
-2.5597e-16
0
0
0
0
0
0
0
0
0
0
0
0
0
0
0
0
0
0
0
0
0
0
0
0
0
0
0
0
2.19065e-18
9.08313e-09
-9.01192e-16
-4.61253e-17
0
0
0
0
0
-5.26746e-09
0
0
0
0
0
0
0
0
0
7.45433e-09
0
0
0
0
0
0
0
0
0
0
0
0
0
0
0
0
0
0
0
0
0
0
0
0
-2.75578e-16
-2.34774e-15
0
0
0
0
0
0
0
0
0
-1.23069e-16
2.90782e-17
0
0
0
0
0
0
0
0
0
0
0
0
0
0
0
0
0
0
0
0
0
1.02127e-08
0
0
1.35428e-08
0
0
0
0
0
0
0
0
0
0
0
0
0
0
0
0
0
0
0
0
0
0
-4.46937e-18
-1.34699e-17
0
0
0
0
0
0
1.11151e-08
0
0
0
0
0
0
0
0
0
0
0
0
0
-3.66329e-16
0
0
-8.73401e-18
1.5303e-17
0
0
0
-4.74129e-17
7.72866e-18
0
0
0
0
0
0
0
0
0
1.02127e-08
0
0
0
0
0
0
0
0
5.11449e-31
0
-8.13191e-17
0
0
0
0
0
0
0
0
0
0
0
0
0
0
0
0
0
0
0
0
0
0
1.19385e-08
0
0
0
0
0
0
0
0
0
0
0
1.00141e-08
0
0
0
0
5.57623e-16
0
0
0
0
0
0
0
0
0
0
-1.40334e-08
-9.08305e-09
0
0
0
0
0
0
0
0
0
0
1.0413e-08
0
3.51007e-15
1.02127e-08
0
0
0
1.62568e-16
6.0236e-16
0
-2.22049e-16
0
0
0
0
0
0
0
0
0
0
0
0
0
0
0
0
0
0
0
0
0
0
1.02426e-08
0
0
1.02127e-08
0
0
0
0
0
0
0
0
0
0
0
0
0
0
0
0
0
0
0
0
0
0
0
0
0
0
0
0
0
0
0
0
0
0
0
0
0
0
0
0
0
0
0
0
0
0
0
0
0
0
0
0
0
0
0
0
0
-4.04071e-16
0
0
0
0
0
0
0
0
0
0
0
0
0
0
0
0
0
0
0
0
0
0
0
0
0
0
0
0
1.01828e-08
0
0
0
0
0
0
0
0
0
0
0
0
0
0
0
0
0
1.21063e-08
0
0
0
0
0
0
1.3442e-17
4.85335e-16
0
1.30005e-08
0
0
0
0
0
0
0
0
0
0
0
0
0
0
0
0
0
0
0
0
0
0
0
0
0
0
0
0
0
0
0
0
0
0
0
0
0
0
0
0
0
0
0
0
0
2.89584e-17
0
0
0
0
0
0
0
0
0
6.9088e-15
0
0
0
0
0
0
0
0
0
0
0
0
0
0
0
0
0
0
0
0
0
0
0
0
0
0
0
0
0
0
0
0
0
0
0
0
0
0
0
0
0
0
0
0
0
0
0
0
0
0
0
0
0
0
0
0
0
0
0
-4.01134e-15
6.07834e-16
0
0
0
0
0
0
0
0
0
1.30043e-15
0
0
0
0
0
0
0
0
0
0
0
0
0
0
0
0
0
0
0
0
0
0
0
0
0
0
0
0
0
0
0
0
0
0
0
0
0
0
0
0
-3.23804e-16
0
0
0
0
0
5.17497e-17
0
0
0
0
0
0
0
0
0
0
0
0
0
-3.42771e-17
0
0
0
0
0
0
0
-1.21063e-08
0
0
0
0
0
0
0
0
1.07205e-16
0
0
0
0
0
0
0
0
0
0
0
0
-1.30005e-08
0
0
0
0
0
0
0
0
0
0
-2.01067e-17
0
0
0
0
0
0
0
0
0
0
0
0
0
0
0
0
0
0
0
0
0
0
0
0
0
0
0
0
0
0
0
0
0
4.71702e-17
0
0
0
0
0
0
0
0
0
0
1.40334e-08
0
0
0
0
0
0
0
0
0
0
0
0
0
0
0
0
0
0
0
0
0
0
0
0
0
0
0
0
0
0
0
0
0
0
0
0
0
0
0
0
0
0
0
0
0
0
0
0
0
0
0
0
0
0
0
0
0
0
0
0
0
0
0
0
0
0
0
0
0
0
0
0
0
0
0
0
0
0
0
0
0
0
0
0
0
0
0
2.67897e-17
0
0
0
0
0
0
0
0
0
0
6.06549e-16
0
0
0
0
0
0
0
0
0
0
0
0
0
0
0
0
0
0
0
0
0
0
0
0
0
0
0
0
0
0
0
0
0
0
0
0
0
0
0
0
0
0
0
0
0
0
0
0
1.04171e-08
0
0
0
0
0
0
0
0
0
0
0
0
0
0
0
0
0
0
0
0
0
0
0
0
0
0
0
0
2.17319e-15
0
0
0
0
0
0
0
0
0
0
9.08774e-17
0
0
0
0
0
0
0
0
0
0
0
0
0
0
0
0
0
0
0
0
0
0
0
0
0
0
0
0
0
0
0
0
0
0
0
0
0
0
0
0
0
0
0
0
5.13657e-16
0
0
0
0
3.34782e-17
0
2.78885e-16
0
0
3.4381e-16
0
0
0
0
0
0
0
0
0
0
0
0
0
0
0
0
0
0
0
0
0
0
0
0
0
0
-2.57045e-16
4.05066e-16
0
0
0
0
0
0
0
0
0
0
0
0
0
0
0
4.15073e-16
0
0
0
0
0
0
0
0
0
0
0
-1.30682e-17
4.28558e-17
0
0
0
0
0
0
0
0
0
0
0
0
0
0
0
0
0
0
0
0
0
0
0
0
0
0
0
0
0
0
0
0
0
0
0
0
0
0
0
0
0
0
0
0
0
0
0
0
0
0
0
0
0
0
0
0
0
0
0
0
0
0
0
0
0
0
0
0
0
0
0
0
0
0
0
0
0
0
0
0
0
0
0
0
0
0
0
0
0
0
0
0
0
0
0
0
0
0
0
0
0
0
0
0
0
0
0
0
0
0
0
0
0
0
0
0
0
0
0
0
0
0
0
0
0
0
0
0
0
0
0
0
0
0
0
0
0
0
0
0
0
0
0
0
0
0
0
0
5.80321e-16
0
0
0
0
0
0
0
0
0
0
0
0
-6.88257e-09
0
0
0
0
0
0
0
0
0
0
0
0
0
0
0
0
0
0
0
0
0
0
0
0
0
0
0
0
0
0
0
0
0
0
0
0
0
0
0
0
0
0
0
0
0
0
0
2.28591e-16
0
0
0
0
0
0
0
0
0
0
0
0
0
0
0
0
0
0
0
0
0
0
-2.34387e-16
0
0
0
0
0
-1.25594e-16
0
0
0
0
0
0
0
0
0
0
0
0
0
-9.31031e-09
0
0
0
0
0
0
0
0
0
0
0
0
0
0
0
0
0
0
0
0
0
0
0
0
0
0
0
0
0
0
0
0
0
1.24861e-16
0
0
0
-3.32766e-16
0
0
0
0
0
0
0
0
0
0
0
0
0
-2.23597e-16
0
-8.48692e-09
0
0
0
0
0
0
0
0
0
0
0
0
0
0
0
0
0
0
0
-4.18661e-18
-5.09542e-16
0
0
0
0
0
0
0
1.04113e-08
4.39298e-17
0
0
0
0
0
0
0
0
0
0
0
0
0
0
0
0
0
0
0
0
0
0
0
7.08649e-16
0
0
0
0
0
0
0
0
0
0
0
0
7.18224e-17
0
0
0
0
0
0
0
0
0
0
1.02127e-08
0
0
0
0
0
0
0
0
0
0
0
0
0
0
0
0
0
0
0
0
0
0
0
0
0
0
0
1.00123e-08
0
0
0
0
0
0
0
0
0
0
0
0
0
0
0
0
0
0
0
1.68323e-17
0
0
0
0
0
0
0
0
0
0
0
0
0
0
0
0
0
0
0
0
0
0
0
0
0
0
0
0
0
0
0
0
0
0
0
0
0
0
0
0
0
0
0
0
0
0
0
0
0
0
0
0
0
0
0
0
0
0
0
0
0
0
0
0
0
0
0
0
0
0
0
0
0
0
0
0
0
0
0
0
0
0
0
0
0
0
0
0
0
0
0
0
0
0
0
0
0
0
0
0
0
0
0
0
0
0
0
0
0
0
0
0
0
0
0
0
0
0
0
0
0
0
0
-8.02735e-17
-1.56769e-15
-6.73665e-16
0
0
0
0
0
0
0
0
0
0
0
0
0
0
0
0
0
0
0
0
0
0
0
1.85604e-16
0
0
0
0
0
0
0
0
0
0
0
)
;

boundaryField
{
    frontback
    {
        type            empty;
        value           nonuniform List<scalar> 0();
    }
    topbottom
    {
        type            calculated;
        value           uniform 0;
    }
    outlet
    {
        type            calculated;
        value           nonuniform List<scalar> 0();
    }
    inlet
    {
        type            calculated;
        value           uniform 0;
    }
    walls
    {
        type            calculated;
        value           nonuniform List<scalar> 
151
(
4.08508e-08
4.08508e-08
4.08508e-08
4.08508e-08
4.08508e-08
4.08508e-08
4.08508e-08
4.08508e-08
4.08508e-08
4.08508e-08
4.08508e-08
4.08508e-08
4.08508e-08
4.08508e-08
4.08508e-08
4.08508e-08
4.08508e-08
4.08508e-08
4.08508e-08
4.08508e-08
4.08508e-08
4.08508e-08
4.08508e-08
4.08508e-08
4.08508e-08
4.08508e-08
4.08508e-08
4.08508e-08
4.08508e-08
4.08508e-08
4.08508e-08
4.08508e-08
4.08508e-08
4.08508e-08
4.08508e-08
4.08508e-08
4.08508e-08
4.08508e-08
4.08508e-08
4.08508e-08
4.08508e-08
4.08508e-08
4.08508e-08
4.08508e-08
4.08508e-08
4.08508e-08
4.08508e-08
4.08508e-08
4.08508e-08
4.08508e-08
4.08508e-08
4.08508e-08
4.08508e-08
4.08508e-08
4.08508e-08
4.08508e-08
4.08508e-08
4.08508e-08
4.08508e-08
4.08508e-08
4.08508e-08
4.08508e-08
4.08508e-08
4.08508e-08
4.08508e-08
4.08508e-08
4.08508e-08
4.08508e-08
4.08508e-08
4.08508e-08
4.08508e-08
4.08508e-08
4.08508e-08
4.08508e-08
0
0
0
0
0
4.08508e-08
4.08508e-08
4.08508e-08
4.08508e-08
4.08508e-08
4.08508e-08
4.08508e-08
4.08508e-08
4.08508e-08
4.08508e-08
4.08508e-08
4.08508e-08
4.08508e-08
4.08508e-08
4.08508e-08
4.08508e-08
4.08508e-08
4.08508e-08
4.08508e-08
4.08508e-08
0
4.08508e-08
4.08508e-08
0
0
0
0
4.08508e-08
4.08508e-08
4.08508e-08
4.08508e-08
4.08508e-08
0
0
0
4.08508e-08
4.08508e-08
0
4.08508e-08
4.08508e-08
4.08508e-08
0
4.08508e-08
4.08508e-08
4.08508e-08
4.08508e-08
4.08508e-08
4.08508e-08
4.08508e-08
4.08508e-08
4.08508e-08
4.08508e-08
4.08508e-08
4.08508e-08
4.08508e-08
4.08508e-08
4.08508e-08
4.08508e-08
4.08508e-08
0
4.08508e-08
4.08508e-08
4.08508e-08
4.08508e-08
4.08508e-08
4.08508e-08
4.08508e-08
0
4.08508e-08
-9.22245e-16
4.08508e-08
4.08508e-08
)
;
    }
    procBoundary2to0
    {
        type            processor;
        value           nonuniform List<scalar> 
83
(
0
0
-1.59607e-16
0
-2.45516e-16
0
0
0
0
0
0
0
0
0
0
0
0
0
0
0
0
0
0
0
0
0
0
0
0
0
0
0
0
0
0
0
0
6.96346e-17
0
-1.89327e-16
2.77819e-16
0
0
0
0
0
0
0
0
0
0
0
0
0
0
0
0
0
0
0
0
0
1.53029e-08
0
0
0
0
0
0
0
0
0
0
0
0
0
0
0
-6.66391e-17
0
0
0
0
)
;
    }
    procBoundary2to3
    {
        type            processor;
        value           nonuniform List<scalar> 
99
(
0
0
-9.68819e-17
0
0
0
0
0
0
0
0
0
0
0
0
0
0
0
0
0
0
0
0
0
0
0
0
0
0
0
0
0
0
0
0
0
0
0
0
0
0
0
0
0
0
0
0
0
0
0
0
0
0
0
0
0
0
0
0
0
0
0
0
0
0
0
0
0
0
-1.11563e-08
0
0
0
0
0
0
0
0
0
0
0
0
0
0
0
0
0
0
0
0
0
0
0
0
0
0
0
0
0
)
;
    }
}


// ************************************************************************* //
