/*--------------------------------*- C++ -*----------------------------------*\
| =========                 |                                                 |
| \\      /  F ield         | OpenFOAM: The Open Source CFD Toolbox           |
|  \\    /   O peration     | Version:  v2012                                 |
|   \\  /    A nd           | Website:  www.openfoam.com                      |
|    \\/     M anipulation  |                                                 |
\*---------------------------------------------------------------------------*/
FoamFile
{
    version     2.0;
    format      ascii;
    class       surfaceScalarField;
    location    "900";
    object      meshPhi;
}
// * * * * * * * * * * * * * * * * * * * * * * * * * * * * * * * * * * * * * //

dimensions      [0 3 -1 0 0 0 0];
oriented        oriented;


internalField   nonuniform List<scalar> 
20537
(
0
0
0
0
-6.44371e-16
1.07701e-14
0
0
0
0
0
0
-1.9465e-15
-1.86072e-15
0
0
0
0
0
0
0
0
0
0
0
0
0
8.54016e-15
0
-5.54766e-15
0
0
0
0
0
0
0
0
0
0
0
0
-2.25495e-14
-7.79123e-14
-8.16244e-14
0
0
0
0
0
0
0
0
0
-7.78978e-15
0
-3.4302e-17
0
0
0
0
0
0
0
0
0
0
0
0
0
0
0
0
0
0
0
6.02444e-08
0
0
0
0
0
0
0
0
0
0
0
0
0
0
0
0
0
0
0
0
0
0
0
0
0
0
0
0
0
0
0
0
0
0
0
0
-1.84145e-16
2.05102e-17
0
0
0
0
0
0
-9.76979e-17
0
8.44762e-17
0
0
0
-4.20407e-15
9.09147e-16
0
0
0
0
0
0
0
0
0
0
0
0
0
9.0808e-18
-8.32061e-16
-1.99514e-14
6.72459e-15
6.46899e-15
0
0
0
0
0
0
0
0
0
0
0
0
0
0
0
0
0
0
0
0
0
0
0
0
0
0
0
0
-4.09451e-30
-3.34717e-15
0
0
0
0
0
0
0
0
0
0
0
0
0
0
0
0
0
0
-3.3632e-17
2.17518e-14
9.83643e-29
-1.00553e-13
0
0
0
0
0
0
0
0
0
0
0
0
0
0
0
0
0
0
0
-6.5125e-17
0
-2.21238e-17
2.20662e-14
1.95126e-15
0
0
0
0
0
0
0
0
0
0
0
0
0
0
0
0
0
0
0
0
0
0
0
0
0
0
0
0
0
0
0
0
0
0
-4.24529e-15
0
0
0
0
0
0
0
0
0
0
0
0
0
0
0
0
0
0
0
0
0
0
0
0
0
0
0
0
0
0
0
0
0
0
0
0
0
0
0
0
0
0
0
0
0
0
0
4.10314e-16
0
0
0
0
0
0
0
0
0
0
0
0
8.3462e-19
0
0
0
0
0
0
2.04608e-14
0
0
0
0
0
0
0
0
0
0
0
0
0
0
0
0
0
0
0
0
-1.93886e-15
0
0
-4.17441e-14
0
-8.58775e-14
0
0
0
0
0
0
0
0
0
0
0
0
0
0
0
0
0
0
0
0
0
0
0
0
0
0
0
0
0
0
0
0
0
0
0
0
0
3.74833e-14
7.95804e-15
0
0
0
0
0
0
0
0
0
0
0
0
0
0
0
0
0
0
0
0
0
0
0
0
0
0
0
0
0
0
0
0
0
0
0
0
0
0
0
0
0
0
0
0
0
-2.30726e-16
5.28735e-16
0
0
0
0
0
0
0
0
0
0
-2.88041e-15
0
0
0
0
0
0
2.54456e-15
0
0
0
0
0
0
0
0
0
0
0
0
0
0
0
0
0
0
0
0
0
0
0
0
0
0
0
0
0
0
0
0
0
0
0
0
0
0
0
0
0
0
0
0
0
0
0
0
0
0
0
0
0
0
0
0
0
0
0
0
0
0
0
0
0
0
0
0
0
0
0
0
0
0
0
0
0
0
0
0
0
0
0
0
0
0
0
0
0
0
0
0
0
0
0
0
0
0
0
0
-1.26656e-15
0
0
0
0
0
0
0
0
0
0
0
0
0
0
0
0
0
0
0
0
0
0
0
0
0
0
2.15842e-17
-1.52136e-17
0
0
0
0
0
0
0
0
0
0
0
0
0
0
0
0
0
0
0
0
0
0
0
0
0
0
0
0
0
0
0
0
0
0
0
0
0
0
0
0
0
0
-4.6e-17
0
2.12589e-16
0
0
0
0
0
0
0
0
0
0
0
0
0
0
0
0
0
0
1.00603e-15
0
1.13981e-14
0
0
0
0
4.72943e-16
-3.64881e-08
-6.1603e-08
-1.89545e-14
0
1.45381e-14
0
0
0
0
0
0
0
0
0
0
0
0
0
1.46893e-14
-7.92666e-15
0
0
0
0
0
0
0
0
0
0
0
0
0
0
0
0
0
0
0
0
0
0
-1.51478e-16
0
0
0
0
0
0
0
0
0
0
0
0
0
0
0
0
0
0
0
0
0
0
0
0
0
0
0
0
0
0
0
0
0
0
0
0
0
0
0
0
0
0
0
0
0
0
0
0
0
0
0
0
0
0
0
0
0
0
0
0
0
0
0
0
0
0
0
0
0
0
0
0
0
0
0
0
0
0
0
0
0
0
0
0
0
0
0
0
0
0
0
0
0
0
0
0
0
0
0
0
0
9.59958e-16
-2.2635e-15
0
0
0
2.20151e-15
0
-2.08128e-30
0
0
0
3.48238e-17
2.40483e-16
0
0
0
0
0
0
0
0
0
-1.66545e-15
0
0
0
0
0
0
0
0
0
0
0
0
0
0
0
0
0
0
0
0
0
0
0
0
0
0
-4.10072e-14
0
0
0
0
0
0
0
0
0
0
0
0
0
0
0
0
0
0
0
0
0
0
0
-1.2768e-13
0
0
0
0
0
0
2.79419e-15
3.00141e-15
0
0
0
0
0
0
-1.87615e-34
0
0
-1.12812e-16
3.10659e-14
0
0
0
0
0
0
0
0
0
6.23601e-14
-1.39933e-14
0
0
0
0
0
0
0
0
0
0
0
0
0
0
0
0
0
0
-4.06021e-16
-1.08025e-16
0
0
0
0
-7.10204e-15
5.19156e-15
0
0
0
0
-7.52149e-17
0
0
0
0
0
0
0
0
0
0
0
0
0
0
0
0
0
0
0
0
0
0
0
0
0
0
0
0
0
0
-9.9911e-14
-3.30443e-29
1.67745e-13
0
0
1.29897e-15
0
1.87126e-15
6.32582e-17
0
0
0
0
0
0
0
0
0
0
1.56557e-14
0
0
0
-3.084e-17
-1.03483e-16
-4.87178e-15
-5.90033e-15
0
0
0
0
0
0
0
0
0
0
0
0
0
0
0
0
0
0
0
0
0
0
0
0
0
0
0
0
0
0
0
4.36573e-16
3.04525e-16
0
0
0
0
0
0
0
0
0
0
0
0
0
-2.90891e-15
0
0
0
0
0
0
0
0
0
0
0
0
0
0
0
0
0
0
0
0
0
0
0
0
0
0
0
0
0
0
0
0
0
0
0
0
0
0
0
0
0
0
0
0
0
0
0
0
0
0
0
0
0
0
0
0
0
0
0
0
0
0
0
0
0
0
0
0
0
0
0
0
0
0
0
0
0
-5.53975e-18
-8.84245e-17
-5.29154e-17
0
0
0
0
0
0
0
0
0
0
0
0
0
0
0
0
0
0
0
0
0
0
0
0
0
0
0
0
0
0
0
-2.68063e-14
0
0
0
0
-7.70445e-14
0
0
0
0
0
0
0
0
0
0
0
0
0
0
0
0
0
0
0
0
0
0
0
0
0
0
-2.88702e-17
1.45624e-15
1.89432e-17
0
0
0
0
0
0
0
0
0
0
0
0
0
0
0
0
0
0
0
0
0
0
0
0
0
0
0
0
0
0
0
-5.77937e-16
3.52208e-19
0
0
0
0
0
0
0
0
0
0
0
0
2.92984e-17
0
-3.93925e-17
0
0
-8.83478e-17
-4.71685e-17
0
0
0
0
0
0
0
0
0
0
0
0
0
0
0
0
0
0
0
0
0
0
0
0
0
0
0
0
0
0
0
0
0
0
0
0
0
0
0
0
0
-7.1267e-14
8.46462e-14
-6.53201e-29
0
0
0
0
0
0
0
0
0
0
0
0
0
1.14075e-14
0
0
0
0
0
0
0
0
0
0
0
0
0
0
0
0
0
0
0
0
0
0
0
0
0
0
-1.48316e-14
4.4799e-15
0
2.79131e-15
-3.47902e-15
0
0
0
0
0
1.54168e-17
-1.05985e-16
0
0
0
7.41308e-17
-5.11814e-31
0
0
0
0
0
0
0
0
0
0
0
0
0
0
0
0
0
0
0
0
0
0
0
0
0
0
0
0
0
0
0
0
0
0
0
-2.55372e-15
0
0
0
0
0
0
0
0
0
0
0
0
0
0
0
0
0
0
0
0
0
0
0
-5.98345e-15
2.69882e-14
0
0
0
0
0
0
0
0
0
0
0
0
0
-1.31979e-15
0
0
0
0
0
0
0
0
0
0
0
0
0
0
0
0
-4.51178e-14
0
0
2.8069e-16
0
1.48817e-16
0
0
2.45266e-17
-3.09152e-16
0
0
0
0
0
0
0
0
0
0
0
0
0
0
0
0
0
0
0
0
0
0
0
0
0
0
0
0
0
0
0
0
0
3.89624e-14
0
-6.52899e-15
0
-8.75279e-18
0
0
0
0
0
0
0
-2.03413e-14
9.64547e-15
0
0
0
0
0
0
0
0
0
0
0
0
0
0
0
0
0
0
0
0
0
0
0
0
0
0
0
6.30099e-16
1.01035e-14
0
0
0
0
0
0
0
0
0
0
0
0
0
0
0
0
0
0
0
0
0
0
0
0
0
0
0
0
0
0
0
0
0
0
0
0
0
0
0
0
0
0
0
0
0
0
0
0
0
0
1.91706e-14
0
-1.31913e-14
0
0
0
0
0
0
0
0
0
0
0
0
0
0
0
0
0
0
0
0
0
0
0
0
0
0
0
0
0
0
0
0
0
0
0
0
0
0
0
0
0
0
0
0
0
0
0
0
0
0
-1.36637e-16
0
0
0
0
0
0
0
0
0
0
0
0
0
0
0
0
0
0
0
0
0
0
0
0
0
0
0
0
0
0
0
0
0
0
0
0
-3.00184e-33
5.10313e-31
7.44852e-17
0
0
0
0
0
0
0
1.1353e-14
0
-1.71884e-15
1.55936e-15
0
0
0
0
0
0
0
0
0
0
0
0
0
-4.58256e-17
0
0
0
0
0
0
0
0
0
0
0
0
0
0
0
0
0
0
0
0
0
0
0
0
0
0
0
0
0
0
0
0
0
0
0
0
0
8.50329e-14
0
0
0
-8.12202e-14
0
0
0
0
0
0
0
0
0
0
0
0
0
0
-4.05058e-14
0
-1.79921e-14
0
0
0
0
0
0
0
0
0
0
0
0
0
0
0
0
0
0
0
0
0
0
0
0
0
0
0
0
0
0
0
0
0
0
0
0
0
0
0
0
0
0
0
0
0
0
0
0
0
0
0
0
0
0
0
0
0
0
0
0
0
0
0
0
0
0
0
0
0
0
0
0
0
0
0
0
0
0
0
-5.76664e-17
0
0
0
0
0
0
0
0
0
0
0
0
0
0
0
0
0
0
0
3.97164e-14
0
0
0
0
0
0
0
0
0
0
0
0
0
0
0
0
0
0
0
1.02513e-30
1.45344e-16
0
0
0
0
0
0
0
0
0
0
0
0
0
0
1.20576e-16
0
0
0
0
0
0
0
0
0
0
0
0
0
0
0
0
0
0
0
0
0
0
0
0
0
0
0
0
0
0
0
0
0
0
0
0
0
0
0
0
0
0
0
1.31409e-28
-1.31152e-28
0
0
0
0
0
0
0
0
-8.95588e-15
-2.86518e-14
0
0
0
0
0
0
0
0
0
0
0
0
0
0
-3.9916e-17
0
-1.13377e-16
0
4.05849e-30
0
1.5132e-16
0
0
0
0
0
0
0
0
0
0
-5.09464e-14
7.14978e-15
0
0
0
0
0
0
0
0
0
0
0
0
0
0
0
0
0
0
0
0
0
0
0
0
0
0
0
0
0
0
0
0
0
0
0
0
0
0
0
0
0
0
0
0
0
-2.19693e-16
-4.14288e-16
0
0
0
0
0
0
0
0
0
0
0
0
0
0
0
0
0
0
0
0
0
-8.64073e-14
3.29523e-14
0
4.30711e-18
0
0
0
0
0
0
0
0
0
0
0
0
0
0
0
0
0
0
0
0
-5.6225e-17
0
1.72852e-17
0
0
0
0
0
0
0
0
0
0
0
0
0
0
0
0
0
0
0
0
0
0
0
0
0
0
0
0
0
0
0
0
0
0
0
0
0
0
0
4.20563e-16
-1.03315e-16
0
0
0
0
0
0
1.93851e-15
0
0
0
0
0
0
0
0
0
0
0
0
0
0
0
0
0
0
0
0
0
0
0
0
0
0
0
0
0
0
0
0
0
0
0
0
0
0
0
0
0
-1.05699e-16
0
0
0
0
0
0
0
0
0
8.64267e-16
8.01168e-17
0
0
0
0
0
0
0
0
0
-2.15022e-15
0
0
0
2.95516e-17
2.5894e-15
4.61331e-14
0
0
6.3462e-17
-3.63524e-15
0
0
0
0
0
0
0
0
0
0
0
0
0
0
0
0
0
0
0
0
0
0
0
0
0
0
0
-5.65345e-17
9.1217e-17
0
9.07658e-14
-2.95947e-14
0
0
8.96525e-15
0
0
0
0
0
0
0
0
0
0
0
0
0
0
0
0
-2.85555e-15
2.38073e-17
0
0
0
0
0
0
-2.54877e-14
0
0
0
0
0
0
-3.76172e-14
0
0
0
0
0
0
0
0
0
0
0
0
0
0
0
1.11557e-15
9.784e-18
3.42353e-17
0
0
0
0
0
0
0
0
0
0
0
0
0
0
0
0
0
0
0
0
0
0
0
0
0
0
0
0
0
0
0
0
0
0
0
0
0
0
0
0
0
0
0
0
0
0
0
0
0
0
0
0
0
0
0
0
0
0
0
0
0
0
-1.23872e-17
-1.36106e-17
0
0
-8.97645e-16
0
0
0
0
0
0
0
0
0
0
0
0
0
0
0
0
0
0
0
0
0
0
0
0
0
-1.3064e-28
-2.07355e-14
0
0
0
0
0
0
0
0
0
0
0
0
0
0
0
0
0
0
0
0
0
0
-4.45549e-17
0
0
0
0
0
0
0
0
0
0
0
0
0
0
0
0
0
0
0
0
0
0
0
-4.94567e-16
3.77816e-16
0
-1.22621e-15
0
0
0
0
0
0
0
0
0
0
0
0
0
0
0
0
0
0
0
0
0
0
0
0
0
0
0
0
0
0
0
0
0
0
0
0
0
0
0
0
0
0
0
0
0
0
0
0
0
-1.46352e-16
-4.56062e-16
0
0
0
0
0
0
0
0
0
0
0
0
0
0
0
0
0
0
0
0
0
0
0
0
0
0
0
0
-1.85968e-14
0
0
0
0
0
0
0
0
0
0
0
0
0
-1.82577e-17
6.92094e-17
-1.95171e-17
-8.83272e-17
2.62919e-17
0
4.02517e-14
-1.43383e-14
0
0
0
0
-3.13872e-14
0
0
0
1.04798e-14
0
0
0
0
0
0
0
0
0
0
0
0
0
0
0
0
0
0
0
0
0
0
0
0
0
0
0
0
0
0
0
0
0
0
0
0
0
0
0
0
0
0
0
0
0
0
3.45925e-17
-3.17217e-17
0
0
0
0
0
0
0
0
0
0
0
0
0
0
0
-1.25487e-15
6.9077e-16
0
0
0
-9.75944e-16
0
0
0
0
0
-2.95458e-15
0
0
0
-6.06076e-14
0
-5.24658e-14
0
0
0
0
0
0
0
0
0
0
0
0
0
0
0
0
0
0
0
0
0
0
0
0
0
0
0
0
0
9.26938e-16
0
1.03657e-15
0
2.07795e-14
0
-1.00509e-14
0
0
0
0
0
0
0
0
0
0
0
0
0
0
0
0
0
0
0
0
0
0
0
0
0
0
0
0
0
0
9.73869e-15
0
0
0
0
0
0
-5.10313e-31
6.21371e-17
0
0
0
0
0
0
0
0
0
0
0
0
0
0
0
0
0
0
0
0
0
0
0
0
0
0
0
0
0
0
0
0
-6.919e-14
0
-3.96348e-14
2.69971e-16
-9.51291e-16
0
0
0
0
0
0
0
0
0
0
0
0
0
0
0
-3.40644e-15
1.93801e-17
0
0
0
0
0
0
0
0
0
0
0
0
1.36453e-15
0
0
0
0
0
0
0
0
0
0
0
0
0
0
0
0
0
0
0
0
0
0
0
0
0
0
0
0
0
-3.29305e-15
-9.50983e-16
4.92498e-15
0
0
0
0
0
0
0
0
2.12042e-15
-2.16152e-16
-1.00179e-15
0
0
0
0
0
0
0
0
0
0
0
0
0
0
0
0
0
0
0
0
0
0
0
0
0
0
0
0
8.36505e-16
0
-5.13315e-31
0
0
0
0
0
0
0
0
0
0
0
0
0
0
5.24931e-14
-3.18064e-14
7.45927e-14
0
0
0
0
0
0
0
0
-1.61672e-15
-2.25232e-15
-4.70695e-17
0
0
0
0
0
0
0
0
0
0
0
0
0
0
-1.02768e-15
-9.42216e-16
0
0
0
0
0
-8.47577e-15
0
0
0
0
-2.06406e-14
-1.56493e-13
0
0
0
0
0
0
0
0
0
0
0
0
0
3.12118e-14
0
0
0
0
0
0
0
0
0
0
0
0
0
0
0
0
0
0
0
0
0
0
0
0
0
0
0
0
0
0
0
0
0
0
0
0
0
0
0
0
0
0
0
0
0
0
0
0
0
0
0
0
0
0
0
0
0
0
0
0
0
0
0
0
0
0
0
0
0
0
0
0
0
0
0
0
0
0
0
0
0
0
0
0
0
0
0
0
0
0
0
0
0
0
0
0
0
0
0
0
0
0
0
0
0
0
1.94238e-14
-1.53463e-14
0
0
0
0
0
0
0
0
0
-7.027e-18
0
0
0
0
0
0
0
0
0
0
0
0
0
-1.09547e-14
-8.68242e-15
0
1.11678e-16
2.20012e-15
0
0
0
0
0
0
0
0
0
0
0
0
0
0
0
0
0
0
0
0
0
0
0
0
0
0
0
0
0
0
0
0
0
0
0
0
0
0
0
0
0
0
0
0
0
0
0
0
0
0
0
-2.9798e-14
1.00562e-15
-2.25983e-16
1.77972e-15
0
0
0
0
0
0
0
0
0
0
0
0
0
0
0
0
0
0
0
0
0
0
0
0
0
0
0
0
-3.89775e-15
1.52826e-15
0
0
0
0
0
0
0
0
0
0
0
0
0
0
0
0
0
0
0
0
0
0
0
0
0
0
0
0
0
0
0
0
0
0
0
0
0
0
0
0
0
0
0
0
6.02381e-17
-3.58717e-16
0
2.85288e-14
0
0
0
0
0
0
0
0
0
0
0
0
0
0
0
0
0
0
0
0
0
0
0
0
0
0
0
0
0
0
0
0
0
0
0
0
0
0
0
0
0
0
0
0
0
0
0
0
0
0
0
0
0
0
0
0
0
0
0
0
0
0
0
0
0
0
4.48429e-16
0
0
0
0
0
0
0
0
0
0
0
0
0
0
0
0
0
0
0
0
0
0
-2.84002e-16
0
-4.45399e-17
0
0
0
0
0
0
0
0
0
0
0
0
0
0
0
0
0
0
0
0
0
0
0
0
0
1.60366e-14
0
0
0
0
0
0
-1.0926e-15
-4.76512e-17
0
0
0
0
0
0
0
0
0
0
0
1.91229e-17
-1.10537e-15
0
0
0
0
0
0
0
0
0
0
0
0
0
0
0
0
0
0
0
0
0
0
0
0
0
0
0
0
0
0
0
0
0
-9.29243e-17
-8.27715e-17
0
0
0
0
0
0
0
0
0
0
0
0
0
0
0
0
0
0
0
0
0
0
0
-4.45559e-16
1.20235e-16
0
0
0
0
0
0
0
0
-2.23986e-16
0
0
0
0
0
-1.08558e-15
0
0
0
-5.14154e-14
3.48076e-17
0
0
0
0
0
0
0
0
0
0
0
0
0
0
0
0
0
0
0
0
0
0
0
0
-4.02481e-17
1.68946e-16
0
0
0
0
0
0
0
0
0
0
0
0
0
0
0
0
0
0
0
0
0
0
0
0
0
0
0
0
0
0
0
0
0
0
0
0
-4.43802e-14
0
0
0
0
0
0
0
0
0
0
-5.14315e-31
1.29369e-16
0
0
0
0
0
0
0
0
0
0
0
-9.25038e-17
0
0
0
0
0
0
0
0
0
0
0
0
0
0
0
-1.75939e-17
-8.42539e-16
0
0
0
0
0
0
0
0
0
0
0
0
0
0
0
0
0
0
0
0
0
0
0
0
0
0
0
0
0
0
0
0
0
0
0
0
0
0
0
0
0
-9.89369e-14
4.37267e-14
0
-5.13315e-31
3.59966e-17
0
0
0
0
0
0
0
0
0
0
0
0
0
0
0
0
0
0
0
0
0
0
0
0
0
0
-5.11609e-17
-1.97006e-15
-1.27578e-31
0
0
0
0
0
0
0
0
0
0
0
0
0
0
-7.87028e-14
-8.53764e-15
0
0
0
0
0
0
0
0
0
0
0
0
0
0
0
0
1.12814e-13
0
0
0
0
0
-3.02457e-16
0
0
0
0
0
0
0
0
0
0
0
0
0
0
0
0
0
0
0
0
4.32078e-15
1.61379e-29
0
0
0
0
0
0
0
0
0
0
0
0
2.51281e-16
0
0
0
0
0
0
0
0
1.64843e-16
2.53484e-16
0
0
2.13357e-18
0
-1.23288e-15
0
0
0
0
0
0
0
0
0
-1.39927e-16
0
0
0
0
0
0
0
0
0
0
0
0
0
0
0
0
0
0
0
0
0
0
0
0
0
0
0
0
0
0
0
0
0
0
0
0
0
0
0
0
0
0
0
0
0
0
0
0
0
0
0
0
0
0
0
0
0
2.38028e-14
0
0
0
0
0
0
9.08302e-17
2.32154e-17
7.53439e-15
8.59578e-17
0
0
0
0
0
0
0
0
0
0
0
0
0
0
0
0
0
0
0
0
0
0
0
0
0
0
0
0
0
0
0
0
0
0
0
0
0
-6.25921e-15
2.1424e-14
0
0
0
0
0
0
0
0
0
0
0
0
0
0
0
0
0
0
0
0
0
0
0
0
0
0
0
0
0
0
0
-1.79711e-15
1.17927e-14
0
0
0
0
0
0
0
0
0
0
-3.22615e-14
-3.24282e-14
0
0
0
1.15937e-15
0
1.42429e-16
0
0
0
0
0
0
0
0
0
0
0
0
0
0
0
0
0
0
0
0
0
0
0
0
0
0
0
0
0
0
-7.04548e-17
-2.17696e-17
1.81018e-16
-1.00657e-15
-1.06973e-15
0
0
0
0
0
0
0
0
0
0
0
0
0
0
0
0
0
0
0
0
0
0
0
0
0
0
0
0
0
0
0
0
0
0
0
0
0
0
0
0
0
0
0
0
0
0
0
0
0
2.54053e-17
-2.99272e-17
-8.55679e-18
0
0
0
0
0
0
0
0
-6.08303e-14
0
6.34383e-14
0
0
0
0
0
0
0
0
0
0
0
0
0
-1.05793e-15
0
0
0
0
0
0
0
-1.40009e-16
0
1.24293e-15
0
0
0
0
0
0
0
0
0
0
0
0
0
1.99876e-13
-3.62497e-14
0
0
0
0
0
0
1.03364e-15
0
4.16206e-17
0
0
9.22442e-16
-3.7903e-15
0
0
0
0
0
0
0
1.45371e-16
0
0
0
0
0
0
0
0
0
9.57025e-17
-1.14038e-15
0
1.0153e-13
-1.19671e-13
0
0
0
0
0
-5.4158e-15
0
0
0
0
0
0
0
0
0
0
0
0
0
0
0
-1.76324e-14
6.38133e-15
0
0
0
4.25815e-17
0
0
0
0
0
0
0
0
0
0
0
0
0
0
0
0
0
0
0
0
0
0
0
-2.03093e-15
0
0
0
0
0
0
0
0
0
1.05721e-16
-1.61763e-16
0
0
0
0
0
0
-4.72553e-14
1.70798e-14
0
0
0
0
0
0
0
0
0
0
0
0
0
0
0
0
0
0
0
6.69554e-18
0
0
0
0
0
0
0
0
-3.68167e-14
0
8.74987e-15
0
0
0
0
0
0
0
0
0
0
0
0
0
0
0
0
0
0
0
0
0
0
1.54548e-17
-1.01323e-15
6.70972e-17
0
0
0
0
0
0
0
0
0
-1.63847e-16
-4.10566e-16
6.42211e-15
2.09634e-14
1.9117e-15
0
0
-4.61203e-15
1.64238e-15
0
0
0
0
0
0
0
-4.47986e-16
0
0
0
0
0
0
0
0
0
-5.13315e-31
0
0
0
0
0
0
0
0
0
0
0
0
7.12249e-16
3.11851e-14
0
0
0
0
0
0
0
0
-4.40133e-17
1.11622e-15
0
0
0
0
0
0
0
0
0
0
0
0
0
0
0
0
0
0
0
0
0
0
0
0
0
0
0
0
0
0
0
0
0
0
0
0
0
0
0
0
0
0
0
0
0
0
0
0
0
0
0
0
0
0
0
0
0
0
1.27404e-16
0
0
0
1.85756e-14
0
-8.93588e-14
9.43136e-14
0
0
0
0
0
0
0
0
0
0
0
0
0
0
0
0
0
0
0
0
0
0
0
0
0
0
0
0
0
0
0
0
0
0
0
0
0
0
0
0
0
0
0
0
0
0
0
0
0
0
0
0
0
0
0
0
0
0
0
0
0
0
0
0
0
0
0
0
0
0
4.34873e-15
-6.00368e-33
0
0
0
0
0
0
0
0
0
0
-2.27069e-16
0
0
0
0
0
0
0
0
0
0
0
0
0
0
0
0
0
0
-6.20062e-15
0
0
0
0
0
0
0
1.26321e-14
0
0
0
0
0
0
0
0
0
0
0
-6.75412e-16
3.2875e-16
0
0
0
0
0
0
0
0
0
0
0
0
6.3305e-17
5.64407e-17
0
0
0
0
0
0
0
0
0
0
0
0
0
0
0
0
0
0
0
0
0
0
0
0
0
0
0
0
0
-5.5056e-17
0
0
0
0
0
0
0
0
0
0
0
0
0
2.66754e-17
-3.67898e-17
0
0
0
0
0
0
0
0
0
0
0
0
0
0
0
0
0
0
0
0
0
0
0
0
0
0
0
0
0
0
0
0
0
0
0
0
0
0
0
0
0
0
0
0
0
0
0
0
0
0
0
0
0
0
0
0
-1.31218e-15
0
0
0
0
0
0
0
0
0
0
0
0
0
0
0
0
0
0
0
7.76021e-17
0
0
0
0
0
0
0
0
0
0
0
0
0
0
0
0
0
0
0
0
0
0
0
0
0
0
0
0
0
0
0
0
0
-6.3482e-17
0
0
0
0
0
0
0
0
0
0
0
0
0
0
0
0
0
0
0
0
0
0
0
0
0
0
0
0
0
0
0
0
0
0
0
0
0
0
0
0
0
0
-9.85603e-16
0
0
0
0
0
0
0
0
0
0
0
0
0
0
0
0
0
0
0
0
0
0
0
0
1.09153e-15
1.21803e-15
-1.02406e-17
0
0
0
0
0
0
0
0
0
0
0
0
0
0
0
0
0
0
0
0
0
0
0
0
0
0
0
0
0
0
0
0
0
5.12363e-16
7.20001e-15
0
0
0
-1.85193e-15
0
0
0
0
0
0
0
0
0
-2.42073e-15
-1.93721e-17
1.35196e-17
0
0
-1.8704e-15
0
0
0
0
0
-2.30823e-15
-1.48154e-17
0
0
0
0
0
0
0
0
2.90031e-16
0
0
0
0
0
0
0
0
0
0
0
0
0
0
0
0
0
0
0
0
0
0
0
0
0
0
0
0
0
0
0
0
0
0
0
0
0
0
0
0
0
0
0
0
0
0
0
0
0
0
0
0
0
0
0
0
0
0
0
0
0
0
0
0
0
0
0
0
0
0
4.77892e-15
0
-4.35879e-14
0
0
0
0
0
0
0
0
0
0
0
0
0
0
0
0
0
3.89047e-14
0
-3.24679e-29
0
-3.33385e-17
0
0
0
-1.23702e-13
-3.94175e-14
0
-1.0841e-14
1.38728e-14
0
0
0
0
0
0
0
0
0
0
0
0
0
0
0
0
1.63906e-14
0
0
0
0
0
0
0
0
0
0
0
0
0
0
0
0
0
0
0
0
0
0
0
0
0
1.4572e-17
0
0
0
0
0
0
0
0
0
0
0
-3.83094e-17
-1.18932e-14
0
0
0
0
0
0
0
0
0
0
0
0
0
0
0
0
0
0
0
0
0
0
0
0
0
0
0
0
2.6145e-15
0
0
0
0
0
0
0
0
0
0
0
0
0
0
0
0
5.13315e-31
0
0
0
0
0
0
0
0
0
0
0
0
0
-3.74696e-15
1.08984e-15
0
0
0
0
1.42145e-14
-3.33744e-14
0
0
-1.87452e-17
0
0
8.71451e-17
0
0
0
0
0
0
0
0
0
0
0
0
0
0
0
0
0
0
0
0
0
0
0
0
-1.62389e-15
0
0
0
0
0
0
0
-4.14512e-15
0
0
0
0
0
0
0
0
0
0
0
2.60599e-16
0
0
0
0
0
0
0
0
0
0
0
0
0
0
0
0
0
0
0
0
0
0
0
0
0
0
0
0
0
0
0
0
0
0
0
0
0
0
0
0
0
0
0
0
0
0
0
0
0
0
0
0
-5.38539e-17
-1.46436e-15
-2.7663e-15
-4.14683e-16
0
0
0
0
0
0
0
0
0
0
0
0
0
0
0
0
0
0
0
0
0
0
0
0
0
0
0
0
0
0
0
0
0
0
0
0
0
0
0
0
0
0
0
0
0
0
0
0
0
0
0
0
0
0
0
-2.95369e-15
0
0
0
0
0
0
0
0
0
0
0
0
0
0
0
0
0
-6.47576e-16
-1.47032e-17
0
1.10931e-16
-1.50531e-15
0
0
0
0
0
0
1.94873e-15
0
-5.31369e-15
0
0
0
0
0
0
0
0
0
0
0
0
0
0
0
0
0
0
0
0
0
0
0
0
0
0
0
0
0
3.84951e-17
0
0
0
0
0
0
0
0
0
0
0
0
-6.5751e-15
0
0
0
0
0
0
0
0
0
0
0
0
0
0
0
0
0
0
0
0
0
0
0
0
0
0
0
0
0
-1.28701e-17
5.1938e-17
-1.30989e-17
-1.44023e-15
0
0
2.23365e-14
0
-3.98409e-14
0
0
0
0
0
0
0
0
0
0
0
0
0
0
0
0
0
0
0
-1.52634e-15
0
-5.1977e-16
0
0
0
0
0
0
0
0
8.62513e-17
0
1.52766e-15
0
-5.77277e-15
0
0
0
0
-6.3054e-17
0
0
0
0
-1.31291e-15
5.48705e-15
0
0
0
0
0
0
-2.80515e-14
1.08007e-13
0
0
0
0
0
0
0
0
0
0
0
0
0
0
0
0
0
0
0
0
0
0
0
0
0
0
0
0
0
0
0
0
0
0
0
0
0
0
8.26572e-14
0
6.05121e-14
0
0
0
0
0
0
0
0
0
0
0
0
0
0
0
0
0
0
0
0
0
0
0
0
0
0
0
0
0
0
0
0
0
0
0
0
0
0
-6.12336e-14
0
0
0
0
0
0
0
0
0
0
0
0
0
0
0
0
0
0
0
0
0
0
0
0
0
0
0
0
0
0
0
-4.30988e-17
5.88805e-17
6.33334e-15
0
0
0
0
0
0
0
0
0
0
0
0
0
0
0
0
0
0
0
0
-1.28436e-15
1.00377e-15
-1.42112e-15
0
0
7.02715e-17
-1.04834e-16
0
0
0
0
0
0
0
0
0
0
0
0
0
0
0
0
0
0
-7.20243e-16
-1.53053e-15
0
0
0
0
0
0
0
0
0
0
0
0
0
1.35818e-17
0
0
0
0
0
0
0
0
0
0
1.02331e-15
7.22862e-15
0
0
0
0
0
0
0
0
0
0
0
0
0
0
0
0
0
0
0
0
0
0
0
0
0
0
0
0
0
0
0
0
0
0
0
0
0
0
0
0
0
0
0
-1.26683e-13
0
0
-7.64197e-14
0
0
0
0
0
0
0
0
0
0
0
0
0
0
0
0
0
4.38517e-16
0
0
0
0
0
0
0
0
0
0
0
0
0
0
0
0
0
0
0
0
0
0
0
0
0
0
0
0
0
0
0
0
0
0
0
0
0
0
0
0
0
0
0
0
0
0
0
0
-1.80808e-15
3.28526e-17
0
0
0
0
0
0
0
0
0
0
0
0
0
0
0
0
0
0
0
0
0
0
0
1.35685e-14
0
0
0
0
0
0
0
0
0
0
0
0
-3.84415e-15
-1.71059e-16
0
0
0
0
0
0
0
0
0
0
0
0
0
0
0
0
0
0
0
-4.63546e-15
0
0
0
0
0
0
0
0
0
0
0
0
0
0
0
0
0
0
0
0
0
0
0
0
0
0
0
0
0
0
0
0
0
0
0
0
0
0
0
0
0
0
0
0
0
0
0
0
0
0
0
0
0
0
0
0
2.93332e-15
0
0
0
0
0
0
0
0
0
0
0
0
0
0
0
0
0
0
0
0
0
0
0
0
0
0
-3.40431e-15
-7.64203e-16
0
0
0
0
0
0
0
0
0
0
0
0
0
0
0
0
0
0
0
0
3.87739e-15
0
0
0
0
0
0
0
0
0
0
0
0
0
0
0
1.25006e-15
1.18565e-15
0
0
0
0
0
0
0
0
0
0
0
0
0
0
0
0
0
0
0
9.77795e-14
-8.07662e-14
0
0
0
0
0
0
0
0
0
0
0
0
0
0
0
0
0
0
0
0
0
0
0
0
0
0
0
0
0
0
0
0
0
0
0
0
-4.72396e-16
0
1.47124e-16
1.55039e-17
0
0
0
0
0
0
0
0
0
0
0
0
0
0
0
0
0
0
0
0
0
0
1.18636e-15
0
0
0
0
0
0
0
0
0
0
0
0
0
0
0
0
0
0
0
0
0
0
0
0
0
0
0
0
0
0
0
0
0
0
0
0
0
0
0
0
0
0
0
0
0
0
0
0
0
0
0
1.90705e-14
0
0
0
0
0
0
0
0
0
0
0
0
0
0
0
0
0
0
0
0
0
0
0
0
0
0
0
-1.77076e-14
0
0
0
0
0
0
0
0
0
0
0
0
0
0
0
0
0
0
0
0
-5.16317e-31
0
0
0
0
0
0
0
0
0
0
0
0
0
0
0
0
0
0
0
0
-1.61087e-15
0
0
-6.19244e-15
0
0
0
0
0
0
0
0
0
0
0
0
0
0
0
0
0
0
0
0
0
0
0
0
-5.48028e-17
0
0
0
0
0
7.36971e-14
0
-1.94993e-14
0
0
0
0
0
0
0
0
0
0
0
0
0
0
0
0
0
0
0
0
0
0
0
0
0
0
0
0
3.13469e-16
0
0
0
0
0
0
0
0
0
0
0
0
0
0
0
0
0
0
0
0
0
1.14379e-14
-6.32402e-17
8.9013e-16
0
0
0
0
0
0
0
0
0
0
0
0
0
0
1.16787e-14
-8.78895e-15
0
0
0
0
0
0
0
0
0
0
0
0
0
0
0
0
0
0
0
0
0
0
0
0
0
0
0
0
0
0
0
0
0
0
0
0
0
0
0
0
0
1.79683e-16
0
-6.22673e-17
0
0
0
0
0
0
0
0
0
0
0
0
0
0
0
0
0
0
0
0
0
0
0
-2.51447e-14
0
0
0
0
1.62929e-16
6.88194e-15
0
0
0
0
0
0
0
0
0
0
0
0
0
0
0
0
0
0
0
0
0
0
0
0
0
0
0
0
0
0
0
0
0
0
0
0
0
0
0
0
0
0
0
0
0
-1.43193e-17
-1.51843e-15
0
0
0
0
0
0
0
0
0
0
0
0
0
0
0
0
0
-1.85008e-14
-1.21337e-16
0
0
0
0
0
0
0
5.54816e-14
-3.70327e-14
0
0
0
0
0
0
0
0
0
0
0
0
0
0
0
0
0
0
0
0
0
0
0
0
0
0
0
0
0
0
0
0
0
0
0
0
0
0
0
0
0
0
0
0
0
0
0
0
0
0
0
0
0
0
0
0
0
0
0
0
0
0
0
0
0
0
-4.32782e-14
0
0
7.16201e-16
0
0
0
0
0
0
0
0
0
0
-3.85078e-16
0
0
0
0
0
0
0
0
3.29804e-17
-1.1578e-16
0
0
0
0
0
0
0
0
0
0
0
0
0
0
0
1.2116e-15
0
0
0
0
0
0
0
0
0
0
0
0
0
0
0
0
0
0
0
0
0
0
0
0
0
0
0
0
0
0
0
0
0
0
0
0
0
0
0
0
0
0
0
0
0
0
0
-8.29447e-16
0
0
0
0
0
1.07982e-15
0
0
0
0
0
0
0
0
0
0
0
0
0
0
0
0
0
0
0
0
0
0
0
0
0
0
0
0
0
0
0
0
0
0
0
0
0
0
0
0
0
0
0
0
0
0
0
0
0
0
0
0
0
0
0
0
0
0
0
1.21371e-14
0
0
0
0
0
0
-2.22454e-16
-4.55722e-15
0
0
0
0
0
0
0
0
0
0
0
0
0
0
0
0
0
0
0
0
0
0
0
0
0
0
0
0
0
0
0
0
0
0
0
0
0
0
0
0
0
0
0
0
0
0
0
0
0
9.25385e-14
-1.76623e-14
-1.01777e-13
0
0
0
0
0
0
0
0
0
0
0
0
0
0
0
-9.21226e-14
2.32688e-14
0
0
0
0
0
0
0
0
0
0
0
0
0
0
0
3.87201e-14
0
0
0
-5.01202e-16
-1.69588e-17
0
0
0
0
0
0
0
0
0
0
0
0
0
0
0
8.19301e-14
-3.55912e-14
0
0
0
0
0
0
4.10366e-14
0
0
0
0
0
0
0
0
2.68093e-15
0
0
0
0
0
0
0
0
0
0
0
0
0
0
0
0
0
0
0
0
0
0
0
0
0
0
0
0
0
0
0
0
0
0
0
0
0
0
0
0
3.58531e-14
-5.60235e-14
0
0
0
0
0
0
0
0
0
0
0
0
0
0
0
0
0
1.68427e-17
0
0
0
0
0
0
0
0
0
0
1.16983e-14
4.21657e-14
0
0
0
0
0
0
0
0
0
0
0
0
0
0
0
-4.43436e-14
0
0
0
0
0
0
0
0
0
0
-2.33058e-17
6.33054e-14
-7.64174e-16
-5.59749e-18
0
0
0
0
0
0
0
0
0
0
-1.34017e-14
0
-8.38005e-14
0
0
0
0
-2.24064e-14
0
0
0
0
0
0
0
0
0
0
0
0
0
0
0
0
0
0
0
0
0
0
0
0
0
0
0
0
0
0
1.07024e-15
-1.97033e-16
2.22221e-17
0
0
0
0
0
0
0
0
0
0
0
0
0
0
0
0
0
0
0
0
0
-1.19445e-14
0
0
0
0
0
0
0
0
0
0
0
0
0
0
0
0
0
0
0
0
1.87793e-14
-4.40894e-14
0
0
0
0
0
0
0
0
0
0
-1.28829e-31
0
0
0
-3.3628e-15
0
0
0
0
0
0
0
0
0
0
0
0
0
0
0
0
0
0
0
-4.77061e-15
0
0
1.06469e-15
0
0
0
0
2.06852e-14
4.32758e-14
0
0
0
0
0
0
0
0
0
0
0
0
0
0
0
0
0
0
0
0
0
0
0
0
0
0
0
0
0
0
4.40895e-14
6.94439e-14
0
0
0
0
0
0
0
0
0
0
0
-3.72134e-16
0
0
0
0
0
0
0
0
-4.83272e-17
0
0
0
-1.22788e-14
0
0
0
0
0
0
-3.08729e-15
-1.26856e-16
0
0
0
0
0
-2.08893e-15
2.10143e-15
0
0
0
0
2.44168e-14
0
0
0
0
0
0
0
0
0
0
0
0
0
0
0
0
0
0
0
0
0
0
0
0
0
0
0
0
0
0
3.06735e-16
0
0
0
0
0
0
2.67394e-16
0
0
0
0
0
0
0
0
0
0
0
0
0
0
0
0
0
0
0
0
0
0
0
0
0
0
0
0
-4.89496e-17
0
0
1.23236e-15
0
0
0
0
0
0
0
0
0
0
0
0
0
0
0
0
0
0
0
3.1495e-14
0
0
0
0
0
0
0
0
0
0
0
0
0
0
0
0
0
0
0
0
0
0
0
0
0
0
0
0
-3.36894e-14
0
3.84236e-31
0
0
0
0
0
0
0
0
0
0
0
0
0
0
0
0
0
0
0
0
0
0
0
0
0
0
0
0
0
0
0
0
0
0
0
0
0
0
0
0
0
0
0
-3.97403e-16
2.4895e-14
0
0
0
0
0
0
0
5.47536e-17
-3.91488e-17
-1.43272e-16
0
0
0
0
0
0
0
0
0
0
0
0
0
0
0
0
0
0
-1.2882e-14
0
0
0
0
0
0
0
0
0
0
0
0
0
0
0
0
0
0
0
0
0
0
0
0
0
0
0
0
0
0
0
0
0
0
0
0
0
0
0
0
0
0
0
0
0
0
3.68335e-14
0
-4.0955e-14
-3.23554e-14
-6.54564e-14
-5.87555e-15
0
0
0
0
-2.20342e-14
0
0
0
0
0
0
0
0
-8.77624e-14
0
0
0
0
0
0
0
0
0
0
0
0
0
-1.41982e-14
0
0
0
0
0
0
0
0
0
0
-8.46869e-14
0
0
0
0
0
0
0
0
0
0
0
0
0
0
0
0
0
0
0
0
0
0
0
0
0
0
0
0
0
-9.2429e-17
4.46422e-16
0
0
0
0
0
1.70608e-15
0
0
0
0
0
0
-1.10669e-16
0
0
0
0
0
0
0
0
0
0
0
0
0
0
0
0
0
0
0
0
0
0
3.00721e-16
0
0
4.03447e-30
0
0
0
0
0
0
0
0
0
0
0
0
0
0
0
0
0
0
0
0
0
0
0
-1.53694e-30
0
0
0
0
0
0
0
0
0
0
0
0
0
0
0
0
0
0
0
0
0
-8.42514e-18
7.99756e-17
-1.98933e-16
0
0
0
0
0
0
0
0
0
0
0
0
0
0
0
0
0
0
0
0
0
0
0
0
0
0
0
0
0
0
0
0
0
0
0
0
0
0
0
0
0
0
0
0
0
0
0
0
0
0
0
2.38501e-14
0
5.56039e-14
0
0
0
0
0
0
0
0
0
0
0
0
0
0
-1.55598e-14
0
0
0
0
0
0
1.63641e-16
-1.17029e-16
0
0
0
0
0
0
0
0
0
0
0
0
0
0
0
8.18902e-30
0
0
0
0
0
0
0
0
0
0
0
0
0
0
0
0
0
0
0
0
0
0
0
0
0
0
0
0
0
0
0
0
0
0
0
0
0
0
0
0
0
0
0
0
0
0
0
0
0
0
0
0
0
0
0
0
0
0
-2.69342e-14
0
0
0
0
0
0
0
0
0
0
0
0
0
0
0
-1.61969e-17
1.68898e-17
0
0
0
0
0
0
0
0
0
0
0
0
0
0
0
0
0
0
0
0
0
0
0
0
0
0
0
0
0
0
0
0
0
0
0
0
0
0
0
0
0
0
0
0
0
0
0
0
0
0
0
0
0
0
0
0
0
0
0
0
0
0
0
0
0
0
0
0
0
0
0
0
0
0
0
0
0
0
0
0
0
0
0
0
0
0
0
0
0
0
0
0
0
0
0
0
0
0
0
0
0
0
0
0
0
0
0
0
0
0
0
0
0
1.49376e-15
1.15063e-15
0
0
0
0
0
0
0
0
0
0
0
0
0
0
0
0
0
0
0
0
0
0
0
0
0
-1.14436e-14
-7.93837e-15
0
0
0
0
0
0
0
0
0
0
0
0
0
0
0
0
0
0
0
0
0
0
0
0
0
0
0
0
0
0
0
0
0
0
0
0
0
0
0
-5.22876e-16
0
0
0
0
0
0
-9.42708e-15
0
0
0
0
0
0
0
0
0
0
0
0
0
0
0
0
0
0
0
0
0
0
0
0
0
0
0
0
0
0
0
0
0
0
0
0
0
0
0
0
0
0
0
0
0
0
0
0
0
0
0
0
0
0
0
0
0
0
0
0
0
0
0
0
0
0
0
0
0
0
0
0
0
0
0
0
0
0
0
0
0
0
0
0
0
0
0
0
0
0
0
0
0
0
0
0
0
0
0
0
0
0
0
0
2.12272e-17
0
0
0
0
0
0
0
0
0
0
0
0
0
0
0
0
8.20558e-16
0
0
0
0
-5.72998e-14
0
0
0
0
0
0
0
0
0
0
0
0
0
0
0
0
0
0
0
0
0
0
0
0
0
0
0
0
0
0
0
0
0
0
1.54858e-15
0
0
0
0
0
0
0
0
0
0
0
0
0
0
0
0
0
0
0
0
0
0
0
0
0
0
0
0
0
0
0
0
0
0
0
0
0
0
0
0
0
0
0
0
0
0
0
0
0
-7.13879e-16
5.7406e-16
0
0
0
0
0
0
0
0
0
0
0
0
0
0
0
0
0
0
0
0
0
0
0
0
0
0
0
0
0
0
0
0
0
0
0
0
0
0
0
0
0
0
0
0
0
0
0
0
0
0
0
0
0
0
0
0
0
0
0
0
0
0
0
0
0
0
0
0
0
0
0
0
0
0
0
0
0
8.10594e-17
-2.24982e-17
0
0
0
0
0
0
0
0
0
0
0
0
0
0
0
0
0
0
0
0
0
0
0
0
0
0
0
0
0
0
0
0
0
0
0
0
0
0
0
0
0
0
0
0
0
0
0
0
0
0
0
0
0
0
0
-5.9016e-16
0
1.5309e-15
0
0
0
0
0
0
0
0
0
0
0
0
0
0
0
0
0
0
0
0
0
0
0
0
0
0
0
0
0
0
0
0
0
0
0
0
0
0
0
0
0
0
0
0
0
0
0
0
0
0
0
0
0
0
1.58557e-15
0
0
0
0
0
0
0
0
0
0
0
0
0
0
0
0
0
0
0
0
0
0
0
0
0
0
0
0
0
0
0
0
0
0
0
0
0
0
0
0
0
0
0
0
1.18936e-16
-2.44365e-16
0
0
0
0
0
0
0
0
0
0
0
0
0
0
0
0
0
0
0
0
0
-1.60907e-15
1.46357e-15
0
0
0
0
0
0
0
2.42454e-16
0
0
0
0
0
0
0
0
0
0
0
0
0
0
0
4.95577e-15
0
0
0
0
0
0
0
0
0
0
0
0
0
0
0
0
0
0
0
0
0
0
0
0
0
0
0
0
0
0
0
0
0
0
0
0
0
0
0
0
0
0
0
1.76129e-16
2.27173e-17
0
0
0
0
0
0
0
0
0
0
0
0
0
0
0
0
0
0
0
0
0
0
0
0
0
0
0
0
0
0
0
0
0
0
0
0
0
0
0
0
0
0
0
0
0
0
0
0
0
0
0
-3.13123e-16
0
0
0
0
0
0
0
0
0
0
0
0
0
0
0
0
0
0
0
0
0
0
0
0
0
0
0
0
0
0
0
0
0
0
0
0
0
0
0
0
0
0
0
0
0
0
0
0
0
0
0
9.57466e-18
2.39046e-17
0
0
0
0
0
0
0
0
0
0
0
0
0
0
0
0
0
0
0
0
0
0
0
0
0
0
0
0
0
0
0
0
0
0
0
0
0
0
0
0
0
0
0
0
0
0
0
0
0
0
0
0
0
-3.48455e-17
0
2.48954e-17
0
0
0
0
0
0
0
0
0
0
0
0
1.14701e-14
0
0
0
0
0
0
0
0
0
0
0
0
0
0
0
0
0
0
0
0
0
0
0
0
0
0
0
0
0
0
0
0
-9.02672e-18
0
1.92866e-17
0
0
0
0
0
0
0
0
0
0
0
0
0
0
0
0
0
0
0
0
0
0
0
0
0
-1.3064e-28
-1.31766e-14
0
0
0
0
0
0
-2.30008e-16
2.34698e-15
0
0
0
0
0
0
0
0
0
0
0
0
0
0
0
0
0
0
0
0
0
0
0
0
0
0
0
0
0
0
0
0
0
0
0
0
0
0
0
0
0
0
0
0
0
0
4.1023e-14
1.01575e-13
0
0
0
0
0
0
0
0
0
0
0
9.77124e-15
0
1.51333e-15
0
0
0
0
0
0
0
4.03016e-14
0
-1.8412e-14
0
0
0
0
0
0
0
0
0
0
0
0
0
0
0
0
0
0
-3.64209e-14
0
0
0
0
0
0
0
0
0
0
0
0
0
0
0
0
0
0
0
0
0
0
0
0
0
0
0
0
0
0
0
0
0
0
0
0
0
0
0
0
0
0
0
0
0
0
0
0
0
0
0
0
0
0
0
0
0
0
0
0
0
0
0
0
0
0
0
0
0
0
0
0
0
0
0
0
0
0
0
0
0
0
0
0
0
0
0
0
0
0
0
0
0
0
0
0
0
0
0
0
0
0
0
0
2.13051e-16
-6.58215e-15
-8.61805e-15
0
0
0
1.658e-16
0
0
0
0
0
0
0
0
0
0
0
0
0
0
0
0
0
0
0
0
0
0
0
0
0
0
4.63854e-17
-1.2381e-13
0
0
0
0
0
0
0
0
0
0
0
0
0
0
0
0
0
0
0
0
0
0
0
0
0
0
0
0
0
0
0
0
0
0
0
0
0
0
0
-1.17155e-16
0
0
0
0
0
0
0
0
0
0
0
0
0
0
0
0
0
0
0
0
0
0
0
0
0
1.17222e-16
-1.63682e-16
0
0
0
0
0
0
0
0
0
0
0
0
0
0
0
0
0
0
0
0
0
0
0
2.8667e-15
0
5.52934e-15
0
0
0
8.67856e-16
0
0
0
0
0
0
0
0
0
0
0
0
0
0
0
0
0
0
0
0
0
0
0
0
0
0
0
0
0
0
0
0
0
0
0
0
0
0
0
0
0
0
0
0
0
4.0825e-30
0
-2.53534e-14
0
0
0
0
0
0
0
0
0
0
0
0
0
0
0
0
0
0
0
0
0
0
0
0
0
0
0
0
0
0
0
0
1.63102e-15
0
0
0
0
0
0
0
0
0
0
0
0
0
0
0
0
0
3.14703e-16
0
0
0
0
-7.87278e-17
0
0
0
0
0
0
0
0
0
0
0
0
0
0
1.04552e-14
0
0
0
0
0
0
0
0
0
0
0
0
0
0
0
0
0
0
0
0
0
0
0
0
0
0
0
0
0
0
0
0
0
0
0
0
0
0
0
0
0
0
0
0
0
0
0
0
0
0
0
0
0
0
0
0
0
0
0
0
0
0
0
0
0
0
0
0
0
0
0
0
0
0
0
0
0
0
0
0
0
0
0
0
0
0
0
0
0
0
0
0
0
0
0
0
0
0
0
0
0
0
0
0
0
0
0
0
0
0
0
0
0
0
0
0
1.25461e-15
0
0
0
0
0
0
0
0
0
0
0
0
0
0
0
0
0
0
0
0
0
0
0
0
0
0
0
0
0
0
0
0
0
0
0
0
0
0
0
0
0
0
0
0
0
0
0
0
0
0
0
0
0
0
0
0
0
0
0
0
0
0
0
0
0
0
0
0
0
-1.6149e-14
0
0
0
0
0
0
0
0
0
0
0
0
0
0
0
0
0
0
0
0
-2.31998e-14
-4.17364e-14
0
0
0
0
0
0
0
0
0
0
0
0
0
0
0
0
0
0
0
0
0
0
0
0
0
0
0
0
0
0
0
0
0
0
0
0
0
0
0
0
0
0
0
0
0
0
0
0
0
0
0
0
0
0
0
0
0
0
0
0
0
0
0
0
0
0
0
0
0
0
0
0
0
0
0
0
0
0
0
0
0
0
0
0
0
0
0
0
0
0
0
0
0
0
0
0
0
0
0
0
0
0
0
0
0
0
0
0
0
0
0
0
0
0
0
0
0
1.34687e-16
4.15085e-17
0
0
0
0
0
0
0
0
0
0
0
0
0
0
0
0
0
0
0
0
0
0
0
0
0
0
0
0
0
0
0
0
0
0
0
0
0
0
0
0
0
0
0
0
0
0
0
-1.49923e-16
9.3342e-18
0
0
0
0
0
0
0
0
0
0
0
0
0
0
0
0
0
0
0
0
0
0
0
0
0
0
0
0
0
0
0
0
0
0
0
0
0
0
0
0
0
0
0
0
0
-1.10497e-13
0
-1.86296e-14
0
0
0
0
0
0
0
0
0
0
0
0
0
0
0
0
0
0
0
0
0
0
0
0
0
0
8.04462e-14
0
0
0
0
0
0
0
0
1.00061e-14
0
0
0
0
0
0
7.88249e-14
0
0
0
0
0
0
0
0
0
0
0
9.82407e-17
-3.9717e-16
0
0
0
0
0
0
0
0
0
2.39026e-16
-2.15726e-16
0
0
0
0
0
3.25339e-14
0
0
0
0
0
0
0
0
0
0
-2.85153e-16
-8.1849e-17
0
0
0
0
0
0
0
0
0
0
0
0
0
0
0
0
0
0
0
0
0
0
2.02468e-16
0
0
0
0
0
0
0
0
0
0
0
0
0
0
0
0
0
0
0
0
0
0
0
0
-2.82164e-14
0
2.904e-14
0
0
0
0
0
0
0
0
0
0
0
0
0
0
0
0
0
0
0
0
0
0
0
-2.27972e-16
0
0
0
0
0
0
0
0
0
0
0
0
0
0
0
0
0
0
0
0
0
0
0
0
0
0
0
0
0
0
0
0
0
0
0
0
0
0
0
0
0
0
0
0
0
0
0
0
4.12144e-14
0
0
0
0
0
0
-1.57941e-16
0
4.64765e-17
0
0
0
0
0
0
0
0
0
0
0
0
0
0
0
0
0
0
0
0
0
0
0
0
0
0
0
0
0
0
0
0
0
0
0
0
0
0
0
0
0
0
-4.68595e-15
0
0
0
0
0
-2.97958e-17
-7.27756e-17
0
0
-3.11145e-14
-1.0539e-14
0
1.02463e-30
0
0
0
0
0
0
0
0
0
0
0
0
0
0
0
0
0
0
0
0
0
0
0
0
1.54234e-14
0
0
0
0
0
0
0
0
0
0
0
0
0
0
0
0
0
0
0
0
-5.64724e-16
-8.68671e-14
0
0
0
0
0
0
0
0
0
0
0
0
0
0
0
0
0
0
0
0
0
0
0
0
0
0
0
0
0
0
0
0
0
0
0
0
0
0
0
0
0
0
0
0
0
0
0
0
0
0
0
0
0
0
0
0
0
0
0
0
0
0
0
0
0
0
0
0
0
0
0
0
0
0
0
0
0
0
0
0
0
0
0
0
0
0
0
0
0
0
0
0
0
0
0
0
0
0
0
0
0
0
0
0
0
0
0
0
0
0
0
0
0
0
0
0
0
0
0
0
0
0
0
0
0
0
0
0
0
0
0
0
0
0
0
0
0
0
0
0
0
0
0
0
0
0
0
0
0
0
0
0
0
0
0
0
0
0
0
0
0
0
0
0
0
0
0
0
0
0
5.55505e-14
-4.18628e-14
0
0
0
0
0
0
0
0
0
0
0
0
0
0
0
0
0
0
0
0
0
0
0
0
0
0
0
0
0
0
0
0
0
0
0
0
0
0
0
0
0
0
0
0
0
0
0
0
0
0
0
0
0
0
0
0
0
-2.75319e-14
-4.50298e-14
0
0
0
0
0
0
0
0
0
0
0
0
0
0
0
0
0
0
0
0
0
0
3.42034e-14
0
0
0
0
0
0
-4.12619e-14
-3.99062e-14
0
0
0
0
0
0
0
0
0
0
0
0
0
0
0
0
0
0
0
0
0
0
0
0
0
0
0
0
0
0
0
0
0
0
0
0
0
0
0
0
0
0
0
0
0
0
0
0
0
0
0
0
0
0
0
0
0
0
0
0
0
0
0
0
0
0
-2.56561e-15
0
0
0
0
0
0
0
0
0
0
0
0
0
0
0
0
0
0
0
0
0
0
0
0
0
0
0
0
0
0
0
0
0
0
0
0
0
0
0
0
0
0
0
0
0
0
0
0
0
0
0
0
0
0
0
0
0
0
0
0
0
0
0
0
0
0
0
0
0
0
0
0
0
0
0
0
0
0
0
0
0
0
0
0
0
0
0
0
0
0
0
0
0
0
0
0
0
0
0
0
0
0
0
0
0
0
0
0
0
0
-1.54349e-17
0
0
0
-6.27786e-14
0
0
0
0
0
0
0
0
0
0
0
0
0
0
0
0
0
0
0
0
0
0
0
0
0
0
0
0
0
0
3.25319e-29
0
0
0
1.84001e-15
0
0
0
0
0
0
0
0
0
0
0
0
0
0
0
0
0
0
0
0
0
0
0
0
0
0
0
0
0
0
0
0
0
0
0
0
0
0
0
0
-3.05235e-14
0
0
0
0
0
0
0
0
0
0
0
0
0
-1.28028e-30
0
0
0
0
0
0
0
0
0
0
0
0
0
0
0
0
0
0
0
0
0
0
0
0
0
-1.18086e-14
4.91275e-14
0
0
0
0
0
0
0
0
0
0
0
0
0
0
0
0
0
0
0
0
0
0
0
0
0
0
0
0
0
0
0
0
0
0
0
0
0
0
0
0
0
0
-4.12429e-14
0
0
0
0
0
0
0
0
0
0
0
0
0
0
0
0
0
0
0
0
0
0
0
0
0
0
0
0
0
0
0
0
-8.41885e-14
0
0
0
0
0
0
0
0
0
0
0
0
0
0
0
0
0
0
0
0
0
0
0
0
0
0
0
0
0
0
0
0
0
0
0
0
0
0
3.76574e-14
3.09992e-14
0
0
0
0
0
0
0
0
0
0
0
0
0
0
0
0
0
0
0
0
0
0
0
0
0
0
0
0
0
0
0
0
0
0
0
0
0
0
0
0
0
0
0
0
0
0
0
0
0
0
0
0
0
0
0
0
0
0
0
0
0
0
-4.65362e-16
6.45775e-16
0
0
0
0
0
0
0
0
0
0
0
0
0
0
0
0
0
0
0
0
0
0
0
0
0
0
0
0
0
0
0
0
0
0
0
0
0
0
0
0
0
0
0
0
0
0
0
0
0
0
0
1.81043e-15
0
0
0
0
0
0
0
0
0
0
0
0
0
0
0
0
0
0
0
0
0
0
0
0
0
0
0
0
0
0
0
0
0
0
0
0
0
0
0
0
0
0
0
0
0
0
0
0
0
0
0
0
0
0
0
0
0
0
0
0
0
0
0
0
0
0
0
0
-1.80784e-15
0
0
0
0
0
0
0
0
0
0
0
0
0
0
0
0
0
0
0
0
0
0
0
0
0
-4.06358e-14
0
0
0
0
0
-3.94078e-15
0
0
0
0
0
0
0
0
0
0
0
0
0
0
0
0
0
0
0
0
0
0
0
0
0
0
0
0
0
0
0
0
0
0
0
0
0
0
0
0
0
0
0
0
0
0
0
0
0
0
0
0
0
0
0
0
0
0
0
0
0
0
0
0
0
0
0
0
0
0
0
0
0
0
0
0
0
0
0
0
0
0
0
0
0
0
0
0
0
0
0
0
0
0
0
0
0
0
0
0
0
0
0
0
0
0
0
0
0
0
0
0
0
0
0
0
0
0
0
0
0
0
0
0
0
0
0
0
0
0
0
0
0
0
0
0
0
0
0
0
0
0
4.94809e-16
0
-1.19083e-16
0
0
0
0
0
0
0
0
0
0
0
0
0
0
0
0
0
0
0
0
0
0
0
0
0
0
0
0
0
0
0
0
0
0
0
0
-1.34283e-15
0
0
0
0
0
0
0
0
0
0
0
0
0
0
0
0
0
0
0
0
0
0
0
0
0
0
0
0
0
0
0
0
0
0
0
0
0
0
0
0
0
0
0
0
0
0
0
0
0
0
0
0
0
0
0
0
0
0
0
0
0
0
0
0
0
0
0
0
0
0
0
0
0
0
0
0
0
0
0
0
0
0
0
0
0
0
0
0
0
0
0
0
0
0
0
0
0
0
0
0
0
0
0
0
0
0
0
0
0
0
0
0
0
0
0
0
0
0
0
0
0
0
0
0
0
0
0
0
0
0
0
0
0
3.9481e-17
0
-2.68625e-17
0
0
0
0
0
0
0
0
0
0
0
0
0
0
0
0
0
0
0
0
0
0
0
0
0
0
0
0
0
0
0
0
0
0
0
0
0
0
0
0
0
0
0
0
0
0
0
0
0
0
0
0
0
0
0
0
0
0
0
0
0
0
0
0
0
0
0
0
0
0
0
0
0
0
0
0
0
0
0
0
0
0
0
0
0
0
0
0
0
0
0
0
0
0
0
0
0
0
0
0
0
0
0
0
0
0
0
0
0
0
0
0
0
0
0
0
0
0
0
0
0
0
0
0
0
0
0
0
0
0
0
0
0
0
0
0
0
0
0
0
0
0
0
0
0
0
0
0
0
2.99266e-16
0
0
0
0
0
0
0
0
0
0
4.26459e-17
2.25694e-16
0
0
0
0
0
0
0
0
0
4.52973e-16
0
0
0
0
0
0
0
0
0
0
0
0
0
0
0
0
0
0
0
0
0
0
0
0
0
0
0
0
0
0
0
0
0
0
0
0
0
0
0
0
0
0
0
0
0
0
0
0
0
0
0
0
0
0
0
0
0
0
0
0
0
0
0
0
0
-2.10567e-15
0
1.47211e-15
0
0
0
0
0
0
0
0
0
0
0
0
0
0
0
0
0
0
0
0
0
0
0
0
0
0
0
0
0
0
0
0
0
0
0
0
0
0
0
0
0
2.2148e-16
1.63063e-16
0
0
0
0
0
0
4.15997e-17
0
0
0
0
0
0
0
0
0
0
0
0
0
0
0
0
0
0
0
0
0
0
0
0
0
0
0
0
0
0
0
0
0
0
0
0
0
0
0
0
0
0
0
0
0
0
0
0
0
0
0
0
0
0
0
0
0
0
0
0
0
0
0
0
0
0
0
0
0
0
0
0
0
0
0
0
0
0
0
0
0
0
0
0
0
0
0
0
0
0
0
0
0
0
0
0
0
0
0
0
0
0
0
0
0
0
0
0
0
0
0
0
0
0
0
0
0
0
0
0
0
0
0
0
0
0
0
0
0
0
0
0
0
0
0
0
0
0
0
0
0
0
0
0
0
0
0
0
0
0
0
0
0
0
0
0
0
0
0
0
0
0
0
0
0
0
0
0
0
0
0
0
0
0
0
0
0
0
0
0
0
0
0
0
0
0
0
0
0
0
-4.79007e-17
0
0
0
0
0
0
0
0
0
0
0
0
0
0
0
0
0
0
0
0
0
0
0
0
0
0
0
0
0
0
0
0
0
0
0
0
0
2.47286e-17
-3.29259e-16
0
0
0
0
0
0
0
0
0
0
0
0
0
0
0
0
0
0
0
0
0
0
0
0
0
0
0
0
0
0
0
0
0
0
0
0
0
0
0
0
0
0
0
0
0
0
0
0
0
0
0
0
0
0
0
0
0
0
0
0
0
0
0
0
0
0
0
0
0
0
0
0
0
0
0
0
0
0
0
0
0
0
0
0
0
0
0
0
0
0
0
0
0
0
6.41195e-14
0
0
0
0
0
0
0
0
0
0
0
0
0
0
0
0
0
0
0
0
0
0
0
0
0
0
0
0
0
0
0
0
0
0
0
0
0
0
0
0
0
0
0
0
0
0
0
0
0
0
0
0
0
0
0
0
0
0
0
0
0
0
0
0
0
0
0
0
0
0
0
0
0
0
0
0
0
0
0
0
0
0
0
0
0
0
0
0
0
0
0
0
0
0
0
0
0
0
0
0
0
0
0
0
0
0
0
0
0
0
0
0
0
0
0
0
0
0
0
0
0
0
0
0
0
0
0
0
0
0
0
0
0
0
0
0
0
0
0
0
0
0
0
0
0
0
0
0
0
0
0
0
0
0
0
0
0
0
0
0
0
0
0
0
0
0
0
0
0
0
0
0
0
0
0
0
0
0
0
0
0
0
0
0
0
0
0
0
0
0
0
0
0
0
0
0
0
0
0
0
0
0
0
0
0
0
0
0
0
0
0
0
0
0
0
0
0
0
0
0
0
0
0
0
0
0
0
0
0
0
0
0
0
0
0
0
0
0
0
0
0
0
0
0
0
0
0
0
0
0
0
0
0
0
0
0
0
0
0
0
0
0
0
0
0
0
0
0
0
0
0
0
0
0
0
0
0
0
0
0
0
0
0
0
0
0
0
0
0
0
0
0
0
0
0
0
0
0
0
0
0
0
0
0
0
0
0
0
0
0
0
0
0
0
0
0
0
0
0
0
0
0
0
0
0
0
0
0
0
0
0
0
0
0
0
0
0
0
0
0
0
0
0
0
0
0
0
0
0
0
0
0
0
0
0
0
0
0
0
0
0
0
0
0
0
0
0
0
0
0
0
0
0
0
0
0
0
0
0
0
0
0
0
0
0
0
0
0
0
0
0
0
0
0
0
0
0
0
0
0
0
0
0
0
0
0
0
0
0
0
0
0
0
0
0
0
0
0
0
0
0
0
0
0
0
0
0
0
0
0
0
0
0
0
0
0
0
0
0
0
0
0
0
0
0
0
0
0
0
0
0
0
0
0
0
0
0
0
0
0
0
0
0
0
0
0
0
0
0
0
0
0
0
0
0
0
0
0
0
0
0
0
0
0
0
0
0
0
0
0
0
0
0
0
0
0
0
0
0
0
0
0
0
0
0
0
0
0
0
0
0
0
0
0
0
0
0
0
0
0
0
0
0
0
0
0
0
0
0
0
0
0
0
0
0
0
0
0
0
0
0
0
0
0
0
0
0
0
0
0
0
0
0
0
0
0
0
0
0
0
0
0
0
0
0
0
0
0
0
0
0
0
0
0
0
0
0
0
0
0
0
0
0
0
0
0
0
0
0
0
0
0
0
0
0
0
0
0
0
0
0
0
0
0
0
0
0
0
0
0
0
0
0
0
0
0
0
0
0
0
0
0
0
0
0
0
0
0
0
0
0
0
0
0
0
0
0
0
0
0
0
0
0
0
0
0
0
0
0
0
0
0
0
0
0
0
0
0
0
0
0
0
0
0
0
0
0
0
0
0
0
0
0
0
0
0
0
0
0
0
0
0
0
0
0
0
0
0
0
0
0
0
0
0
0
0
0
0
0
0
0
0
0
0
0
0
0
0
0
0
0
0
0
0
0
0
0
0
-5.70855e-14
-4.58454e-15
0
0
0
0
0
0
0
0
0
0
0
0
0
0
0
0
0
0
0
0
0
0
0
0
0
0
0
0
0
0
0
0
0
0
0
0
0
0
0
0
0
0
0
0
0
0
0
0
0
0
0
0
0
0
0
0
0
0
0
0
0
0
0
0
0
0
0
0
0
0
0
0
0
0
0
0
0
0
0
0
0
0
0
0
0
0
0
0
0
0
0
0
0
0
0
0
0
0
0
0
0
0
0
0
0
0
0
0
0
0
0
0
0
0
0
0
0
0
0
0
0
0
0
0
0
0
0
0
0
0
0
0
0
0
0
0
0
0
0
0
0
0
0
0
0
1.04665e-17
0
0
0
0
0
0
0
0
0
0
0
0
0
0
0
0
0
0
0
0
0
0
0
0
0
0
0
0
0
0
0
0
0
0
0
0
0
0
0
0
0
0
0
0
0
0
0
0
0
0
0
0
0
0
0
0
0
0
0
0
0
0
0
0
0
0
0
0
0
0
0
0
0
0
0
0
0
0
0
0
0
0
0
0
0
0
0
0
0
0
0
0
0
0
0
0
0
0
0
0
0
0
0
0
0
0
0
0
0
0
0
0
0
0
0
0
0
0
0
0
0
0
0
0
0
0
0
0
0
0
0
0
0
0
0
0
0
0
0
0
0
0
0
0
0
0
0
0
0
0
0
0
0
0
0
0
0
0
0
0
0
0
6.09722e-14
0
0
0
0
0
0
0
0
0
0
0
0
0
0
0
0
0
0
0
0
0
0
0
0
0
0
1.06826e-17
0
0
0
0
0
0
0
0
0
0
0
0
0
0
0
0
0
0
0
0
0
0
0
0
0
0
0
0
0
0
0
0
0
0
0
0
0
0
0
0
0
0
0
0
0
0
0
0
0
0
0
0
0
0
0
0
0
0
0
0
0
0
0
0
0
0
0
0
0
0
0
0
0
0
0
0
0
0
0
0
0
0
0
0
0
0
0
0
0
0
0
0
0
0
0
0
0
0
0
0
0
0
0
0
0
0
0
0
0
0
0
0
0
0
0
0
0
0
0
0
0
0
0
0
0
0
0
0
0
0
0
0
0
0
0
0
0
0
0
0
0
0
0
0
0
0
0
0
0
0
0
0
0
0
0
0
0
0
0
0
0
0
0
0
0
0
0
0
0
0
0
0
0
0
0
0
0
0
0
0
0
0
0
0
0
0
0
0
0
0
0
0
0
0
0
0
0
0
0
0
0
0
0
0
0
0
0
0
0
0
0
0
0
0
0
0
0
0
0
0
0
0
0
0
0
0
0
0
0
0
0
0
0
0
0
0
0
0
1.40616e-14
1.20228e-15
0
0
0
4.74273e-14
0
0
0
0
0
0
0
0
0
0
0
0
0
0
0
0
0
0
0
0
0
0
0
0
0
0
0
0
0
0
0
0
0
0
0
0
0
0
0
0
0
-2.09945e-15
0
0
0
0
0
0
0
0
0
0
0
0
0
0
0
0
0
0
0
0
0
0
0
0
0
0
0
0
0
0
0
0
0
0
0
0
0
0
0
0
0
0
0
0
0
0
0
0
0
0
7.28041e-15
0
0
0
0
0
0
0
0
0
0
0
0
0
0
0
0
0
0
0
0
0
0
0
0
0
0
0
0
0
0
0
0
0
0
0
0
0
0
0
0
0
0
0
0
0
0
0
0
0
0
0
0
0
0
0
0
0
0
0
0
0
0
0
0
0
0
0
0
0
0
0
0
0
0
0
0
0
0
0
0
0
0
0
-2.62497e-15
0
0
0
0
0
0
0
0
0
0
0
0
0
0
0
0
0
0
0
0
0
0
0
0
0
0
5.65178e-14
1.9792e-15
0
0
0
0
0
0
0
0
0
0
0
0
0
0
0
0
0
0
0
0
0
0
0
0
0
0
0
0
0
0
0
0
0
0
0
0
0
0
0
0
0
0
0
0
0
0
0
0
0
0
0
0
0
0
0
0
0
0
0
0
0
0
0
0
0
0
0
0
0
0
0
0
0
0
0
0
0
0
0
0
0
0
0
0
0
0
0
0
0
0
0
0
0
-1.5028e-17
0
0
0
0
0
0
0
0
0
0
0
0
0
0
0
0
0
0
0
0
0
0
0
0
0
0
0
0
0
0
0
0
0
0
0
0
0
0
0
0
0
0
0
0
0
0
0
0
0
0
0
0
0
0
0
0
0
0
0
0
0
0
0
0
0
0
0
0
0
0
0
0
0
0
0
0
0
0
0
0
0
0
0
0
0
0
0
0
0
0
0
0
0
0
0
0
0
0
0
0
0
0
0
0
0
0
0
0
0
0
0
0
0
-2.52069e-15
7.35714e-16
0
0
0
0
0
0
0
0
0
0
0
0
0
0
0
0
0
0
0
0
0
0
0
0
0
0
0
0
0
0
0
0
0
0
0
0
0
0
0
0
0
0
0
0
0
0
0
0
0
0
0
0
0
0
0
0
0
0
0
0
0
0
0
0
0
0
0
0
0
0
0
0
0
-7.51789e-14
0
0
0
0
0
0
0
0
0
0
0
0
0
0
0
0
0
0
0
0
0
0
0
0
0
0
0
0
0
0
0
0
0
0
0
0
0
0
0
0
0
0
0
0
0
0
0
0
0
0
0
0
0
0
0
0
0
0
0
0
0
0
0
0
0
0
0
0
0
0
0
0
0
0
0
0
0
0
0
0
0
0
0
0
0
0
0
0
0
0
0
0
0
0
0
0
0
0
0
0
0
0
0
0
0
0
0
0
0
0
0
0
0
0
0
0
0
0
0
0
0
0
0
0
0
0
0
0
0
-2.98857e-16
0
0
0
0
0
0
0
0
0
0
0
0
0
0
0
0
0
0
2.38921e-15
0
0
0
0
0
0
0
0
0
0
0
0
0
0
0
0
0
0
0
0
0
0
0
0
0
0
0
0
0
0
0
0
0
0
0
0
1.30699e-15
0
0
0
0
0
0
0
0
0
0
0
0
0
0
0
0
-1.20703e-16
-5.26057e-16
-4.26977e-16
0
0
0
0
0
0
0
0
0
0
0
0
0
0
2.82405e-14
0
0
0
0
0
0
0
0
3.7727e-17
-3.92317e-17
-7.69526e-15
0
0
0
0
0
0
0
0
0
0
0
0
0
0
0
0
0
0
0
0
0
0
0
0
0
0
0
0
0
0
0
0
0
0
0
0
0
0
0
0
0
0
0
0
0
0
0
0
0
0
0
0
0
0
0
0
0
0
0
0
0
4.79484e-15
0
0
0
0
0
0
0
0
0
0
0
0
0
0
0
0
0
0
0
0
0
0
0
0
0
0
0
0
0
0
0
0
0
0
0
0
0
0
0
0
0
0
0
2.67906e-14
0
0
0
0
0
0
0
0
0
0
0
0
0
0
0
0
0
0
0
0
0
0
0
0
0
0
0
0
0
0
-6.32975e-15
8.37471e-15
0
0
0
0
0
0
0
0
-9.5668e-18
0
0
0
0
0
0
0
0
0
0
0
-2.92202e-14
0
0
0
0
0
0
0
0
0
0
0
0
0
0
0
0
0
0
0
0
0
0
0
0
0
0
0
0
0
0
0
0
0
0
0
0
0
0
0
0
0
0
0
0
0
0
0
0
0
0
-6.33858e-17
0
0
0
0
0
0
0
0
0
0
0
0
0
0
0
0
0
0
0
0
0
0
0
0
0
0
0
0
0
0
0
0
0
0
0
0
0
0
0
0
0
0
0
0
0
0
0
0
0
0
0
0
0
0
0
0
0
0
0
0
0
0
0
0
0
0
0
0
0
0
0
0
0
0
0
0
0
0
0
0
0
0
0
0
0
0
0
0
0
0
0
0
0
0
0
0
0
0
0
0
0
0
0
0
0
0
0
0
0
0
0
0
0
0
0
0
0
0
0
0
0
0
0
0
0
0
0
0
0
0
0
0
0
0
0
0
0
0
0
0
0
0
0
0
0
0
0
0
0
0
0
0
0
0
0
0
0
0
0
0
0
0
0
0
0
0
0
0
0
0
0
0
0
0
0
0
0
0
0
0
0
0
0
0
0
0
0
0
0
0
0
0
0
0
0
0
0
0
0
0
0
0
0
0
0
0
0
0
0
0
0
0
0
0
0
0
0
0
0
-8.95897e-15
0
0
0
0
0
0
0
0
0
0
0
0
0
0
0
0
0
0
0
0
0
0
0
0
0
0
0
0
0
0
0
0
0
0
0
0
0
0
0
0
0
0
0
0
0
0
0
0
0
0
0
0
0
0
0
0
0
0
0
0
0
0
0
0
0
0
0
0
0
0
0
0
0
0
0
7.96385e-15
0
0
0
0
0
0
0
0
0
0
0
0
0
0
0
0
0
0
0
0
0
0
0
0
0
0
0
0
0
0
0
0
0
0
0
0
0
0
0
0
0
0
0
0
0
0
0
0
0
0
0
0
0
0
0
0
0
0
0
0
0
0
0
0
0
0
0
0
0
0
0
0
0
0
0
0
0
0
0
0
0
0
-5.05865e-14
0
5.05293e-15
0
0
0
0
0
0
0
0
0
0
0
0
0
0
0
0
0
0
0
0
7.22418e-14
0
0
0
0
0
0
0
0
0
-2.42599e-14
0
0
0
0
0
0
0
0
0
0
0
0
0
0
0
0
0
0
0
0
0
0
0
0
0
0
0
0
0
0
5.82942e-16
0
0
0
0
-4.18692e-14
0
0
0
0
0
0
0
0
0
0
0
0
0
0
0
0
0
0
0
0
0
0
0
0
0
0
0
0
0
0
0
0
0
0
0
0
0
0
0
0
0
0
0
0
0
0
0
0
0
0
0
0
0
0
0
0
0
0
0
0
0
0
0
0
0
0
0
0
0
0
0
0
0
0
0
0
0
0
0
0
0
0
0
0
-8.35216e-14
0
0
3.78292e-16
0
0
0
0
0
0
0
0
0
0
0
0
0
0
0
0
0
0
0
0
0
0
0
0
0
0
0
0
0
0
0
0
0
0
0
0
0
0
0
0
0
0
0
0
0
0
0
0
0
0
0
0
0
0
0
0
0
0
0
0
0
1.40044e-15
-2.67139e-15
0
0
0
0
0
0
0
0
0
0
0
0
0
0
0
0
0
0
0
0
0
0
0
0
0
0
0
0
0
0
0
0
0
7.95356e-15
0
0
0
0
0
0
0
0
0
0
0
0
0
0
0
0
0
0
0
0
0
0
0
0
0
0
0
-2.95991e-16
0
0
0
0
0
0
0
0
0
0
1.33234e-16
0
0
0
0
0
0
0
0
0
0
0
0
0
0
0
0
0
0
0
0
0
0
0
0
0
0
0
0
0
0
0
0
0
0
0
0
0
0
0
0
0
0
0
0
0
0
0
0
0
0
0
0
0
-3.71745e-14
0
0
0
0
0
0
0
0
0
0
0
0
0
0
0
0
0
0
0
0
0
0
0
0
0
0
0
0
0
0
0
0
0
0
0
0
0
0
0
0
0
0
0
0
0
0
0
0
0
0
0
0
0
0
0
0
0
0
0
0
0
0
0
0
0
0
0
0
0
0
0
0
0
0
0
0
0
0
0
0
0
0
0
0
0
0
0
0
0
0
0
0
0
0
0
0
0
2.60506e-15
0
0
0
0
0
0
0
0
0
-1.55201e-14
0
0
0
0
0
0
0
0
0
0
0
0
0
0
0
0
0
0
0
0
0
0
0
0
0
0
0
0
0
0
0
0
0
0
0
0
0
0
0
0
0
0
0
-2.36353e-15
0
4.32308e-15
0
0
0
0
0
0
0
0
0
0
0
0
0
0
0
0
0
0
0
0
0
0
0
0
0
0
0
0
0
0
0
0
0
0
0
0
0
0
0
0
0
0
0
0
0
0
0
0
0
0
0
0
0
0
0
0
0
0
0
0
0
0
0
0
0
0
0
0
0
0
0
0
0
0
0
0
0
0
-1.391e-15
0
0
0
0
0
0
0
0
0
0
0
0
0
0
0
0
0
0
0
0
0
0
0
0
0
0
0
0
0
0
0
0
0
0
0
0
0
0
0
0
0
0
0
0
0
0
0
0
0
0
0
0
0
0
0
0
0
0
0
0
0
0
0
7.81279e-14
0
0
0
0
0
0
0
0
0
0
0
0
0
0
0
0
0
0
0
0
0
0
0
0
0
0
0
0
0
0
0
0
0
0
0
0
0
0
0
0
0
0
0
0
0
0
0
0
0
0
0
0
0
0
0
0
0
0
0
0
0
0
0
0
0
0
0
0
0
0
0
0
0
0
0
0
0
0
0
0
0
0
0
0
0
0
0
0
0
0
0
0
0
0
0
0
0
0
0
0
0
0
0
0
0
0
0
0
0
0
0
0
0
0
0
0
0
0
-6.72312e-17
0
0
0
0
0
0
0
0
0
0
0
0
0
0
0
0
0
0
0
0
0
0
0
0
0
0
0
0
0
0
0
0
0
0
0
0
0
0
0
0
0
0
0
0
0
0
0
0
0
0
0
0
0
0
0
0
0
0
0
0
0
0
0
0
0
0
0
0
0
0
0
0
0
0
0
0
0
0
0
0
0
0
0
0
0
0
0
0
0
0
0
0
0
0
0
0
0
1.03235e-17
0
0
0
0
0
0
0
0
0
0
0
0
0
0
0
0
0
0
0
0
5.08022e-16
0
0
0
0
0
0
0
0
0
0
0
0
0
0
0
0
0
0
0
0
0
0
-3.56606e-17
0
0
0
0
0
0
0
0
0
0
0
0
2.19134e-16
0
0
0
0
0
0
0
0
0
0
0
0
0
0
0
2.98463e-16
0
-1.62327e-16
0
0
0
0
3.98581e-14
0
0
0
0
-3.04981e-17
0
0
0
0
0
0
0
0
0
0
0
0
0
0
0
0
0
0
0
0
0
0
0
0
0
0
0
1.15976e-14
-3.49584e-14
0
0
0
0
0
0
-6.48061e-17
3.33308e-17
0
0
0
0
0
0
0
0
0
0
0
0
0
0
0
0
0
0
0
0
3.22758e-29
0
0
0
0
0
0
0
0
0
0
0
0
0
0
0
0
0
6.77627e-17
0
0
0
0
0
0
0
0
0
0
0
0
0
0
0
0
0
0
0
0
0
0
0
0
0
0
0
0
0
0
0
0
0
0
0
0
0
0
0
0
0
0
0
0
0
0
0
0
0
0
0
0
0
0
0
0
0
0
0
0
0
0
0
0
0
0
0
0
0
0
4.00175e-14
0
0
0
0
0
0
1.28808e-14
0
0
0
0
0
0
0
0
0
0
0
0
0
0
0
0
0
0
0
0
0
0
-3.94e-14
0
0
0
0
0
0
0
0
0
0
-4.54906e-17
0
0
0
0
0
0
0
0
0
0
0
0
0
0
0
0
0
0
0
0
0
0
0
0
0
0
0
-2.86698e-16
-3.96078e-16
0
0
0
0
0
0
0
0
0
0
0
0
0
0
0
0
0
0
0
0
0
0
0
0
0
-3.30443e-29
3.60284e-15
0
0
0
0
0
0
0
0
0
0
0
0
0
0
0
0
0
0
0
0
0
0
0
0
0
0
0
0
0
0
0
0
0
0
0
0
0
0
0
0
0
0
0
0
0
0
0
0
0
0
2.57659e-15
-7.40379e-15
0
0
0
0
0
0
0
0
0
0
0
0
0
0
0
0
0
0
0
0
0
0
0
0
0
0
-7.62881e-15
0
-1.82729e-17
0
0
0
0
0
0
0
0
0
0
0
0
0
0
0
0
0
0
0
0
0
0
0
0
0
0
0
0
0
0
0
0
0
0
0
0
0
0
0
0
0
0
0
0
0
0
0
0
0
0
0
1.89973e-14
-8.33889e-15
0
0
0
0
0
0
0
0
0
0
0
0
0
0
0
0
0
0
0
0
0
0
0
0
0
0
0
0
0
0
0
0
0
0
0
0
0
0
0
0
0
0
0
0
0
0
0
0
0
0
0
0
-2.64642e-15
0
0
1.83943e-16
1.30555e-14
0
0
0
0
0
0
0
0
0
0
0
0
0
0
0
0
0
0
0
0
0
0
0
0
0
0
0
0
0
0
-1.25206e-16
1.29158e-15
0
0
0
0
0
0
0
0
0
0
0
0
0
0
0
0
0
0
0
0
0
7.89678e-16
0
0
0
0
0
0
0
0
0
0
0
0
1.05795e-14
0
0
0
0
0
0
0
0
0
0
0
0
0
0
0
0
0
0
-1.76613e-15
0
0
0
0
0
0
0
0
0
0
0
0
0
0
0
0
0
0
0
0
0
-1.05429e-14
0
0
0
1.22078e-14
2.82409e-17
0
0
0
0
0
0
0
0
0
0
0
1.45212e-17
-2.03636e-16
0
0
0
0
0
0
0
0
0
0
-3.66853e-17
1.3145e-17
0
-1.36435e-14
0
0
0
0
0
0
0
0
0
0
0
0
8.41125e-16
0
0
0
0
0
0
0
0
0
0
0
0
0
0
0
0
0
3.0188e-16
0
0
0
0
0
0
0
0
0
0
0
0
0
0
0
0
0
0
0
0
0
0
0
0
0
0
0
0
0
1.00043e-15
0
0
0
0
0
6.02444e-08
-6.94986e-08
6.94986e-08
-6.86687e-08
6.86687e-08
0
0
0
0
0
0
0
0
0
0
0
-9.37938e-17
-5.31513e-17
3.33508e-17
0
0
0
0
0
0
0
0
0
0
0
0
0
0
-6.01971e-08
6.01971e-08
0
0
0
0
0
0
0
0
0
0
0
0
0
0
-6.52876e-08
6.52876e-08
0
-1.06929e-15
-4.46908e-15
0
0
0
0
0
0
0
0
0
0
3.64881e-08
3.64881e-08
3.64881e-08
3.64881e-08
3.79943e-08
3.49819e-08
4.74653e-08
2.55109e-08
3.64881e-08
3.64881e-08
3.44929e-08
3.84833e-08
3.95442e-08
3.3432e-08
0
0
0
0
-1.22887e-15
0
0
0
0
0
0
0
0
0
0
0
0
0
0
0
0
0
0
0
0
0
0
0
0
0
0
0
0
1.20535e-16
0
0
0
0
0
0
0
0
0
0
0
0
0
0
0
0
0
0
0
0
0
0
0
0
0
0
0
0
0
0
0
0
0
4.62597e-15
1.0337e-15
0
0
0
0
0
0
0
0
0
0
0
0
0
0
0
0
0
0
0
0
0
0
0
0
0
0
0
0
0
0
0
0
0
0
0
0
0
0
0
0
0
0
0
0
0
0
0
0
0
0
0
0
0
0
0
0
0
0
0
0
0
0
0
0
0
0
0
0
0
0
0
0
0
0
0
0
0
0
0
0
0
0
0
0
0
0
0
0
0
0
0
0
0
0
0
0
0
-7.32983e-16
-7.82647e-16
0
0
0
0
0
0
0
0
0
0
0
0
0
0
0
0
0
0
0
0
0
0
0
0
0
0
0
-3.87543e-14
0
0
0
0
0
0
0
0
0
0
0
0
-2.20084e-16
1.31833e-16
0
0
0
0
0
0
0
0
0
-1.55672e-17
0
0
2.04842e-14
0
0
0
0
-1.12083e-16
-5.93697e-15
0
0
0
0
0
0
0
0
0
0
0
0
0
0
0
0
0
0
0
0
0
0
0
0
0
0
0
0
0
0
0
0
2.06479e-16
0
-3.77252e-17
3.64881e-08
3.64881e-08
-3.72756e-17
0
0
0
0
0
0
0
0
0
0
0
0
0
6.67344e-16
0
0
0
0
0
0
0
0
0
0
0
0
0
0
0
9.43738e-17
-1.89594e-16
0
0
0
0
0
0
0
2.74409e-08
4.55353e-08
3.67821e-08
3.61941e-08
0
0
-4.59546e-14
0
0
0
0
-2.82793e-14
0
0
0
0
0
-1.66221e-16
0
0
0
0
0
0
0
0
0
0
0
0
0
0
0
0
0
0
0
0
0
0
0
0
0
4.13253e-08
3.16509e-08
0
0
0
0
0
0
0
0
0
4.07436e-08
3.22326e-08
0
0
0
-5.13315e-31
0
0
0
0
0
0
0
0
0
-1.08332e-16
-1.17748e-14
3.90125e-14
0
0
1.82245e-14
0
0
0
0
0
0
0
0
0
0
0
-2.18545e-16
-4.03378e-15
2.58674e-16
0
0
0
0
3.64881e-08
3.64881e-08
0
0
0
0
0
0
0
0
0
0
0
0
0
3.66436e-08
3.63326e-08
0
0
0
0
0
0
0
0
0
0
0
0
0
0
0
3.79279e-08
3.50483e-08
0
0
0
0
0
0
0
0
0
0
0
0
0
0
0
0
0
0
0
4.38373e-16
0
0
0
0
0
0
0
0
0
0
0
0
0
0
0
0
0
0
7.06052e-15
-5.19958e-14
0
0
0
0
0
0
0
0
0
0
0
0
0
0
0
0
0
0
0
0
0
0
0
0
0
0
0
0
0
0
0
0
0
0
0
0
0
0
0
0
0
0
0
4.11614e-08
3.18148e-08
0
0
6.43875e-08
-6.43875e-08
0
0
0
0
0
0
0
0
0
0
0
0
0
0
0
6.12596e-15
0
0
6.76895e-08
-6.76895e-08
0
0
0
0
0
0
0
0
0
0
0
0
0
0
0
0
0
0
0
0
0
0
0
0
0
0
0
0
0
0
0
0
0
0
0
0
0
0
0
8.2636e-17
0
0
0
0
0
0
0
0
0
0
0
0
3.40185e-08
3.89577e-08
0
0
0
0
0
0
0
0
0
-5.66635e-15
1.74499e-14
0
0
-4.34039e-16
0
0
0
0
0
0
0
0
0
0
3.16164e-14
0
0
0
0
0
0
0
0
0
0
0
0
0
0
0
0
0
0
0
0
0
0
0
0
0
0
0
0
0
0
0
0
0
0
0
0
0
0
0
0
0
0
0
0
0
0
0
0
0
-3.4679e-14
0
0
0
0
0
0
0
0
0
0
0
0
0
0
0
0
0
0
0
0
0
0
0
0
6.54904e-08
-6.54904e-08
-6.24895e-08
6.24895e-08
0
0
0
0
0
0
-4.83686e-17
1.64971e-16
0
0
0
0
0
0
0
0
0
0
0
0
0
0
0
0
0
0
-7.23378e-08
7.23378e-08
0
0
0
0
-4.94216e-16
0
0
4.37223e-08
2.92539e-08
0
6.63435e-08
-6.63435e-08
0
0
0
0
0
0
0
0
0
0
0
1.10168e-15
-5.41147e-16
0
0
1.6445e-16
-2.41795e-16
0
0
0
0
0
0
7.19111e-15
0
0
0
0
0
0
0
0
0
0
0
0
0
0
0
0
0
0
0
2.6377e-17
6.87407e-18
0
0
-2.66445e-15
0
0
0
0
0
0
0
0
0
8.88726e-15
0
0
0
0
0
0
0
0
0
0
0
0
0
0
0
0
0
0
0
0
0
0
0
0
0
0
0
0
0
0
0
0
0
0
0
0
0
3.76447e-08
3.53315e-08
0
0
0
0
0
0
0
0
0
0
0
0
0
0
0
0
0
0
0
0
0
0
0
0
0
0
0
0
0
0
0
0
0
0
0
0
0
4.0477e-08
3.24992e-08
0
0
0
0
0
0
0
0
0
0
0
0
0
0
0
0
0
0
0
0
0
0
0
0
0
0
0
0
0
0
0
0
0
0
0
0
0
0
0
0
0
0
-3.69426e-17
0
0
0
0
0
-2.07404e-14
0
0
0
0
0
0
0
0
0
0
0
0
0
0
-1.81488e-16
0
0
0
0
0
0
0
0
0
0
0
0
0
0
0
0
0
0
0
0
0
0
0
0
0
0
0
0
0
0
0
-3.88426e-17
1.27578e-31
0
0
0
0
0
0
0
0
0
0
0
0
0
0
0
0
0
0
0
0
0
0
0
0
0
0
0
6.38058e-14
3.38216e-15
0
0
0
0
0
0
-1.08617e-16
0
0
0
0
0
0
0
0
0
0
0
0
0
0
0
0
0
0
0
0
0
0
0
0
0
0
0
0
0
0
0
0
0
0
0
0
0
0
0
0
0
0
0
0
0
0
0
0
0
0
0
0
0
0
5.42361e-14
3.84331e-15
0
0
0
0
0
0
1.02657e-16
0
0
3.93822e-15
1.69845e-17
0
6.31992e-08
-6.31992e-08
0
0
0
0
0
0
2.45755e-15
0
1.80244e-15
0
0
0
5.95268e-15
0
0
0
0
0
0
0
0
1.29572e-16
8.0478e-16
0
0
0
0
0
0
0
0
0
0
0
0
0
0
-2.05273e-17
1.34393e-16
0
0
0
0
0
0
0
4.67419e-14
1.0441e-16
0
0
0
-8.33103e-15
-3.01946e-16
0
0
0
0
0
0
0
0
0
0
0
0
0
0
-1.37564e-16
0
0
0
0
0
0
0
0
1.97171e-17
0
0
0
0
1.78072e-17
0
-1.13039e-15
0
0
0
0
0
0
0
0
0
0
0
0
0
-3.81986e-16
-3.11491e-16
0
0
0
0
0
0
0
-2.67267e-14
0
0
0
0
0
0
-6.39167e-08
6.39167e-08
0
0
-3.45239e-17
1.18476e-17
0
0
0
0
0
0
0
0
0
0
0
0
0
0
0
0
0
2.57773e-17
0
0
0
0
0
0
0
0
0
0
0
0
0
0
0
0
0
0
0
0
0
6.27827e-14
0
1.61213e-14
-3.6267e-14
0
0
0
0
0
0
0
0
0
-3.88893e-15
0
0
0
3.21744e-17
1.35044e-17
0
0
0
0
0
0
0
0
0
0
7.61586e-14
-2.71264e-14
0
0
0
0
0
0
0
0
0
0
0
0
0
0
0
0
0
8.5428e-17
-1.61005e-15
0
0
1.12259e-16
-3.2789e-15
0
-9.72897e-18
0
0
0
0
0
0
0
0
0
-5.25212e-14
0
0
0
0
0
0
0
0
0
6.37775e-08
-6.37775e-08
0
0
0
0
0
0
0
0
0
-2.87582e-14
-3.85552e-15
0
0
0
0
0
6.37923e-16
0
-1.23656e-15
0
0
0
0
0
0
0
-3.20993e-15
-3.33707e-16
-2.28853e-16
0
0
1.05399e-14
0
0
0
0
0
1.34975e-14
0
-6.15097e-08
6.15097e-08
0
0
0
0
0
0
0
0
0
0
0
0
0
0
0
0
0
0
0
0
0
0
0
0
0
0
0
0
0
0
0
0
0
0
0
0
0
0
0
0
-3.90032e-17
5.35322e-15
1.79113e-16
0
0
0
0
0
0
0
0
0
0
0
0
0
0
0
-5.41516e-17
0
0
-6.50077e-15
0
0
0
0
0
0
0
0
0
0
0
0
-2.97042e-14
0
0
0
0
0
0
0
0
0
0
0
0
0
0
0
0
5.63399e-17
0
-1.41597e-15
0
0
0
0
0
0
0
0
0
0
0
0
0
0
0
-3.82076e-18
0
0
0
0
0
0
0
0
0
0
0
0
0
0
0
0
0
0
0
0
0
0
0
-1.11168e-15
0
0
0
0
0
0
0
0
0
0
0
0
0
-1.72353e-13
0
0
0
0
0
0
0
0
0
0
0
0
0
0
0
0
0
0
0
0
0
0
0
0
0
0
0
0
0
0
0
0
0
0
0
-2.34e-17
-5.97702e-18
0
0
0
0
0
0
0
0
0
0
0
0
0
0
0
0
0
0
0
0
0
0
0
0
0
0
0
0
0
0
0
0
0
0
0
0
0
0
0
0
0
0
0
0
0
0
0
0
0
1.09949e-16
-1.71648e-16
0
0
0
0
0
0
0
0
0
0
0
0
0
0
0
0
0
0
0
0
0
0
0
0
0
0
0
0
0
-2.33864e-14
0
0
0
0
0
0
0
0
0
0
0
0
0
0
0
0
0
0
0
0
0
0
0
0
0
0
9.97541e-16
0
0
0
0
0
0
0
0
0
0
0
0
0
0
0
-2.17373e-16
0
0
0
0
0
0
0
0
0
-5.92209e-18
0
8.94366e-14
0
0
0
0
0
0
-7.83413e-17
0
0
0
3.46356e-15
2.41694e-15
5.51505e-16
0
0
0
0
0
0
0
0
0
0
0
0
0
0
0
0
0
0
0
0
0
0
0
0
0
0
0
0
0
0
0
0
0
0
0
0
0
0
-2.81221e-17
0
0
0
0
0
0
0
0
0
0
0
0
0
0
0
0
0
0
0
0
0
1.73809e-17
0
0
0
0
0
0
-7.66875e-16
0
0
0
0
0
0
0
0
0
0
0
0
0
0
0
0
0
0
0
1.81741e-15
-1.80813e-15
0
0
0
-7.275e-16
0
0
0
0
0
0
0
0
0
0
0
0
0
0
0
-3.03716e-17
1.15722e-16
0
9.49254e-15
0
0
0
0
0
0
0
0
0
0
4.75598e-17
0
3.06891e-16
0
0
0
0
0
0
0
0
0
0
0
0
0
0
0
0
0
0
0
0
0
0
0
0
0
0
0
0
0
0
0
0
0
0
0
0
0
0
0
3.52639e-16
0
0
0
0
0
0
0
0
0
0
0
0
0
0
0
0
0
0
0
0
0
0
0
0
0
0
0
0
0
0
0
0
0
0
0
0
0
0
0
0
0
0
0
0
0
3.64881e-08
3.64881e-08
0
0
0
0
0
0
0
0
0
0
0
0
0
0
-6.50609e-08
6.50609e-08
0
0
0
0
0
0
0
0
0
0
0
0
0
0
0
-4.20949e-16
0
0
0
0
0
0
0
0
0
0
0
0
0
0
-3.01414e-15
0
0
0
0
0
0
0
0
0
0
0
0
0
0
0
0
0
0
0
0
0
0
0
0
0
0
0
0
0
1.36188e-15
0
0
0
0
0
0
0
0
0
5.71679e-16
0
0
0
0
0
0
0
0
0
0
0
0
0
0
0
0
0
0
0
0
0
0
0
0
-1.49174e-15
-7.65633e-15
0
0
0
0
0
0
0
0
0
-9.40949e-18
0
0
0
0
0
0
0
0
0
0
0
0
0
0
0
0
0
0
0
0
0
0
0
-7.60238e-15
6.21663e-14
0
0
0
0
0
0
0
0
0
0
0
0
0
0
0
3.57349e-17
0
-6.25313e-15
0
0
0
0
0
0
0
0
0
0
0
0
0
0
0
0
-1.72262e-15
0
0
0
0
0
0
0
0
0
0
0
0
2.20918e-17
0
0
0
0
0
-3.52365e-17
0
5.85506e-17
0
0
0
0
0
-3.07727e-14
0
0
0
0
-1.80457e-15
0
0
0
0
0
0
0
0
0
0
-2.35427e-15
0
0
0
0
0
0
1.45027e-17
0
0
0
0
-2.35231e-15
0
0
0
0
0
0
0
0
0
0
0
0
0
0
0
0
0
0
0
1.14117e-17
1.38695e-17
0
0
0
0
0
0
0
0
0
0
-1.22979e-17
-4.18202e-17
-2.96129e-17
-1.10361e-15
0
0
0
0
0
0
0
0
0
0
0
0
0
0
0
0
0
0
0
0
0
9.63475e-16
-1.77259e-15
0
0
0
3.53935e-08
3.75827e-08
0
0
0
-1.30096e-17
0
0
-6.23503e-18
-2.63834e-17
0
7.70658e-14
0
0
3.64881e-08
-1.91683e-17
2.07988e-17
0
0
0
0
0
0
0
0
0
0
0
0
0
0
0
3.43896e-17
0
0
0
0
0
0
0
0
0
0
0
0
0
0
0
1.41731e-14
0
0
0
0
0
0
0
0
0
0
0
0
0
0
0
0
0
0
0
0
0
0
0
0
0
-5.80408e-17
0
4.69305e-16
0
0
8.3653e-16
0
0
0
0
0
0
0
0
0
0
0
0
0
0
0
0
0
1.1291e-16
0
0
0
0
0
0
0
0
0
0
0
0
0
0
3.40898e-16
0
0
0
8.3219e-14
0
0
0
0
0
0
0
0
-1.67421e-16
0
0
0
0
0
0
0
0
0
0
-2.62237e-15
-3.35497e-15
0
0
0
0
0
0
0
0
0
0
0
0
0
0
0
0
0
0
3.38946e-16
0
0
0
0
0
0
0
0
0
0
0
0
0
0
0
0
0
0
0
0
0
0
0
0
0
0
8.72087e-14
0
0
-3.217e-17
0
0
0
0
0
0
0
0
0
-3.34549e-17
0
0
0
0
0
0
0
0
0
0
-1.55739e-14
0
0
0
0
0
0
0
0
0
0
0
0
0
0
0
0
0
0
0
0
0
0
0
0
0
0
0
0
0
0
-9.17882e-14
1.40468e-14
0
0
0
0
0
0
0
-4.10721e-08
1.80274e-16
0
0
0
1.60275e-14
0
0
0
0
0
0
0
0
0
0
0
0
0
0
0
0
0
0
0
0
0
0
0
0
0
0
0
0
0
0
0
0
0
0
0
0
0
0
0
0
0
0
0
-6.28151e-15
0
0
-1.65593e-17
0
0
0
0
0
0
0
0
0
0
0
0
0
0
0
0
0
0
0
-1.09579e-15
4.01413e-16
0
0
0
3.37914e-17
0
0
0
0
0
0
0
0
0
0
0
0
0
0
0
0
0
0
0
0
0
0
0
0
0
0
0
0
3.19041e-08
0
0
0
0
0
0
0
0
0
0
0
0
0
0
0
0
0
0
0
0
0
0
0
0
0
3.86461e-16
0
0
0
0
4.86009e-17
0
0
0
0
0
0
4.55748e-17
0
0
0
0
0
0
0
0
-2.78656e-15
0
0
0
0
8.67764e-14
-3.90584e-14
0
0
0
0
0
0
0
0
0
0
0
0
0
0
0
0
0
0
0
0
0
0
0
0
-4.33129e-15
2.55816e-15
0
0
0
6.76013e-16
0
-4.74064e-14
0
0
0
0
0
0
0
0
1.43514e-14
0
0
0
0
0
0
0
0
0
0
0
0
1.5176e-15
8.42128e-17
0
0
0
0
-2.03358e-17
0
0
0
0
0
0
0
0
0
0
-1.17368e-15
0
0
0
0
0
-6.01896e-17
1.39836e-17
0
0
0
0
0
0
0
0
0
0
0
0
0
0
0
0
0
0
0
0
0
0
0
0
0
0
0
0
0
0
0
8.00718e-14
0
0
0
-5.37903e-17
0
0
0
0
0
0
0
0
0
0
0
0
0
0
0
0
-3.46089e-16
5.04556e-16
0
0
0
0
0
0
0
0
0
0
2.1929e-17
0
0
0
0
0
0
0
0
0
0
0
0
0
0
0
0
-1.17377e-16
0
0
0
0
0
0
0
0
0
0
0
0
0
0
0
0
0
0
0
0
0
-5.94744e-15
0
0
0
0
0
0
0
0
0
0
-1.67736e-15
0
0
0
0
0
0
0
0
0
0
0
0
0
0
0
0
9.06243e-17
0
0
0
0
0
0
0
0
0
-1.11411e-15
0
0
0
0
0
0
0
0
0
0
0
0
0
0
0
0
0
0
0
-7.48133e-16
0
0
0
0
0
0
0
0
0
0
0
0
0
0
0
0
0
0
-1.8325e-17
0
0
0
0
0
0
0
0
0
0
-1.62338e-15
0
0
0
0
0
0
0
0
0
0
0
0
0
0
0
0
0
0
0
0
0
1.58637e-16
0
-5.55861e-16
0
0
0
0
0
0
0
0
0
1.20529e-15
1.77811e-15
0
0
0
0
0
0
5.13276e-17
-1.77924e-17
0
0
0
0
-2.98659e-16
0
0
0
0
0
0
0
0
0
0
0
0
0
0
0
0
0
1.10558e-17
0
0
0
0
0
0
0
0
-1.95352e-15
-1.83455e-15
0
0
0
0
0
0
0
0
0
0
0
0
0
0
1.47886e-16
0
0
0
0
0
0
0
0
0
0
0
0
0
0
0
0
0
0
0
0
0
0
0
0
0
0
0
0
0
7.48146e-14
0
0
0
0
0
0
0
0
0
0
0
0
0
0
0
0
0
0
0
0
0
0
0
0
0
0
0
0
0
0
0
0
0
0
0
0
0
0
-5.67936e-14
0
0
0
0
0
0
0
0
0
0
0
0
0
0
0
0
0
0
0
0
0
0
0
0
0
0
0
0
0
0
0
0
0
0
0
0
0
-7.23836e-15
0
0
0
0
0
0
0
0
0
0
0
0
0
0
0
0
0
0
0
0
0
0
0
0
0
0
0
0
0
0
0
0
0
0
0
0
0
-1.10929e-15
0
0
0
0
0
0
0
0
1.09641e-15
0
0
0
0
0
0
0
0
0
0
0
0
1.67182e-15
0
0
0
0
0
0
0
0
0
0
0
0
0
0
0
0
0
0
-5.84528e-17
0
0
0
0
1.43369e-15
0
0
0
0
0
0
0
0
0
0
0
0
0
0
0
0
0
0
0
0
0
0
-1.7389e-14
0
0
0
0
0
0
0
0
0
0
0
0
0
0
-5.84762e-14
-7.94729e-14
0
0
0
0
0
0
0
0
0
0
0
0
0
0
0
0
0
0
0
0
0
2.91245e-15
0
0
0
0
0
0
0
0
0
0
0
0
0
0
0
0
0
0
0
0
0
0
0
0
0
0
1.19333e-16
0
0
0
0
0
0
0
0
1.10785e-16
1.702e-16
6.28222e-15
0
0
0
3.16812e-15
0
0
0
0
0
0
0
0
0
0
0
0
0
0
0
0
0
0
0
0
0
0
0
0
0
0
0
0
0
0
0
0
0
2.49714e-14
0
0
0
0
0
0
0
0
0
0
0
0
0
0
0
0
0
0
0
0
2.11614e-16
0
0
0
0
1.86969e-17
0
0
6.04414e-16
0
0
-5.37736e-14
-1.76186e-14
0
0
0
0
0
-7.34624e-15
0
0
0
0
0
0
0
0
2.75457e-14
0
0
0
0
0
0
0
0
-6.96598e-14
0
0
0
0
0
0
0
1.26841e-15
0
0
0
0
0
0
0
0
0
0
0
0
3.73842e-14
0
0
0
0
0
0
0
0
0
0
0
0
0
0
0
0
-1.24324e-16
0
1.0086e-15
-1.35938e-17
0
0
0
0
0
0
0
0
0
0
0
0
0
0
0
0
0
0
0
0
0
0
0
0
0
0
0
0
0
-1.95308e-14
-8.22338e-14
0
0
0
0
0
-3.33242e-08
0
0
0
0
0
0
0
0
0
0
0
0
0
0
1.59153e-15
0
0
0
0
0
0
0
0
0
0
0
0
1.02663e-30
0
0
0
0
-1.83159e-16
0
-1.2135e-15
1.87612e-15
0
0
0
0
0
0
0
0
0
0
4.79808e-16
0
0
0
0
0
0
0
0
0
0
0
0
0
0
0
0
0
0
0
0
0
0
0
0
0
0
0
0
0
2.75454e-16
6.92313e-15
0
0
0
0
0
0
-1.02934e-15
0
0
0
0
0
-2.62825e-14
0
0
0
0
0
0
0
0
0
0
1.7383e-16
0
0
0
0
0
0
0
0
0
-1.32283e-15
0
0
0
0
0
0
0
0
0
0
0
0
0
0
0
0
0
8.12331e-18
0
3.21998e-14
0
0
0
1.30629e-14
0
0
-3.9652e-08
0
0
0
0
0
0
0
0
0
0
0
0
0
0
0
0
0
3.98476e-14
0
0
0
0
0
0
0
0
0
0
0
0
0
0
0
0
0
0
0
0
0
0
0
0
0
0
0
0
0
1.49901e-13
-3.04931e-14
0
0
0
0
0
0
0
0
0
0
0
0
0
-3.74075e-08
0
0
0
0
0
0
0
0
0
0
9.26083e-16
0
0
0
0
-2.09233e-17
0
0
0
0
-1.35411e-15
4.76477e-17
0
-1.15052e-15
-4.6224e-08
0
0
0
0
0
0
0
0
0
0
0
0
0
0
-3.78424e-14
5.35464e-14
0
0
0
0
0
-1.46471e-14
0
0
-8.00886e-14
0
0
0
0
0
0
0
0
0
0
0
0
0
0
0
0
0
0
0
0
0
0
0
0
0
0
0
0
0
0
0
0
0
0
0
0
4.81899e-08
0
0
1.8305e-17
4.71067e-08
0
0
0
0
0
0
0
0
2.66726e-17
0
0
-6.15907e-16
0
0
0
0
0
0
0
0
0
0
0
0
0
0
0
-1.07417e-15
0
0
-1.00512e-17
1.65453e-16
0
0
0
0
0
0
0
0
0
0
-8.60791e-16
0
0
1.04483e-17
0
0
0
0
0
0
0
0
0
-1.1191e-15
0
0
0
0
0
-4.81899e-08
0
0
0
0
0
3.04519e-14
0
1.80553e-15
0
-8.21992e-14
0
0
0
0
0
0
0
0
0
6.09661e-17
0
0
0
0
0
0
1.71117e-16
0
0
0
0
0
0
0
0
0
0
0
0
0
0
0
0
0
0
0
0
4.93299e-14
1.10831e-14
0
0
0
0
0
0
0
0
0
0
2.90395e-17
0
0
0
0
0
0
0
0
0
0
0
-4.71067e-08
0
-6.40075e-14
0
0
0
0
0
0
0
0
0
0
-1.31807e-17
0
0
0
0
0
-1.10622e-14
0
0
0
0
0
0
0
0
0
0
0
0
-2.76664e-16
0
0
0
0
0
0
0
0
0
0
0
0
0
0
0
0
0
0
0
0
0
0
7.9781e-18
0
0
0
0
0
0
0
0
0
0
0
0
0
0
0
0
0
0
0
0
0
0
0
0
0
0
0
0
0
0
0
0
0
0
0
0
0
0
0
0
0
0
0
0
0
0
0
0
0
0
0
0
0
0
0
2.29577e-15
0
0
0
0
3.95211e-14
0
0
0
0
0
1.26554e-15
0
0
-1.25473e-14
-7.54829e-14
0
0
0
0
0
0
0
0
-2.09012e-17
0
0
0
0
0
0
0
0
0
0
0
0
-5.63804e-14
0
0
0
0
0
0
0
0
0
0
0
0
0
0
0
0
0
0
0
0
0
0
0
0
0
0
0
0
0
0
0
0
0
0
0
0
0
0
0
0
0
0
0
0
0
0
0
0
-1.04704e-16
-5.75328e-15
0
0
0
0
0
0
0
0
0
0
0
0
0
0
0
0
0
3.52032e-14
0
0
0
0
0
0
0
0
0
0
2.80808e-17
0
0
0
5.05362e-14
1.66114e-14
0
0
0
0
5.69898e-15
0
0
0
0
1.94053e-14
2.10613e-14
0
0
0
0
0
0
0
0
0
0
0
0
0
0
0
0
0
0
0
0
0
0
0
0
0
0
0
0
-1.91714e-16
0
0
0
0
0
0
0
0
0
0
0
0
0
0
0
0
0
0
0
0
0
0
0
0
0
0
0
0
0
-5.13315e-31
0
0
0
0
0
0
0
0
0
0
-9.58746e-18
0
0
0
0
0
0
0
0
0
-5.80527e-14
0
0
0
-4.6054e-17
0
0
0
0
0
0
0
0
0
0
0
0
0
0
0
0
0
3.36596e-17
-5.147e-17
0
0
0
0
0
0
0
0
0
0
0
0
0
0
0
0
0
0
0
0
0
0
0
0
0
5.32363e-15
0
0
0
0
0
0
0
0
0
0
0
0
0
-6.08734e-15
-1.84714e-16
0
0
0
0
0
0
0
0
0
0
0
0
0
0
0
0
0
0
0
4.48723e-14
0
0
1.45673e-14
0
0
0
-3.33865e-15
0
0
0
0
0
0
0
0
0
0
0
0
0
0
0
0
0
0
0
0
0
0
0
0
0
0
0
0
0
0
0
0
0
0
0
0
0
0
0
0
0
0
0
0
0
0
0
0
0
0
0
0
0
0
0
0
0
-2.33888e-15
0
-7.60844e-14
4.44263e-14
0
0
0
0
0
0
0
0
0
0
0
0
0
0
0
0
0
0
0
0
0
0
0
0
0
0
0
0
2.67522e-08
0
0
1.73938e-16
0
3.03858e-14
0
0
0
0
0
0
0
0
0
0
0
0
2.055e-16
0
0
0
0
0
0
0
0
0
0
0
0
0
0
-3.6023e-17
0
0
0
0
0
0
0
0
0
0
0
0
0
0
0
0
0
0
0
0
0
0
0
0
0
0
0
0
0
0
0
0
0
0
0
0
7.103e-14
0
0
0
-1.78363e-15
-3.33029e-16
0
-1.36563e-14
0
0
0
0
0
0
0
0
0
0
0
0
0
0
0
0
0
0
0
0
0
0
0
0
0
0
0
0
0
0
0
0
0
0
-1.68718e-15
0
0
0
0
0
0
0
0
0
0
0
0
0
0
0
3.55687e-08
0
0
0
0
0
0
0
0
0
0
0
0
0
0
0
0
0
0
0
0
0
0
0
0
0
0
0
0
0
0
0
0
2.16366e-14
0
0
-5.61405e-18
0
0
0
0
0
0
0
0
0
0
0
0
0
0
0
0
0
0
0
0
0
0
0
0
0
0
0
0
0
0
0
0
0
0
0
0
0
0
0
3.84871e-15
0
0
0
0
0
0
0
0
0
0
0
0
0
0
0
0
0
0
0
0
0
0
0
0
0
0
0
0
0
0
0
0
-6.60885e-29
0
0
0
0
0
0
0
0
0
3.63756e-17
0
0
0
0
0
0
0
0
0
0
0
0
0
0
-2.01065e-14
0
2.53205e-15
0
0
0
0
0
0
0
-3.44294e-14
0
0
0
0
0
0
0
0
0
0
0
0
-7.01713e-14
0
0
0
0
0
0
0
0
0
0
0
0
0
0
0
0
0
6.90515e-15
0
0
0
0
0
0
0
0
0
0
0
0
0
0
0
0
0
0
0
0
0
0
3.57182e-14
0
0
0
0
0
0
0
0
0
0
0
0
0
0
1.18473e-14
0
0
0
0
0
0
0
0
0
0
0
0
0
0
0
0
0
0
0
0
0
-8.41988e-15
0
0
0
0
0
0
0
0
0
0
0
0
0
0
0
0
0
0
0
0
0
0
0
0
0
0
0
1.28079e-31
0
0
0
0
0
0
3.99196e-15
0
0
0
0
0
0
0
0
0
0
0
0
0
0
0
0
0
0
0
0
0
0
0
0
0
0
0
0
0
0
0
0
0
0
0
0
0
0
0
0
0
0
0
0
0
0
0
0
0
0
0
0
0
0
0
0
0
0
0
0
0
0
0
0
0
0
0
0
0
0
0
0
-1.17019e-17
0
0
0
0
0
0
-3.00184e-33
0
0
0
0
0
0
0
0
0
0
0
0
0
0
0
0
0
0
0
0
-1.82581e-16
0
)
;

boundaryField
{
    frontback
    {
        type            empty;
        value           nonuniform List<scalar> 0();
    }
    topbottom
    {
        type            calculated;
        value           uniform 0;
    }
    outlet
    {
        type            calculated;
        value           uniform 0;
    }
    inlet
    {
        type            calculated;
        value           nonuniform List<scalar> 0();
    }
    walls
    {
        type            calculated;
        value           nonuniform List<scalar> 
45
(
0
0
0
0
0
-1.45952e-07
-1.45952e-07
-1.45952e-07
-1.45952e-07
-1.45952e-07
-1.45952e-07
-1.45952e-07
-1.45952e-07
-1.45952e-07
-1.45952e-07
-1.45952e-07
-1.45952e-07
-1.45952e-07
-1.45952e-07
-1.45952e-07
-1.45952e-07
0
0
-1.45952e-07
0
-9.22903e-16
0
-1.45952e-07
0
-1.45952e-07
-1.45952e-07
0
0
0
0
-1.45952e-07
0
-1.45952e-07
-1.45952e-07
-1.45952e-07
-1.45952e-07
-1.45952e-07
-1.45952e-07
0
0
)
;
    }
    procBoundary3to1
    {
        type            processor;
        value           nonuniform List<scalar> 
205
(
-9.08573e-08
0
0
2.39593e-14
0
0
0
0
0
0
0
0
0
-1.00365e-15
0
0
0
0
3.01806e-14
0
0
0
0
9.7614e-17
-3.18279e-17
0
0
0
0
0
0
0
0
0
0
0
0
0
-1.64882e-16
0
0
0
0
0
0
0
-3.80791e-16
3.8796e-17
-1.01783e-15
0
1.36923e-16
-2.93263e-17
0
7.87088e-15
0
0
0
-1.94374e-15
7.35046e-15
0
-1.12085e-16
0
0
0
0
0
0
0
0
0
-1.06648e-14
0
0
0
0
0
0
0
-7.8666e-17
0
0
0
0
-8.27777e-15
0
0
0
0
-3.13388e-15
3.22998e-15
-2.84221e-16
-1.18431e-16
-1.44374e-16
0
0
-5.68476e-16
0
0
0
0
0
-4.38978e-17
0
0
0
0
0
0
0
0
3.23745e-16
0
0
0
0
0
0
0
0
0
0
0
0
0
0
0
0
0
0
0
0
0
0
0
0
0
0
2.35284e-16
0
0
9.87312e-17
0
-2.78093e-16
7.24065e-17
4.71234e-17
0
0
0
0
0
8.04865e-17
0
0
0
-7.79845e-17
0
0
2.08726e-16
0
0
-6.28058e-14
0
-2.58149e-16
0
-6.36698e-15
0
0
0
0
0
7.18514e-15
0
0
0
0
0
0
-1.77844e-16
0
0
0
2.9978e-15
0
0
0
0
2.74728e-16
0
0
0
0
1.84569e-14
2.73506e-16
0
0
-3.55241e-16
0
0
0
0
0
0
0
0
0
)
;
    }
    procBoundary3to2
    {
        type            processor;
        value           nonuniform List<scalar> 
99
(
0
0
0
0
0
8.19187e-17
0
0
0
0
0
0
2.26347e-14
0
0
0
0
0
0
0
0
0
0
0
0
0
0
0
0
0
0
0
0
0
0
0
0
0
0
0
0
0
0
0
-3.04164e-14
0
0
0
0
1.76679e-14
0
0
0
0
0
0
0
0
0
0
0
0
0
0
0
0
0
0
0
-3.98595e-08
0
0
0
0
0
0
0
0
0
0
0
0
0
0
0
0
0
4.86104e-15
0
0
0
0
0
-2.65121e-14
-1.1322e-13
0
0
0
0
)
;
    }
}


// ************************************************************************* //
