/*--------------------------------*- C++ -*----------------------------------*\
| =========                 |                                                 |
| \\      /  F ield         | OpenFOAM: The Open Source CFD Toolbox           |
|  \\    /   O peration     | Version:  v2012                                 |
|   \\  /    A nd           | Website:  www.openfoam.com                      |
|    \\/     M anipulation  |                                                 |
\*---------------------------------------------------------------------------*/
FoamFile
{
    version     2.0;
    format      ascii;
    class       surfaceScalarField;
    location    "900";
    object      meshPhi;
}
// * * * * * * * * * * * * * * * * * * * * * * * * * * * * * * * * * * * * * //

dimensions      [0 3 -1 0 0 0 0];
oriented        oriented;


internalField   nonuniform List<scalar> 
20673
(
0
0
0
0
0
0
0
0
0
0
0
0
0
0
0
-1.91522e-17
-1.9818e-17
-1.20269e-15
0
0
0
0
0
0
0
0
0
0
0
0
0
0
0
0
0
0
0
-1.81682e-08
0
-1.05947e-08
0
0
0
0
0
0
0
0
0
0
0
0
0
0
0
0
0
0
0
0
0
0
0
0
0
0
0
0
0
0
0
0
0
-3.14201e-17
0
7.16949e-17
0
0
0
0
0
0
7.57409e-17
-1.62223e-16
0
0
0
0
0
0
0
0
0
0
2.00024e-17
-1.10163e-16
0
0
0
0
0
0
0
0
0
0
0
0
0
0
0
0
0
0
0
0
0
0
0
0
0
0
0
0
0
0
0
0
1.26688e-15
4.11884e-16
0
0
0
0
0
0
-6.51372e-17
0
-2.33984e-15
0
0
0
0
0
0
0
0
0
-3.55146e-17
0
0
-1.92886e-17
0
0
0
0
0
0
0
0
0
0
0
0
0
0
0
0
0
0
0
0
7.02156e-09
0
0
0
7.25584e-18
0
0
0
4.12036e-18
-6.58563e-17
-4.93074e-17
1.34906e-14
0
0
0
0
0
0
0
0
0
0
0
0
0
0
0
0
0
0
0
0
0
-1.99474e-16
0
-2.35633e-17
0
0
0
0
0
0
0
0
0
0
0
0
-1.7613e-16
0
0
0
0
0
0
0
0
0
0
0
0
0
0
0
0
0
0
0
0
0
0
0
0
0
0
0
0
0
0
0
0
0
-1.24505e-15
-2.35424e-18
3.81122e-16
0
0
0
0
0
0
0
0
0
0
0
0
0
0
0
0
0
0
7.25364e-16
3.16318e-15
0
0
0
0
0
0
0
0
0
0
0
0
0
0
0
0
0
0
0
0
0
0
0
0
0
0
0
0
0
5.15732e-17
0
3.61833e-16
-2.61077e-17
1.6815e-17
8.5184e-18
0
0
0
0
0
0
0
0
0
0
0
0
0
0
0
0
0
0
0
0
0
0
0
0
0
0
0
0
0
0
0
0
0
0
1.19041e-15
0
0
0
-2.31138e-15
0
0
0
0
0
0
0
0
-6.06262e-16
2.7702e-16
0
0
0
0
-4.5331e-15
0
0
0
0
0
0
0
0
0
0
0
0
0
0
0
-6.05077e-17
0
0
0
0
0
0
0
0
0
0
0
0
0
0
0
0
0
0
7.74132e-16
-3.14704e-17
0
0
0
0
0
0
0
0
0
1.66829e-16
-7.10301e-17
0
0
0
0
0
0
-1.26001e-16
0
0
0
0
0
0
2.06942e-15
0
4.22687e-15
0
0
0
0
0
0
0
0
0
0
0
0
0
0
0
0
0
0
0
0
0
0
0
0
0
0
0
0
0
0
0
0
0
0
0
0
0
0
0
-6.66322e-16
6.18253e-16
0
0
0
0
0
0
0
0
0
0
0
0
0
0
0
0
0
0
0
0
0
0
2.86645e-16
0
2.0099e-15
-1.36834e-15
0
0
0
0
0
0
0
0
0
0
0
0
0
0
-5.13892e-17
-8.54504e-16
-1.63255e-19
3.7145e-17
0
0
0
0
0
0
0
0
0
0
0
0
0
0
0
0
0
0
0
0
0
0
0
0
0
0
0
0
0
0
0
0
0
0
0
0
0
0
0
0
0
0
0
0
0
0
0
0
0
0
0
0
0
0
0
0
0
0
0
0
0
0
0
0
0
0
0
0
0
0
0
0
0
0
0
0
0
0
0
0
0
0
0
0
0
0
0
0
0
0
0
0
0
0
0
0
0
0
0
0
0
0
0
0
0
0
0
0
0
0
0
0
0
0
0
0
0
0
0
0
0
0
0
-1.08963e-17
-1.34089e-16
0
0
0
0
0
0
0
0
0
0
0
0
0
0
0
0
0
0
0
0
0
0
0
0
0
0
0
0
0
0
0
0
0
0
0
0
0
0
0
0
0
0
0
0
0
0
0
0
0
0
0
0
0
0
0
0
0
0
0
0
0
0
0
0
0
0
0
0
0
0
0
0
0
0
0
0
0
0
0
0
0
0
0
0
0
0
0
0
0
0
0
0
0
0
0
0
0
0
0
0
-2.48274e-15
-2.43621e-17
0
0
0
0
0
0
0
0
0
0
0
-4.27135e-16
2.00672e-16
0
0
0
0
0
0
0
0
0
0
0
0
0
0
0
0
0
0
0
0
0
0
0
0
0
0
0
0
0
0
8.87763e-19
-1.75768e-17
6.67561e-17
0
0
0
0
0
0
0
0
0
0
0
0
0
0
0
0
0
0
0
0
0
0
0
0
0
0
0
0
0
0
0
0
0
0
0
0
0
0
0
0
0
0
0
0
0
0
0
0
0
0
0
0
0
0
0
0
0
0
0
0
0
0
0
-1.60108e-15
-7.08182e-17
0
0
0
0
0
0
0
0
0
0
0
3.04276e-16
-7.90091e-17
0
0
0
0
0
0
0
0
0
0
0
0
0
0
0
0
0
0
0
0
0
0
0
0
0
0
0
0
0
0
0
0
0
0
0
0
0
0
0
0
0
0
0
0
0
0
0
0
0
0
0
0
0
0
0
0
0
0
0
0
0
0
0
0
-4.67085e-16
-3.22559e-16
0
0
0
0
0
0
0
0
0
0
0
0
0
0
0
0
0
0
0
0
0
0
0
0
0
0
0
0
0
0
0
0
0
0
0
0
0
0
0
0
-2.32528e-08
1.66425e-08
0
1.70802e-16
0
0
0
0
0
0
0
0
0
0
0
0
0
0
0
0
0
0
0
0
0
0
0
0
0
0
0
0
0
0
0
-2.67133e-16
7.12977e-17
0
0
0
0
0
0
0
0
0
0
0
0
0
0
0
0
0
0
0
0
0
0
0
0
0
0
0
0
0
-1.37146e-15
0
0
0
0
0
0
0
0
0
0
0
0
0
0
0
0
0
0
0
0
0
0
0
0
0
0
0
0
0
0
0
0
0
0
0
0
0
0
0
0
0
0
0
0
0
0
0
0
0
0
0
0
0
0
0
0
0
0
0
0
0
0
0
0
0
0
0
0
0
0
0
0
0
0
0
0
0
0
0
0
0
0
0
0
0
0
0
0
0
0
0
0
0
0
0
0
0
0
0
0
0
0
0
0
0
0
0
0
0
0
0
0
0
0
0
0
0
0
0
0
0
0
0
0
0
0
0
0
0
0
0
0
0
0
0
0
0
0
0
0
-9.80768e-18
-3.7363e-16
0
0
0
0
0
0
0
0
0
0
0
0
0
0
0
0
0
0
0
0
0
0
0
0
0
0
0
0
0
0
0
0
0
0
0
0
0
0
0
0
0
0
0
0
0
0
0
0
0
0
0
0
0
0
0
0
0
0
0
0
0
0
0
0
0
0
0
0
0
0
0
0
0
0
0
0
-3.22083e-16
1.03019e-15
0
0
0
0
0
0
0
0
0
0
0
0
0
0
0
0
0
0
0
0
0
0
0
0
0
0
0
0
0
0
0
0
-2.5243e-16
-5.12006e-31
0
0
0
0
0
0
0
0
0
0
0
0
0
0
0
0
0
0
0
0
0
0
0
0
0
0
0
0
0
0
0
0
0
0
0
0
0
-2.261e-17
3.74665e-16
0
0
0
0
0
0
0
0
0
0
0
0
0
0
0
0
0
0
0
0
0
0
0
0
0
0
0
0
0
0
0
0
0
0
0
0
0
0
2.6009e-16
4.25501e-17
0
0
0
0
0
0
0
0
0
0
0
0
0
0
0
0
0
0
0
0
0
0
0
0
0
0
0
0
0
0
0
1.69366e-16
-3.52454e-16
0
0
0
0
0
0
0
0
0
0
0
0
0
0
0
0
0
0
0
0
0
0
0
0
0
1.5894e-08
9.29576e-09
0
0
0
0
0
0
0
0
0
0
0
0
0
0
-1.77775e-16
1.6879e-16
0
0
0
0
0
0
0
0
0
0
0
0
0
0
0
0
0
0
0
0
1.40118e-16
0
8.52883e-16
0
0
0
0
0
0
0
0
0
0
0
0
0
0
0
0
0
0
0
0
0
0
0
0
-1.13811e-15
0
0
0
0
0
0
0
0
0
0
0
0
0
0
0
0
0
0
0
0
0
0
0
0
0
0
0
0
0
0
0
0
0
0
0
0
0
0
0
0
0
0
0
0
0
0
0
0
0
0
0
0
0
0
0
0
0
0
0
0
0
0
0
0
0
0
0
0
0
0
0
0
0
0
0
0
0
0
-3.59609e-17
0
0
0
0
0
0
0
0
0
0
0
0
0
0
0
0
0
0
0
0
0
0
0
0
0
0
0
0
0
0
0
0
0
0
0
0
0
0
0
0
0
0
0
0
0
0
0
0
0
0
0
0
0
0
-1.25949e-08
0
0
0
0
0
0
0
0
0
0
0
0
0
0
0
0
0
0
0
0
0
0
0
0
0
0
0
0
0
0
0
0
0
0
0
0
0
0
0
0
0
0
0
0
0
0
0
0
0
0
0
0
0
0
0
0
0
0
0
0
0
0
0
0
0
0
0
0
0
0
0
0
0
0
0
0
0
0
0
0
0
3.742e-16
0
0
0
0
0
0
0
0
0
0
0
0
0
0
0
0
0
0
0
3.06524e-16
-3.45062e-16
0
0
0
0
0
0
0
0
0
0
0
0
0
0
0
0
0
0
0
0
0
0
0
0
0
0
0
0
0
0
0
0
0
0
0
0
0
0
0
0
0
0
0
0
0
0
0
0
0
0
0
0
0
0
0
0
0
0
0
0
0
0
0
0
0
0
0
0
0
0
0
0
0
0
0
0
0
0
0
0
0
0
0
0
0
0
0
0
0
0
0
0
0
0
0
9.44718e-15
0
1.41612e-16
0
0
0
0
0
0
0
0
0
0
0
0
0
0
0
0
0
0
0
0
0
0
0
0
0
0
0
0
0
0
0
0
0
0
0
0
0
0
0
0
0
0
0
0
0
0
0
0
0
0
0
0
0
0
0
0
0
0
0
0
0
0
0
0
0
0
0
0
0
0
0
9.02193e-17
0
0
0
0
0
0
0
0
0
0
0
0
0
0
0
0
0
0
0
0
0
0
0
0
0
0
0
0
0
0
0
0
0
0
0
0
0
0
0
0
0
0
0
0
0
0
0
0
0
3.53938e-16
0
-3.83752e-17
0
0
0
0
0
0
0
0
0
0
0
0
-4.20297e-15
7.07201e-17
0
0
0
0
0
0
0
0
0
0
0
0
0
0
0
0
0
0
0
0
0
0
0
0
0
0
0
0
0
0
0
0
0
0
0
0
0
0
-7.62176e-16
8.7141e-17
0
0
0
0
0
0
0
0
0
0
0
0
0
0
0
0
0
0
0
0
0
0
0
0
0
0
0
0
0
0
0
0
0
0
0
0
0
0
0
0
5.34308e-15
0
0
0
0
0
0
0
0
0
0
0
0
0
0
0
0
0
0
7.18617e-15
0
0
0
0
0
0
0
0
0
0
0
0
0
0
0
0
0
0
0
0
0
0
0
0
0
0
0
0
0
5.84921e-16
0
0
0
0
0
0
0
0
0
0
0
0
0
0
0
0
0
0
0
0
0
0
0
0
0
0
0
0
0
0
0
0
0
0
0
0
0
0
0
0
0
0
0
0
0
0
0
0
0
0
0
0
0
7.78178e-16
0
0
0
0
0
0
0
0
0
0
0
0
0
0
0
0
0
0
0
0
0
0
0
0
0
0
0
0
0
0
0
0
0
0
0
0
0
9.20246e-17
5.73285e-17
3.22898e-16
0
0
0
0
0
0
0
0
0
-1.27801e-15
0
0
0
0
0
0
0
1.89788e-16
0
-5.16141e-16
-9.52783e-19
0
0
0
0
0
0
0
0
0
0
0
0
0
0
0
0
0
0
0
0
0
0
0
0
0
0
0
0
0
0
0
0
0
0
0
0
0
0
0
0
0
0
0
0
0
0
0
0
0
0
0
0
0
0
0
0
0
0
0
0
0
0
0
0
0
0
0
0
0
0
0
0
0
0
3.38798e-16
0
-7.71505e-16
0
0
0
0
0
0
0
0
0
0
0
0
0
0
0
0
0
0
0
0
0
0
0
8.06671e-16
8.22838e-15
0
0
0
0
0
0
0
0
0
0
0
0
0
0
0
0
0
0
0
0
0
0
0
0
0
0
0
0
0
0
0
5.94791e-16
-2.64461e-16
-4.18341e-17
0
0
0
0
0
0
0
0
0
0
0
0
0
0
0
0
0
0
0
0
0
0
0
0
0
0
0
0
0
0
0
0
-1.27658e-14
0
0
0
0
0
0
0
0
0
0
0
0
0
0
0
0
0
0
0
0
0
0
0
0
0
0
0
0
0
0
0
0
0
0
0
0
0
0
0
0
0
0
0
0
0
0
0
0
0
0
0
0
0
0
0
0
0
0
0
0
0
0
0
0
0
0
0
0
0
0
0
0
0
0
0
0
0
0
0
0
0
0
0
0
0
0
0
0
0
0
0
0
0
0
0
0
0
0
0
0
0
0
0
0
0
0
0
0
0
0
0
0
0
0
0
0
0
0
0
0
0
0
0
0
0
0
0
0
0
0
0
0
0
0
0
0
0
0
0
0
0
0
0
0
0
0
0
0
0
0
0
0
0
0
0
0
0
0
0
0
0
0
0
0
0
0
0
0
0
0
0
0
0
0
0
0
0
0
0
0
0
0
0
0
0
0
0
0
0
0
0
0
0
0
0
0
0
0
0
0
0
0
0
0
0
0
0
0
1.03171e-15
0
0
0
0
0
0
0
0
0
0
0
0
0
0
0
0
0
0
0
0
0
0
0
0
0
0
0
0
0
0
0
0
0
0
0
0
0
0
0
0
0
0
0
0
0
0
0
0
0
0
0
0
0
0
0
0
0
0
0
0
0
0
0
0
0
0
0
0
0
0
0
0
0
0
0
0
0
0
0
0
0
0
0
0
0
0
0
0
0
0
0
0
0
0
0
0
0
0
0
0
0
0
0
2.35863e-15
2.06201e-30
0
0
0
0
0
0
0
0
0
0
0
0
0
0
0
0
0
0
0
0
0
0
0
0
0
0
0
0
0
0
0
0
0
0
0
0
0
0
0
0
0
0
0
0
0
0
0
0
0
0
0
0
0
0
0
0
0
0
0
0
0
0
0
0
0
0
0
0
0
0
0
0
0
0
0
0
0
0
0
0
0
0
0
0
0
0
0
0
0
0
0
0
0
0
0
0
0
0
0
0
0
0
0
0
0
0
0
0
0
0
0
0
0
0
0
0
-3.76902e-15
-5.54079e-15
0
0
0
0
0
0
0
0
0
0
0
0
0
0
0
0
0
0
0
0
0
0
0
0
0
0
0
0
0
0
0
0
0
0
0
0
0
0
0
0
0
0
0
0
0
0
0
0
0
0
0
0
0
0
0
0
0
0
0
0
0
0
0
0
0
0
0
0
0
0
0
0
0
0
0
0
0
0
0
0
0
0
0
0
0
0
0
0
0
0
0
0
0
0
0
0
0
0
0
0
0
0
0
0
0
8.41707e-16
-4.85043e-17
0
0
0
0
0
0
0
0
0
0
0
0
0
0
0
0
0
0
0
0
0
0
0
0
0
-3.99962e-16
2.02132e-16
4.83818e-17
0
0
0
-5.46743e-16
-1.7166e-16
0
0
0
0
0
0
0
0
0
0
0
0
0
0
0
-1.03834e-16
7.01795e-15
0
0
0
0
0
0
0
0
0
0
3.18287e-15
0
-1.10666e-15
0
0
0
0
0
0
0
0
0
0
0
0
0
0
0
0
0
0
0
0
0
0
0
0
0
0
0
0
-4.29159e-16
0
7.7477e-16
0
0
0
0
0
0
0
0
0
0
0
0
0
0
0
0
0
0
0
0
0
0
0
0
0
0
0
0
0
0
0
0
0
0
0
0
0
0
0
0
1.08193e-15
7.91183e-16
-7.6676e-31
0
0
0
0
0
0
0
0
0
0
0
0
0
0
0
0
0
0
0
0
0
0
0
0
0
0
0
0
0
0
0
0
0
0
0
0
0
0
0
0
0
0
0
0
0
0
0
0
0
0
0
0
0
0
0
0
0
0
0
0
0
0
0
0
0
0
0
0
0
0
0
-7.55513e-17
0
0
0
0
0
0
0
0
0
0
0
0
0
0
0
0
0
0
0
0
-6.53555e-17
9.98841e-17
0
0
0
0
0
0
0
0
0
0
0
0
0
0
0
0
0
0
0
0
0
0
0
0
0
0
0
0
0
0
0
0
0
0
0
0
0
0
0
0
0
0
0
0
0
0
0
0
0
5.01107e-16
0
0
0
0
0
0
0
0
0
0
0
0
0
0
0
0
0
0
0
0
1.10892e-16
0
0
0
0
0
0
0
0
0
0
0
0
0
0
0
0
0
0
0
0
0
0
0
0
4.92127e-18
-3.0039e-17
1.73976e-16
0
0
0
0
0
0
0
0
0
0
0
2.17595e-16
-1.12847e-16
0
0
0
0
0
0
0
0
0
0
0
0
0
0
0
0
0
0
0
0
0
0
0
0
0
0
0
0
0
0
0
0
0
0
0
0
0
0
0
0
0
0
0
0
0
0
0
-1.80805e-16
1.22851e-16
0
0
0
0
0
0
0
0
0
0
0
0
0
0
0
0
0
0
0
0
6.94711e-16
0
-1.11267e-18
0
0
0
0
0
0
0
0
0
0
0
0
0
0
0
0
0
7.54329e-19
0
-1.17374e-18
0
0
0
0
0
0
0
0
0
-5.99627e-17
0
0
0
0
2.03803e-30
0
0
0
0
0
0
0
0
0
0
0
0
0
0
0
0
0
0
0
0
0
0
0
0
0
0
0
0
0
0
0
0
0
0
0
0
0
0
0
0
0
0
0
0
0
0
0
0
0
0
0
0
0
0
0
0
0
0
0
0
0
0
0
0
0
0
6.20809e-17
-2.2964e-16
0
0
0
0
0
0
0
0
0
0
0
0
0
0
0
0
0
0
0
0
0
0
0
0
0
0
0
0
0
0
0
0
0
0
0
0
0
0
0
0
0
0
0
0
0
0
0
0
0
0
0
0
0
0
0
9.66593e-19
-6.68332e-16
-5.2626e-17
0
0
0
0
0
0
0
0
0
0
0
0
0
0
0
0
0
0
0
0
0
0
0
0
0
0
0
0
0
-8.18819e-17
-5.57619e-16
0
0
0
0
0
0
0
0
0
0
0
0
0
0
0
0
0
0
0
0
0
0
0
0
0
0
0
0
0
0
0
0
0
0
0
0
0
0
0
0
0
0
0
0
0
0
-5.63834e-17
0
0
0
0
0
0
0
0
0
0
0
0
0
0
0
0
0
0
0
0
0
0
0
0
0
0
0
0
0
0
0
0
0
0
0
-1.38425e-15
0
0
0
0
0
0
0
0
0
0
0
0
0
0
0
0
0
0
0
0
0
0
0
0
0
0
0
0
0
0
0
0
0
0
0
0
0
0
0
0
0
0
-1.66995e-15
2.51674e-16
-3.40485e-15
0
0
0
0
0
0
0
0
0
0
0
0
0
0
0
0
0
0
0
0
0
0
0
0
0
0
0
0
0
0
0
0
0
0
0
0
0
0
0
0
0
0
0
0
0
0
0
0
0
0
0
0
0
0
0
0
0
0
0
0
0
0
0
0
0
0
0
0
0
0
0
0
0
-5.09508e-31
-4.18632e-16
0
0
0
0
0
0
0
0
0
0
0
0
0
0
0
0
0
0
0
0
0
0
0
0
0
0
0
0
0
0
0
0
0
0
0
0
-1.77301e-15
0
0
0
0
0
0
0
0
0
0
0
0
0
2.47352e-17
-2.98078e-16
1.50363e-15
0
0
0
0
0
0
0
0
0
0
0
0
0
0
0
0
0
0
0
0
0
0
0
0
0
0
0
0
0
0
0
0
0
0
0
0
0
0
0
0
0
0
0
0
0
0
0
0
0
0
0
0
0
0
0
0
0
0
0
0
0
0
0
0
0
0
0
0
0
0
0
0
0
0
0
0
0
0
0
0
0
0
0
0
0
0
0
0
0
0
0
0
0
0
0
0
0
0
0
0
0
0
0
0
0
0
0
0
0
-2.35339e-15
0
-1.55334e-15
0
0
2.73122e-16
0
0
0
0
0
0
0
0
-3.33806e-15
0
0
0
0
0
0
0
0
0
0
0
0
0
0
2.31604e-17
0
0
0
0
0
0
0
0
0
0
-2.06201e-30
-1.4853e-15
0
0
0
0
0
0
8.83156e-16
0
0
0
0
0
0
0
0
0
0
0
2.43366e-15
0
7.02609e-16
1.71829e-17
0
2.80765e-17
0
0
0
0
0
0
0
0
0
0
0
0
0
0
0
0
0
1.50779e-16
-1.22329e-15
0
0
0
0
0
-1.00664e-17
-3.09238e-17
0
0
0
0
0
-4.58158e-16
0
0
0
0
0
0
0
0
0
0
0
0
0
0
0
0
0
0
0
0
0
0
0
0
0
0
0
0
0
0
0
0
0
0
0
0
0
0
7.1617e-16
0
6.54172e-16
0
0
0
0
0
-1.17776e-17
-9.92308e-15
0
6.56036e-15
0
0
0
0
0
0
0
0
0
0
0
0
0
0
0
0
0
0
0
0
0
0
2.88591e-14
0
0
0
0
0
0
0
0
0
0
0
0
0
0
0
0
0
0
0
0
0
0
0
0
0
0
0
0
0
0
0
0
0
0
0
0
0
0
0
0
-1.32963e-15
4.41487e-16
0
0
0
0
0
0
0
0
0
0
0
0
0
0
0
0
0
0
0
0
0
0
0
0
0
0
0
0
0
0
0
0
0
0
0
0
0
0
0
0
0
0
0
0
0
0
0
2.84776e-18
0
0
0
0
0
0
0
0
0
0
-1.80029e-16
-2.14812e-17
0
0
0
0
0
0
0
0
0
0
0
0
0
0
0
0
0
0
0
0
0
0
0
0
0
0
0
0
0
0
0
0
-1.94421e-17
1.49588e-17
0
0
0
0
0
0
0
0
0
0
0
3.58114e-17
1.88328e-18
0
0
0
0
0
0
0
0
0
0
0
0
0
0
0
0
0
0
0
0
0
0
0
0
0
0
0
0
0
0
0
0
0
0
0
0
0
0
0
0
0
0
0
0
0
0
0
0
0
0
0
0
0
0
0
0
0
0
0
-1.76869e-16
0
0
0
0
0
1.70492e-15
0
-3.94375e-15
0
-3.60495e-15
0
0
0
0
0
0
0
0
0
0
0
0
0
0
0
0
0
0
0
0
0
0
0
0
0
0
0
0
0
0
0
0
0
0
0
0
0
0
0
0
0
0
0
0
0
0
0
0
0
0
0
-1.16983e-15
-1.11339e-15
-1.3775e-17
0
0
0
0
0
0
0
0
0
0
0
0
0
0
0
0
0
0
0
0
0
0
0
0
0
0
-2.09798e-17
0
6.65973e-17
0
0
0
0
0
0
0
0
0
0
0
0
0
0
0
0
0
0
0
0
0
0
0
0
0
0
0
0
0
0
0
0
0
0
0
0
0
0
0
0
0
0
0
0
0
0
0
0
0
0
0
0
0
0
0
0
0
0
0
0
0
0
0
0
0
0
0
0
0
0
0
0
0
0
0
0
0
0
0
0
0
0
0
0
0
-1.14692e-16
1.77361e-16
0
0
0
0
0
0
0
0
0
0
0
0
0
0
0
0
0
0
0
0
0
0
0
0
0
0
0
0
0
0
0
0
0
0
0
0
0
0
0
0
0
0
0
0
0
0
0
0
0
0
0
0
0
0
0
0
0
0
0
0
0
0
0
0
0
0
0
0
0
0
0
0
0
0
0
0
0
0
0
0
0
0
0
0
0
0
0
0
0
0
0
0
-6.88985e-16
-1.01858e-15
0
0
0
0
0
0
0
0
0
0
0
0
0
0
0
0
0
0
0
0
0
0
0
0
0
0
0
0
0
0
0
0
0
0
0
0
0
0
0
0
0
0
0
0
0
0
0
0
0
0
0
0
0
0
-2.74746e-17
1.5681e-15
7.96006e-16
0
0
0
0
0
0
0
0
0
0
0
0
0
0
8.23857e-17
0
0
0
0
0
0
0
0
0
0
0
0
0
0
0
0
0
0
0
0
0
0
0
0
0
0
0
0
0
0
0
0
0
0
0
0
0
0
0
0
0
0
0
0
0
0
0
0
0
0
0
0
0
0
0
0
0
0
0
0
0
0
0
2.89984e-17
5.12505e-31
0
0
0
0
0
0
0
0
2.35711e-17
0
0
0
0
0
0
0
0
0
0
0
0
0
0
0
0
0
0
0
0
0
0
0
0
0
0
0
0
0
0
0
0
0
0
0
0
0
0
0
0
0
0
0
0
0
0
0
0
-5.59136e-17
6.41969e-17
0
0
0
0
0
0
0
0
0
0
0
0
0
0
0
0
0
0
0
0
0
0
5.96786e-16
0
-3.14163e-16
0
0
0
0
0
0
0
0
0
0
0
0
0
0
0
0
0
0
0
0
0
0
0
0
0
0
0
0
0
0
0
0
0
0
0
0
0
0
0
0
0
0
0
0
0
0
0
0
0
0
0
0
0
0
0
0
0
0
0
0
0
0
0
0
0
0
0
0
-7.42026e-16
0
0
0
0
0
0
0
0
0
0
0
0
0
0
0
0
0
0
0
0
0
0
0
0
0
0
0
0
0
0
0
0
0
0
0
0
0
0
0
0
0
0
0
0
0
0
0
6.67935e-16
0
0
0
0
0
0
0
0
0
0
0
0
0
1.36617e-15
-6.855e-16
0
0
0
0
0
0
0
0
0
0
-1.84024e-16
6.28531e-17
0
0
0
0
0
0
0
0
0
0
0
-1.15455e-17
0
0
0
0
0
0
0
3.315e-18
-4.91952e-16
0
0
0
0
0
0
0
0
0
0
0
0
0
0
0
0
0
0
0
0
0
0
0
0
0
0
0
0
0
0
0
0
0
0
0
0
0
0
0
0
0
0
0
0
0
0
0
0
0
0
9.50043e-18
-1.4355e-15
0
0
0
0
0
0
0
0
0
0
0
0
0
0
0
0
0
0
0
0
0
0
0
0
0
0
0
0
8.52403e-16
8.78846e-16
0
0
0
0
0
0
0
0
0
0
0
0
0
0
0
0
0
0
0
0
0
0
0
0
0
0
0
0
0
0
0
0
0
0
6.15108e-19
-1.02501e-16
0
0
0
0
0
0
0
0
0
0
0
0
0
0
0
0
0
0
0
0
0
-7.1498e-17
8.48895e-17
0
0
0
0
0
0
0
0
0
0
0
0
0
0
0
0
0
0
0
0
0
0
0
0
0
0
0
0
0
0
0
0
0
0
2.45906e-09
0
-1.86936e-08
0
0
0
0
0
0
0
0
0
8.26161e-17
0
0
0
0
0
0
0
0
0
0
0
0
0
0
0
0
0
0
0
0
0
0
0
0
0
0
0
0
0
0
0
0
0
0
0
0
0
0
0
0
0
0
0
0
0
0
0
0
0
0
0
0
0
0
0
0
0
0
0
0
0
0
0
0
0
0
0
0
0
0
0
0
0
0
0
0
0
0
0
0
0
0
0
0
0
0
0
0
0
0
0
0
0
0
0
0
0
0
0
0
0
0
0
0
0
0
0
0
0
0
0
0
0
0
0
0
0
-1.41972e-15
0
0
0
0
0
0
0
0
0
0
0
0
0
0
0
0
0
0
0
0
0
0
1.06659e-15
0
0
0
0
0
0
0
0
0
0
0
0
0
0
0
0
0
0
0
0
0
0
0
0
0
0
0
0
0
0
0
0
0
0
0
0
0
0
0
0
0
0
0
0
0
0
0
0
0
0
0
0
0
0
0
0
0
0
0
0
0
0
0
0
0
0
0
0
0
0
0
0
0
0
0
0
0
0
0
0
0
0
0
0
0
0
0
0
0
0
0
9.75233e-16
1.29226e-18
0
0
0
0
0
-1.82845e-15
-3.01008e-17
0
0
0
0
0
0
0
0
0
0
0
0
0
0
0
0
0
4.33955e-17
0
0
0
0
0
0
0
0
0
0
0
0
0
0
0
0
0
0
0
0
0
0
5.26605e-16
0
0
0
0
0
-7.56855e-16
1.52749e-15
0
0
0
0
0
0
0
0
0
0
0
0
0
0
0
0
0
0
0
0
0
0
0
0
0
0
0
0
0
0
0
0
0
0
0
0
0
0
0
0
0
0
0
0
0
0
0
0
0
0
0
0
0
0
0
-1.59966e-08
3.01733e-16
0
0
0
0
0
0
0
0
0
0
0
0
0
0
0
0
0
0
0
0
0
0
0
0
0
0
0
0
0
0
0
0
0
0
0
0
0
0
0
0
0
0
0
0
0
0
0
0
0
0
0
0
0
0
0
0
0
0
0
0
1.43894e-15
0
0
0
0
0
0
0
0
0
0
0
0
0
0
0
0
0
0
0
0
0
0
0
0
0
0
0
-1.0751e-17
0
0
0
0
0
0
0
0
0
0
0
0
0
0
0
0
0
0
-2.00178e-16
0
0
0
0
0
0
0
-1.43029e-17
0
0
0
0
2.86922e-16
0
-1.60637e-14
0
0
0
0
0
0
0
0
0
0
0
0
0
0
0
0
0
0
0
5.83191e-16
0
0
0
0
0
1.59191e-15
-1.11866e-17
0
0
0
0
0
0
0
0
0
0
0
0
0
0
0
0
0
0
0
0
0
0
0
0
0
0
0
0
1.81388e-15
0
0
4.09172e-16
-2.18002e-15
0
0
0
0
0
0
0
0
0
0
0
-1.99362e-15
6.72622e-17
-1.8654e-15
0
0
6.06852e-17
0
-3.50284e-17
1.78096e-17
0
0
0
0
0
0
0
0
0
0
-2.65233e-17
0
0
0
0
0
0
0
0
0
0
0
0
0
0
0
0
0
0
0
0
0
0
0
0
0
0
0
0
0
0
0
0
-4.46825e-16
0
0
0
0
0
0
0
0
0
0
0
0
0
0
0
1.5447e-15
0
0
0
0
0
0
0
0
0
1.60463e-14
0
0
0
0
0
0
0
0
0
0
0
0
0
0
0
0
0
-2.0202e-15
0
0
0
0
0
0
0
-6.69219e-17
0
0
0
0
0
0
0
0
0
0
0
0
0
0
0
0
0
0
0
0
0
0
0
0
9.02216e-17
0
0
0
0
0
0
0
0
0
0
0
-7.11112e-16
-4.45812e-16
0
0
0
0
0
0
0
0
0
0
0
0
0
0
0
0
0
0
0
0
-5.51397e-17
-2.95837e-17
0
-1.5602e-15
0
3.59985e-17
0
0
0
0
0
0
0
0
0
0
0
0
0
0
0
0
0
0
0
0
0
0
0
0
0
0
0
0
0
0
0
0
0
0
0
0
0
0
0
0
0
0
0
0
0
0
0
0
0
0
-2.83921e-16
0
0
0
0
0
0
0
0
0
0
0
0
0
0
0
0
0
0
0
0
0
0
-5.96151e-16
0
0
0
0
0
0
0
0
0
0
0
0
0
0
0
0
0
0
0
0
0
0
0
0
0
0
0
0
0
0
0
0
0
0
0
0
0
0
0
0
0
0
0
0
0
0
0
0
0
3.50564e-18
0
0
0
0
0
0
0
0
0
0
0
0
0
0
0
0
-8.58415e-17
0
0
0
0
0
0
0
0
0
0
0
0
0
0
0
0
0
0
0
0
0
0
0
0
0
0
0
0
0
0
0
0
0
0
0
0
0
0
-1.56452e-08
0
0
0
0
0
0
0
0
0
0
0
0
0
0
0
0
0
0
0
0
0
0
0
0
0
0
0
0
-1.41923e-16
0
0
0
0
0
0
0
0
0
-1.93828e-17
3.14246e-16
-4.17398e-16
0
0
0
0
0
0
0
0
0
0
0
0
0
0
0
0
0
0
0
0
0
0
0
0
0
0
0
0
0
0
0
2.09168e-17
0
0
0
0
1.72059e-15
-5.53936e-17
0
0
0
0
0
0
0
0
0
0
0
0
0
0
0
0
0
0
0
0
0
0
0
0
0
0
0
0
0
0
0
0
0
1.35927e-17
2.51232e-15
0
0
0
0
0
0
0
0
0
0
0
0
0
0
0
0
0
0
0
0
0
0
0
0
0
0
0
0
0
0
0
0
0
0
0
0
0
0
0
0
0
0
0
0
0
0
0
0
0
0
0
0
0
0
0
0
0
0
0
0
0
0
0
0
0
0
0
0
0
0
0
0
0
0
0
0
0
0
0
0
0
0
0
0
0
0
0
0
0
0
0
0
0
0
0
0
0
6.15157e-17
1.75762e-14
0
0
0
3.96363e-19
0
0
0
0
0
0
0
0
0
0
0
0
0
0
0
0
0
0
0
0
0
0
0
0
0
0
0
0
-1.65659e-16
-1.50448e-15
0
0
0
0
-8.91727e-17
0
8.14702e-16
0
0
0
0
0
0
0
0
0
0
0
0
0
0
0
0
0
0
0
0
0
0
0
0
0
0
0
0
0
0
0
0
0
0
0
0
0
0
0
0
0
0
0
0
-8.86019e-18
0
-9.4577e-18
0
0
0
0
0
0
0
0
0
0
0
0
0
0
0
0
0
0
0
0
0
0
0
0
0
0
0
0
0
0
0
0
0
0
0
0
0
0
0
0
0
0
0
0
0
0
0
0
0
0
0
0
0
0
0
0
0
0
0
0
0
0
0
0
0
0
0
-2.07277e-15
0
0
0
0
0
0
0
0
0
0
0
0
0
0
0
0
0
0
0
0
-1.50659e-14
0
0
0
0
0
0
0
0
0
0
0
0
0
0
0
0
0
0
0
0
0
0
0
0
0
0
0
0
0
0
0
0
0
0
-8.12934e-17
9.34153e-17
0
0
0
-4.41789e-17
0
0
0
0
0
0
0
0
0
0
0
0
0
0
0
0
0
0
0
0
0
0
0
0
0
0
0
0
0
0
0
0
0
0
0
0
0
0
0
0
0
0
0
0
0
0
0
0
0
0
0
0
0
0
0
0
0
0
0
-4.70796e-16
-1.72091e-16
0
0
0
0
0
-4.16444e-16
0
0
0
0
0
0
0
0
0
0
0
0
0
0
0
0
0
0
0
0
0
0
0
3.44623e-16
0
0
0
0
0
0
0
0
0
0
0
0
0
1.01567e-16
0
0
0
0
0
0
0
0
0
0
0
0
0
0
0
0
0
0
0
0
0
0
0
0
0
0
0
0
0
0
0
0
0
0
0
0
0
0
0
0
0
0
0
0
0
0
0
0
0
0
0
0
0
0
0
0
0
0
0
0
0
0
0
0
0
0
0
0
0
0
0
0
0
0
0
0
0
0
0
0
0
0
0
0
0
0
0
0
0
0
0
0
0
0
0
0
0
0
0
0
-3.1524e-15
-3.01415e-17
0
0
0
0
0
0
0
0
0
0
0
0
0
0
0
0
0
0
0
0
0
0
0
0
0
0
0
0
0
0
0
0
0
0
0
0
0
0
0
-3.68336e-17
1.55728e-17
0
0
0
0
0
0
0
0
0
0
0
0
0
0
0
0
0
0
0
0
0
0
0
0
0
6.85136e-14
3.3058e-14
0
0
0
0
0
0
0
0
0
0
0
0
0
0
0
0
0
0
0
0
2.57963e-16
0
0
0
0
0
0
0
0
0
0
0
0
0
0
0
0
0
0
0
0
0
0
0
0
0
0
0
0
0
0
0
0
0
0
0
0
0
0
0
0
0
0
0
0
0
0
0
0
0
0
0
0
0
0
0
0
0
0
0
0
-4.08135e-17
6.24437e-17
0
0
0
0
0
0
0
0
0
0
0
0
0
0
0
0
0
0
0
0
0
0
0
0
0
0
0
0
0
0
0
0
0
0
0
0
0
0
0
0
0
0
0
0
0
0
0
0
0
0
0
0
0
0
0
0
0
0
0
0
0
0
3.06529e-16
6.67642e-16
0
0
0
0
0
0
0
0
0
0
0
0
0
0
0
0
0
0
0
0
0
0
0
0
0
0
0
0
0
0
0
0
0
0
0
0
0
0
0
0
0
0
0
0
0
0
0
0
0
0
0
0
0
0
0
0
0
0
0
0
0
0
0
0
0
0
0
0
0
0
0
0
0
0
0
-5.11805e-14
-1.26993e-14
0
0
-2.00259e-16
6.33961e-16
0
0
0
0
0
0
0
0
0
0
0
0
0
0
0
0
0
0
0
0
0
0
0
0
0
0
0
0
0
0
0
0
0
0
0
0
-3.33901e-17
0
0
0
0
0
0
0
0
0
0
0
0
0
0
0
0
0
0
0
0
0
0
0
0
0
0
0
0
0
0
0
0
0
0
0
0
0
0
0
0
0
0
0
0
0
0
0
0
0
0
0
0
0
0
0
0
0
0
0
0
0
0
0
0
0
0
0
0
0
0
0
0
0
0
0
0
0
0
0
0
0
0
0
0
0
0
0
0
0
0
0
0
0
0
0
0
0
0
0
0
0
0
0
0
0
0
0
0
0
0
0
0
0
0
0
0
0
0
0
0
0
0
0
0
0
0
0
0
0
0
0
0
-2.09501e-16
0
0
0
2.51484e-16
-1.10278e-16
0
0
0
0
0
0
0
0
0
0
0
0
0
0
0
0
0
0
0
0
0
0
0
0
0
0
-1.24797e-16
0
0
0
0
0
0
0
0
0
0
0
-1.29749e-16
5.9527e-16
0
0
0
0
0
0
0
0
0
0
0
0
0
0
0
0
0
0
0
0
0
0
0
0
0
0
0
0
0
0
0
0
0
0
3.11112e-16
0
0
0
0
3.09955e-17
0
0
0
0
0
0
0
0
0
0
0
0
0
0
0
0
0
0
0
0
0
0
0
0
2.05345e-15
-3.26597e-15
0
0
0
0
0
0
0
0
0
0
0
0
0
0
0
0
0
0
0
0
0
0
0
0
0
0
0
0
0
0
0
0
0
0
0
0
0
0
0
0
0
0
0
0
0
0
0
-1.88602e-16
-2.63017e-16
0
0
5.45227e-17
-1.17443e-16
0
0
0
0
0
0
0
0
0
0
0
0
0
0
0
0
0
0
0
0
0
0
0
0
0
0
0
0
0
0
0
0
0
0
0
0
0
0
0
0
0
0
0
0
0
0
0
0
0
0
0
0
0
0
0
0
0
0
-1.25949e-08
0
0
0
0
0
5.23444e-16
2.84806e-16
0
0
0
0
0
0
0
0
0
0
0
0
0
0
0
0
0
0
0
0
0
0
1.35866e-15
0
0
0
0
0
0
0
0
0
0
0
0
0
0
0
0
0
0
0
0
0
0
0
0
0
0
0
0
0
0
0
0
0
0
0
0
0
0
0
0
0
0
0
0
0
0
0
0
0
0
0
0
0
0
0
0
0
0
0
0
0
0
0
0
0
1.06252e-16
-1.04812e-16
0
0
0
0
0
0
0
0
0
0
0
2.10219e-16
9.45629e-17
0
0
0
0
0
0
0
0
0
0
0
0
0
0
0
0
0
0
0
0
0
0
0
0
0
0
0
0
0
0
0
0
0
0
0
0
0
0
0
0
0
0
0
0
0
0
0
0
0
0
0
0
0
0
0
0
0
0
0
0
0
0
0
0
0
0
0
0
0
0
0
0
0
0
0
0
0
0
0
0
0
0
0
0
0
0
0
0
0
0
0
0
0
0
0
0
0
0
0
0
0
0
0
0
0
0
0
0
0
0
0
0
0
0
0
0
0
0
0
0
0
0
0
0
0
0
1.39145e-15
0
0
0
0
0
0
0
0
0
0
0
0
0
0
0
0
2.21772e-15
2.5913e-16
0
0
0
0
0
0
0
0
0
0
0
0
0
0
0
0
0
0
0
0
0
0
0
0
0
0
0
0
0
0
0
0
0
0
0
0
0
0
0
0
0
0
0
0
0
0
0
0
0
0
0
0
0
0
0
0
0
0
0
0
0
0
0
0
0
0
0
0
0
0
0
0
0
0
0
0
0
0
0
0
0
0
0
0
0
0
0
0
0
0
0
0
0
0
0
0
0
0
0
0
0
0
0
0
0
0
0
0
0
0
0
0
0
0
0
0
0
0
0
0
0
0
0
-1.1139e-15
0
0
0
0
0
0
0
0
0
0
0
0
0
0
0
0
0
0
0
0
0
0
0
0
0
0
0
0
0
0
0
0
0
0
0
0
0
0
0
0
0
0
0
0
0
0
0
0
0
0
0
0
0
0
0
0
0
0
0
0
-2.84818e-15
0
0
0
0
0
0
0
0
0
0
0
0
0
0
0
0
0
0
0
0
0
0
0
0
0
0
0
0
0
0
0
0
0
0
0
0
0
0
0
0
0
0
0
0
0
0
0
0
0
0
0
-2.73672e-15
0
0
0
0
0
0
0
0
0
0
0
0
0
0
0
0
0
0
2.15998e-16
0
0
0
0
0
0
0
0
0
0
0
0
0
0
0
0
0
0
0
0
0
0
2.6934e-17
0
0
0
0
0
0
0
0
0
0
0
0
0
0
0
0
0
0
0
0
0
0
0
0
0
0
0
0
0
0
0
0
0
0
0
0
0
0
0
0
0
0
0
0
0
0
0
0
0
0
0
0
0
0
1.66011e-16
0
-1.59285e-15
-3.4247e-17
0
0
0
0
0
0
2.21147e-15
0
0
0
0
0
0
0
0
0
0
0
0
0
0
0
0
0
0
0
0
0
0
0
0
0
0
0
0
0
0
0
0
0
0
0
0
0
0
0
0
0
0
0
0
0
0
0
0
0
0
0
0
0
0
0
0
0
0
0
0
0
0
0
0
0
0
0
0
0
0
0
0
0
0
0
0
0
0
0
0
1.10417e-16
0
0
0
0
0
0
0
0
0
0
0
0
0
0
0
0
0
0
0
0
0
0
0
0
0
0
0
0
0
0
0
0
0
0
0
0
0
0
0
0
0
0
0
0
0
0
0
0
0
0
0
0
0
0
0
0
0
0
0
0
0
0
0
0
0
0
0
0
0
0
0
0
0
0
0
0
0
0
0
0
0
0
0
0
0
0
0
0
0
0
0
0
0
0
0
0
0
0
0
0
0
0
0
0
1.59234e-18
0
0
0
0
0
0
0
0
0
0
0
0
0
1.77537e-14
0
0
0
0
0
0
0
0
0
0
0
0
0
0
0
0
0
0
0
0
0
0
0
0
0
0
0
0
0
0
0
0
0
0
1.98524e-16
-6.59305e-16
0
0
0
0
0
0
0
0
0
0
0
0
0
0
0
0
0
0
0
0
0
0
0
0
0
0
0
0
0
0
0
0
0
0
0
0
0
0
0
0
0
0
0
0
0
0
0
0
0
0
0
0
0
0
0
0
0
0
0
0
0
0
0
0
0
0
0
0
0
0
0
0
0
0
0
0
0
0
0
2.79886e-15
3.87313e-15
6.31094e-17
0
0
0
0
0
0
0
0
0
0
0
0
0
0
0
0
0
0
0
0
0
0
0
0
0
0
0
0
0
0
0
0
0
0
0
0
0
0
0
0
0
0
0
0
0
0
0
0
0
0
0
0
0
0
0
0
0
0
0
0
0
0
0
0
0
0
0
0
0
0
0
0
0
0
0
0
0
0
0
0
0
0
0
-4.22595e-16
0
7.79272e-18
0
0
0
0
0
0
0
0
0
0
0
0
0
0
0
0
0
0
0
0
0
0
3.69601e-17
0
0
0
0
0
0
0
0
0
0
0
0
0
0
0
0
0
0
0
0
0
0
0
0
0
0
0
0
0
0
0
0
0
0
0
0
0
0
0
0
0
0
0
0
0
0
0
0
-9.78486e-17
0
3.33484e-16
0
0
0
0
0
0
0
0
0
0
0
0
0
0
0
0
0
0
0
0
0
0
0
0
0
0
0
0
0
0
0
0
0
0
0
0
0
0
0
0
0
0
0
0
0
0
0
0
0
0
0
0
0
0
0
0
0
0
0
0
0
0
0
0
0
0
0
0
0
0
0
0
0
0
0
0
0
0
0
0
9.45479e-18
0
-8.48391e-17
0
0
0
0
0
0
0
0
0
0
0
1.67886e-14
0
8.06026e-16
0
0
0
0
0
0
0
0
0
0
2.77832e-15
0
9.14262e-16
0
-6.85081e-18
0
0
0
0
0
0
0
-3.6406e-16
0
0
0
0
0
0
0
0
0
0
0
0
0
0
0
0
0
0
0
0
0
0
0
0
0
0
0
0
0
0
0
0
0
0
0
0
0
0
0
0
0
0
0
0
0
0
0
0
0
0
0
0
0
0
0
0
0
0
0
0
0
0
0
0
0
0
0
0
0
0
0
0
0
0
0
0
0
0
0
0
0
0
0
0
0
0
0
0
0
0
0
0
0
0
0
0
0
0
0
0
0
0
0
0
0
-7.03903e-16
0
0
0
0
0
0
0
0
0
0
0
0
0
0
0
0
0
0
0
0
0
0
0
-4.51009e-17
-2.22248e-17
0
0
0
0
0
0
0
2.84749e-17
2.77912e-14
0
0
2.03175e-16
0
0
0
0
0
0
0
0
0
0
0
0
0
0
0
0
0
0
0
0
0
0
0
0
0
0
0
0
0
0
0
0
0
0
0
0
0
0
0
0
0
0
0
0
0
0
-2.36488e-17
1.68785e-17
0
0
0
0
0
0
0
0
0
0
0
0
0
1.03542e-14
3.42345e-14
0
0
0
0
0
0
0
0
0
0
0
0
0
0
0
0
0
0
0
0
0
0
0
0
0
0
-3.76511e-17
0
0
0
0
0
0
0
0
0
0
0
0
0
0
0
0
0
0
0
0
0
0
0
0
0
0
0
0
0
0
0
0
0
0
0
0
0
0
0
0
0
0
0
0
0
0
0
0
0
0
0
0
0
0
0
0
0
0
0
0
0
0
0
-2.04492e-16
0
0
0
0
0
8.61537e-18
-1.5267e-16
2.47271e-16
0
0
0
0
0
0
0
0
0
0
0
0
0
0
0
0
0
0
0
0
0
0
0
0
0
0
0
0
0
0
-6.92392e-18
0
-1.13238e-15
0
0
0
0
0
0
0
0
0
0
0
0
0
0
0
0
0
0
0
0
0
0
0
0
0
0
0
0
0
0
5.27614e-16
-3.20363e-16
0
0
0
0
0
0
0
0
0
0
0
0
0
0
-5.23356e-15
0
0
0
0
0
0
0
0
0
0
0
0
0
0
0
0
0
0
0
0
0
0
0
0
0
0
1.53125e-14
0
0
0
5.19913e-15
0
0
0
0
0
0
0
0
0
0
0
0
0
-2.68299e-15
0
0
0
0
0
0
0
0
0
0
0
0
0
0
0
0
0
0
0
0
0
0
0
0
0
0
0
0
0
0
0
0
0
0
0
0
0
0
0
-3.42994e-16
7.97278e-17
0
0
0
0
0
0
0
0
0
0
0
0
0
0
0
0
0
0
0
0
0
1.01821e-15
2.06478e-15
0
0
0
0
0
0
0
0
0
0
0
0
-4.37935e-18
0
0
0
0
0
0
0
0
0
0
0
0
0
0
7.22113e-17
0
0
0
0
0
0
0
0
0
0
0
0
0
0
0
0
0
0
0
0
0
0
0
0
0
0
0
0
0
-2.44865e-17
3.37486e-17
0
0
0
0
0
0
0
0
0
0
0
0
0
0
0
0
0
0
0
0
0
0
0
0
8.02504e-16
0
-1.56866e-16
0
0
0
0
0
0
0
0
0
0
0
0
0
0
0
0
0
0
1.58077e-17
0
0
0
0
0
0
0
0
-3.68939e-16
-1.19586e-15
0
0
0
0
0
0
0
0
0
0
0
0
0
0
0
0
0
0
0
0
0
0
0
0
0
0
0
0
0
0
0
0
0
0
0
0
0
0
0
0
0
0
0
0
0
0
0
0
0
0
0
0
0
-7.34493e-17
0
0
0
0
0
0
-1.64138e-17
0
0
0
0
0
0
0
0
0
0
0
0
0
0
0
0
0
0
0
0
0
0
0
0
0
0
0
0
0
0
0
0
0
0
0
0
0
0
0
0
1.78417e-14
0
0
0
0
0
0
0
0
0
0
0
0
0
0
0
0
0
0
0
0
0
0
0
0
0
0
0
0
0
0
0
0
0
0
0
0
0
0
0
0
0
0
0
0
0
0
0
0
0
0
0
0
0
0
0
0
0
0
0
0
0
0
0
0
0
0
-1.3634e-15
0
0
0
0
1.78247e-15
-2.96598e-16
0
0
0
0
-2.54461e-15
-1.85703e-16
0
0
0
0
0
0
0
0
0
0
0
0
0
0
0
0
0
0
0
0
0
0
0
0
0
0
0
0
-7.62477e-17
0
0
0
0
0
0
0
0
1.52936e-14
0
0
0
0
0
0
0
0
0
0
0
0
0
0
0
2.8727e-19
0
0
0
0
-4.45317e-16
0
0
0
0
0
0
0
0
0
0
0
0
0
0
0
0
0
0
0
0
0
0
0
0
0
0
0
0
-3.253e-17
2.47722e-16
0
0
0
0
0
0
0
0
0
0
0
0
0
0
0
0
0
0
0
0
0
0
0
0
0
0
0
0
0
0
0
0
0
0
0
0
0
0
0
0
0
0
0
0
0
0
0
0
0
0
0
0
0
0
0
-2.6195e-15
0
0
0
0
0
0
1.101e-17
0
0
0
0
0
0
0
0
0
0
0
0
0
0
0
0
0
0
0
0
0
0
0
0
0
0
0
0
0
0
0
0
0
0
0
0
0
0
0
0
0
0
0
0
0
0
0
0
0
0
0
0
0
0
0
0
0
0
0
0
0
0
0
0
0
0
0
0
0
0
0
0
0
0
0
0
0
0
0
0
0
0
0
0
0
0
0
0
0
0
0
0
0
0
0
0
0
0
0
0
0
0
0
0
0
0
0
0
0
0
0
0
9.45796e-17
0
0
0
0
0
0
0
0
0
0
0
0
3.62106e-16
0
0
0
0
0
0
0
0
0
0
0
0
0
0
0
0
0
0
0
0
0
0
0
0
0
0
0
0
0
0
0
0
0
0
0
0
0
0
0
0
0
0
0
0
0
0
0
0
0
0
0
0
0
0
0
0
0
0
0
0
0
0
0
0
0
0
0
0
0
0
0
0
0
0
0
0
0
0
0
0
0
0
0
0
0
0
0
0
0
0
0
0
0
0
0
0
0
0
0
0
0
0
0
0
0
0
2.79562e-16
0
0
0
0
0
0
1.60096e-15
-1.88334e-17
0
0
0
0
0
0
0
0
0
0
0
0
0
0
0
0
0
0
0
0
0
0
0
0
0
0
0
0
0
0
0
0
0
0
0
0
0
0
0
0
0
0
0
0
0
0
0
0
0
0
0
0
0
0
0
0
0
0
0
0
1.34495e-15
4.0982e-16
0
0
0
0
0
0
0
0
0
0
0
0
0
0
0
0
0
0
0
0
0
0
0
0
0
0
0
0
0
0
0
0
0
0
0
0
0
0
0
0
0
3.41933e-17
8.91033e-17
0
0
0
0
0
0
0
0
0
0
0
0
0
0
0
0
0
0
0
0
0
0
0
0
0
0
0
0
0
0
0
0
0
0
0
0
0
0
0
0
0
0
0
0
0
0
0
0
0
0
0
0
0
0
0
0
0
0
0
0
0
0
0
0
0
0
0
0
0
0
0
0
0
0
2.06273e-15
0
0
0
0
0
0
0
0
0
0
0
0
0
0
0
0
0
0
0
0
0
0
0
0
0
0
0
0
0
0
0
0
0
0
0
0
0
0
0
0
0
0
0
0
0
0
0
0
0
0
0
0
0
0
0
0
0
0
0
0
0
0
0
1.07384e-16
3.00138e-16
0
0
0
0
0
0
0
0
0
0
0
0
0
0
0
0
0
0
0
0
0
4.40388e-16
0
0
0
0
0
0
0
0
0
0
0
0
1.14745e-15
0
0
0
0
0
0
0
0
0
0
0
0
0
0
0
0
0
0
0
0
0
0
0
0
0
0
0
0
0
0
0
0
0
0
0
0
0
0
0
0
0
0
0
0
0
0
0
0
0
0
0
0
0
0
0
0
0
4.42236e-15
0
0
0
0
0
0
0
0
0
0
0
0
0
0
0
0
0
0
0
0
0
0
0
0
0
0
0
0
0
0
-7.37422e-17
-2.79943e-16
0
0
0
0
0
0
0
0
0
0
0
0
0
0
0
0
0
0
0
0
0
0
0
0
0
0
0
7.16581e-16
3.98122e-17
0
0
0
0
0
0
0
0
0
0
0
0
0
0
0
0
0
0
0
0
0
0
0
0
0
0
0
0
0
0
0
0
0
0
0
0
0
0
0
0
0
0
0
0
0
0
0
0
0
0
0
0
0
0
0
0
0
0
0
0
0
0
0
0
0
0
0
0
0
0
0
0
0
0
0
0
0
0
0
0
0
0
0
0
0
0
0
0
0
0
0
0
0
0
0
0
0
0
0
0
0
0
0
0
-1.0491e-15
-1.05498e-15
0
0
0
0
0
8.61656e-17
0
0
0
0
-1.81742e-16
0
0
0
0
0
0
0
0
-4.45764e-17
0
0
0
0
0
0
0
0
0
0
0
0
0
0
0
0
0
0
0
0
0
0
0
0
0
0
0
0
-4.19887e-15
0
0
-7.63285e-15
0
0
2.06201e-30
1.79447e-14
0
0
0
0
0
0
0
0
0
0
0
0
0
0
0
0
0
0
0
0
0
0
0
0
0
0
0
0
0
0
0
0
0
0
0
0
0
0
0
0
0
0
0
0
0
0
0
0
0
0
0
0
0
0
0
0
0
2.84222e-15
0
0
0
0
0
0
0
0
0
0
0
0
0
0
0
0
0
0
0
0
0
0
0
-1.6689e-15
0
0
0
0
0
0
0
0
0
0
-4.7521e-16
-3.44268e-14
0
0
0
0
0
0
0
0
0
0
0
0
0
0
0
0
0
0
0
0
0
0
0
0
0
0
0
0
0
0
0
0
0
0
0
0
0
0
0
0
0
0
0
0
0
0
0
0
0
0
0
0
0
0
0
0
0
0
0
0
0
0
0
0
0
0
0
0
0
1.37396e-16
0
0
0
0
0
0
0
0
-7.20694e-15
0
0
0
0
0
0
0
0
0
-2.35463e-15
0
0
0
0
0
0
0
0
0
0
0
0
0
0
0
0
0
0
0
0
0
0
0
0
0
0
0
0
0
0
0
0
0
-5.96546e-17
0
0
0
0
0
0
0
0
0
0
0
0
0
0
0
0
0
0
0
0
0
0
0
0
0
0
0
0
0
0
0
0
0
0
0
0
0
0
0
0
0
0
0
0
0
0
0
0
0
0
0
0
0
0
0
0
0
0
0
0
0
0
0
0
0
0
0
0
0
0
0
0
0
0
0
0
0
0
0
0
0
0
0
0
0
0
0
0
0
0
0
0
0
0
0
0
0
-1.38217e-15
1.99566e-15
0
0
0
0
0
0
0
0
0
0
0
0
0
0
0
0
0
0
0
0
0
0
0
0
-8.4739e-16
-5.63989e-16
0
0
0
0
0
0
0
0
0
0
0
0
0
0
0
0
0
0
0
0
0
0
0
0
0
0
0
0
0
0
0
0
0
0
0
0
0
0
0
0
0
0
0
0
0
0
0
0
0
0
0
0
0
0
0
0
0
0
0
0
0
0
0
0
0
0
0
0
0
0
0
0
0
0
0
0
0
0
0
0
0
0
0
0
0
0
0
0
0
0
0
0
0
0
0
0
5.88811e-17
0
0
0
0
0
0
0
0
0
-2.3421e-15
0
0
0
0
0
0
0
0
0
0
0
0
0
0
0
0
0
0
0
0
0
0
0
0
3.56658e-16
0
0
0
0
0
0
0
0
0
0
0
0
0
0
0
0
0
0
0
0
0
0
0
0
0
0
0
0
0
0
0
0
0
0
0
0
0
0
0
0
0
0
0
0
0
0
0
0
0
0
0
0
0
0
0
0
-1.13617e-16
1.56067e-16
0
0
0
0
0
-6.65337e-16
4.80558e-16
0
0
0
0
0
0
0
0
0
0
0
0
0
0
0
0
0
0
0
0
0
0
0
0
0
0
0
0
0
0
0
0
0
0
0
0
0
0
0
0
0
0
0
0
0
0
0
0
0
0
0
0
0
0
0
0
0
0
0
0
0
0
0
0
0
0
0
0
0
0
0
0
0
0
0
0
0
0
0
0
0
0
0
0
0
0
0
0
0
0
0
0
0
0
0
0
0
0
0
0
0
0
0
0
0
0
0
0
0
0
0
0
0
0
0
0
0
0
0
0
0
0
0
0
0
0
0
0
0
0
0
0
0
0
0
0
0
0
0
0
0
0
0
0
0
0
0
0
0
0
0
0
0
0
0
0
0
0
0
0
0
0
0
0
0
0
0
0
0
0
0
0
0
0
0
0
0
0
0
0
0
0
0
0
0
0
0
0
0
0
0
0
0
-8.606e-17
0
0
0
0
0
0
0
0
0
0
0
0
0
0
0
0
0
0
0
0
0
0
0
0
0
0
0
0
0
0
0
0
0
0
0
0
0
0
0
0
0
0
0
0
0
0
0
0
0
0
0
0
0
0
0
0
0
0
0
0
0
0
0
0
0
0
0
0
0
0
0
0
0
0
0
0
0
0
0
0
0
0
0
0
0
0
0
0
0
0
0
0
0
0
0
0
0
0
0
0
0
0
0
0
0
0
0
0
0
0
0
0
0
0
0
0
0
0
-3.35174e-15
0
0
0
0
0
0
0
0
0
0
0
0
0
-4.85102e-17
0
0
0
0
0
0
0
0
0
0
0
-4.02505e-16
0
0
0
0
0
0
0
0
0
0
-2.01013e-15
0
-2.77495e-16
0
0
0
0
0
0
0
0
0
0
0
0
0
0
0
0
0
0
0
0
0
0
0
-1.44434e-16
0
0
0
0
5.82368e-17
0
0
0
0
0
0
0
0
0
0
0
0
0
0
0
0
0
0
0
0
0
0
0
0
0
0
0
0
0
0
0
0
0
0
0
0
0
0
0
0
0
0
0
0
0
0
0
0
0
0
0
0
0
0
0
0
0
0
0
0
0
0
0
0
0
0
0
0
0
0
0
0
0
0
0
0
0
0
0
0
0
0
0
0
0
0
0
0
0
0
0
0
0
0
0
0
0
0
0
0
0
0
0
0
0
0
0
0
0
0
0
0
0
0
0
0
0
5.59449e-17
-4.65217e-16
0
0
0
0
0
0
0
0
0
0
0
0
0
0
0
0
0
0
0
0
0
0
0
0
0
0
0
0
0
0
0
0
0
0
0
-9.33616e-17
0
0
0
0
0
0
0
0
0
0
0
0
0
0
0
0
0
0
0
0
0
0
0
0
0
0
0
0
-2.41149e-15
0
0
0
0
0
0
0
0
0
0
0
0
0
0
0
0
0
0
0
0
0
0
0
0
0
0
0
0
0
0
0
0
0
0
0
0
0
0
0
0
0
0
0
0
0
0
0
0
0
0
0
0
0
0
0
0
0
0
0
0
0
0
0
0
0
0
0
0
0
0
0
0
0
0
0
0
0
0
0
0
0
0
0
0
0
0
0
0
0
0
0
0
0
0
0
6.71026e-16
0
0
0
0
0
0
0
0
0
0
0
0
0
0
-1.19853e-15
0
0
-1.82947e-15
0
0
0
0
0
0
0
0
0
0
0
0
0
0
0
0
0
0
0
0
0
0
0
0
5.87497e-16
0
-4.97359e-16
0
0
0
0
0
0
0
0
0
0
0
0
0
0
0
0
0
0
0
0
0
0
0
0
0
0
0
0
0
0
0
0
0
0
0
0
0
0
0
0
0
0
0
0
0
0
0
0
0
0
0
0
0
0
0
0
0
0
0
0
0
0
0
0
4.47907e-16
0
0
0
0
0
0
0
0
0
0
0
0
0
0
-4.37136e-16
-4.49321e-16
0
0
0
0
0
0
0
0
0
0
0
0
0
0
0
0
0
0
0
0
2.24728e-16
0
0
0
0
0
0
0
0
0
0
0
0
0
0
-7.74655e-16
-6.67129e-15
0
0
0
0
0
0
0
0
0
0
0
0
0
0
0
0
0
0
0
0
0
0
0
0
0
0
0
0
0
0
0
0
0
0
0
0
0
0
0
0
0
0
0
0
-5.80565e-17
0
0
0
0
0
0
0
0
0
0
0
0
0
0
0
0
0
0
0
0
0
0
0
0
0
0
0
0
0
0
0
0
0
0
3.29273e-16
0
0
0
0
0
3.58863e-16
1.67216e-15
0
0
0
0
0
0
0
0
0
0
0
0
0
0
0
0
0
0
0
0
0
0
0
0
0
0
0
0
0
0
0
0
0
0
0
0
0
0
0
0
0
0
0
0
0
0
0
0
0
0
0
0
-1.76132e-17
0
0
0
0
0
0
0
-5.85727e-16
0
0
0
0
0
0
0
0
0
0
0
0
0
0
0
0
0
0
0
0
0
0
0
0
0
0
0
0
0
0
0
0
0
0
0
0
0
0
0
0
0
0
0
0
0
0
0
-2.48706e-16
0
0
0
0
0
0
0
0
0
0
0
0
0
0
0
0
0
0
0
0
0
0
0
0
0
0
0
0
0
0
0
0
0
0
0
0
0
0
0
0
0
0
0
0
0
0
0
0
0
0
0
0
0
0
0
0
0
0
0
0
0
0
0
0
0
0
0
0
0
0
0
0
-2.24962e-17
7.33824e-15
0
0
0
0
0
0
0
0
0
0
0
0
0
-4.13968e-16
0
0
0
0
0
0
0
0
0
0
0
0
0
0
0
0
0
0
0
0
0
0
0
0
0
0
0
0
-1.50553e-16
0
0
0
0
0
0
0
-3.52434e-16
2.48288e-15
0
0
0
0
0
0
0
0
0
0
0
0
0
0
0
0
0
0
0
0
0
0
0
0
0
0
0
0
0
0
0
0
0
0
0
0
0
0
0
0
0
0
0
0
0
0
0
0
0
0
0
0
0
0
0
0
0
0
0
0
0
0
0
0
0
0
0
0
0
0
0
0
0
0
0
0
0
0
0
0
0
0
0
0
0
0
0
0
0
0
0
0
0
0
0
0
0
0
0
0
0
0
0
0
0
0
0
0
0
0
0
0
0
3.52892e-16
0
0
0
0
0
0
0
0
0
0
0
0
2.59124e-16
0
0
0
0
0
0
0
0
0
0
0
0
0
0
0
0
0
0
0
0
0
0
0
0
0
0
0
0
0
0
0
0
0
0
0
0
0
0
0
0
0
0
0
0
0
0
0
0
0
0
2.79509e-15
0
0
0
0
0
0
0
0
0
0
-8.24647e-16
0
0
0
0
0
0
0
0
0
0
0
0
0
0
0
0
0
0
0
0
0
0
0
0
0
0
0
0
0
0
0
0
0
0
0
0
0
0
0
0
0
0
0
0
0
0
0
0
0
0
0
0
0
0
0
0
0
0
0
0
0
0
0
0
0
0
0
4.61113e-16
0
0
0
0
0
0
0
0
0
0
0
0
0
0
0
0
0
0
0
0
0
0
0
0
0
0
0
0
0
0
0
0
0
0
0
-3.10684e-17
0
0
0
0
0
0
0
0
0
0
0
0
0
0
3.80808e-17
-2.09702e-16
0
0
0
0
0
0
0
0
0
0
0
0
0
0
0
0
0
0
0
0
0
0
0
0
0
0
0
0
0
0
0
0
0
0
0
0
2.22209e-14
0
0
0
0
0
0
0
0
0
0
0
0
0
0
0
0
0
2.33793e-16
0
0
0
0
0
0
0
0
0
0
0
0
0
0
0
0
0
0
0
0
0
0
0
0
0
0
0
0
0
0
0
0
0
0
1.37973e-16
0
0
0
0
0
0
0
0
0
0
0
0
0
0
0
0
0
0
0
0
0
0
0
0
0
0
0
0
1.39687e-16
0
0
0
0
1.11714e-16
-6.0697e-17
0
4.03873e-16
0
0
0
0
0
0
0
0
0
0
0
0
0
0
0
0
0
0
0
0
0
0
0
0
0
0
7.62948e-16
0
0
0
0
0
0
0
0
0
0
0
0
0
0
0
0
0
0
0
0
0
0
0
0
0
0
0
0
0
0
0
0
0
0
0
0
0
0
0
0
-1.56775e-15
0
0
0
0
0
0
0
0
0
0
0
0
0
0
0
0
0
0
0
-2.29414e-15
0
0
0
0
0
0
0
0
0
0
6.04409e-16
0
0
0
-2.7499e-15
0
3.58727e-14
0
0
0
0
0
0
0
0
0
0
0
0
0
0
0
0
0
0
0
0
0
0
0
0
0
0
0
0
0
0
0
0
0
0
0
0
0
0
0
0
0
0
0
-3.52745e-17
0
0
0
0
0
1.00614e-15
0
0
0
0
0
0
-9.12599e-16
0
0
0
0
0
0
0
0
0
0
0
0
0
0
0
0
0
0
0
0
0
0
0
0
0
0
0
0
0
0
0
0
0
0
0
0
0
0
0
0
0
0
0
0
0
0
0
0
0
0
0
0
0
0
0
0
0
0
0
0
0
0
0
0
0
0
0
0
0
0
0
0
0
0
0
0
0
0
0
0
3.57367e-14
0
0
0
0
0
0
0
0
0
0
0
0
0
0
0
0
0
0
0
0
0
0
0
0
0
0
0
0
0
0
0
0
0
0
0
0
0
0
0
0
0
0
0
0
0
0
0
0
0
0
0
0
0
0
0
0
0
0
0
0
0
0
0
0
0
0
0
0
0
0
0
0
0
0
0
0
0
0
0
-1.05262e-15
0
0
0
-3.55449e-17
0
0
0
0
0
0
0
0
0
0
0
0
0
0
0
0
0
0
0
0
0
0
0
0
0
0
-1.02515e-15
0
0
0
0
0
0
0
1.83804e-18
0
0
0
0
0
0
0
0
0
0
0
0
0
0
-2.8953e-19
0
0
0
0
0
0
0
0
0
0
0
0
0
0
0
0
0
0
0
0
0
0
0
0
0
0
0
0
0
0
0
0
0
0
0
0
0
0
0
0
0
0
0
0
0
0
0
0
0
0
0
0
0
0
0
0
0
0
0
0
0
0
0
0
0
0
0
0
0
0
4.4592e-17
7.27356e-17
0
0
0
0
0
0
0
0
0
0
0
0
0
0
0
0
0
0
0
0
0
0
0
0
0
0
0
0
0
0
-1.45555e-16
0
0
0
0
0
0
0
0
0
0
0
0
0
0
0
0
0
0
0
0
0
0
0
0
0
0
0
0
0
0
0
0
0
0
0
0
0
0
0
0
0
0
0
0
0
0
0
0
0
0
0
0
0
0
0
0
0
0
0
0
0
0
0
0
0
0
0
0
0
0
0
0
0
0
0
0
0
0
0
0
0
0
0
0
0
0
0
0
0
0
0
0
0
0
0
0
0
0
0
0
-1.0426e-15
0
0
0
0
0
0
0
0
0
0
0
-4.79537e-32
0
0
0
0
0
0
0
0
0
0
0
0
0
0
0
0
0
0
0
0
0
0
0
0
0
0
0
0
0
0
0
0
0
0
0
1.40077e-16
0
0
0
0
0
0
0
0
0
0
0
0
0
0
0
0
0
0
0
0
0
0
0
0
0
0
0
0
0
0
0
0
0
0
0
0
0
0
0
0
0
0
0
0
0
0
0
0
0
0
0
0
0
0
0
0
0
0
0
0
0
0
0
0
0
0
0
0
0
0
0
0
0
0
0
0
0
0
0
0
0
0
0
0
0
0
0
0
0
0
0
0
0
0
0
0
0
0
0
0
0
0
0
0
0
0
0
0
0
0
0
0
0
0
0
0
0
0
0
0
-3.43406e-17
0
0
0
0
0
0
0
0
-6.55028e-17
-2.32455e-16
0
0
0
0
0
0
0
0
-1.06039e-15
0
0
0
0
0
0
0
0
0
0
0
0
0
0
0
0
0
0
0
0
0
0
0
0
0
0
0
0
0
0
0
0
0
0
0
0
0
0
0
0
0
0
0
0
0
0
0
0
0
0
0
0
0
0
0
0
0
0
0
5.16898e-16
0
0
0
0
0
0
0
0
0
0
0
0
0
0
0
0
0
0
0
0
0
0
0
0
0
0
0
0
0
0
0
0
0
0
-2.11825e-15
0
-2.09952e-16
0
0
0
0
0
0
0
0
0
0
0
0
0
0
0
0
0
0
0
0
0
0
0
0
-5.00888e-17
-9.44628e-15
0
0
0
0
0
0
0
0
0
0
3.4091e-17
-1.85807e-15
0
-1.53967e-14
0
0
0
0
0
0
0
0
0
0
0
0
0
0
0
0
0
0
0
0
0
0
0
0
0
0
0
0
0
0
0
0
0
0
0
0
0
0
0
0
0
0
0
0
0
0
0
0
0
0
0
0
0
0
0
0
0
0
0
0
0
0
0
0
0
0
0
0
0
0
0
0
0
0
0
0
0
0
0
0
0
0
0
0
0
4.64784e-15
0
0
0
0
0
0
0
0
0
0
0
-2.79222e-15
0
0
0
0
0
0
0
0
0
0
0
0
0
0
0
0
0
0
0
0
0
0
0
0
0
0
0
0
0
0
0
0
0
0
0
0
0
0
0
0
0
0
0
0
0
-1.16108e-16
0
-4.67841e-15
0
0
0
0
0
0
0
1.17298e-16
0
1.06004e-14
0
0
0
0
0
0
0
0
0
4.52555e-16
2.20303e-15
0
0
0
0
0
0
0
0
0
0
0
0
0
0
0
0
0
0
0
0
0
0
0
0
0
0
0
0
0
0
0
0
0
0
0
0
0
0
0
-2.95222e-15
0
0
0
0
0
0
-4.4355e-16
0
0
0
0
0
0
0
0
0
0
0
0
0
0
0
0
0
0
0
0
0
0
0
0
0
0
0
0
0
0
0
0
0
0
0
0
-1.18288e-15
0
0
0
0
0
0
0
0
0
0
-3.17989e-19
0
0
0
0
0
0
0
0
0
0
0
0
0
0
0
0
1.43233e-14
0
0
0
0
0
0
0
0
0
0
0
0
0
0
0
0
0
0
0
0
0
0
0
0
0
0
0
0
0
0
0
0
-1.44164e-15
0
0
0
0
0
0
0
0
0
0
0
0
0
0
0
0
0
0
0
0
0
-7.40328e-15
-5.47003e-17
0
0
0
0
0
0
0
0
0
0
0
0
0
0
0
0
0
0
0
0
0
0
0
0
0
0
0
0
0
0
0
0
0
0
0
0
0
0
0
0
0
0
0
0
0
0
0
0
0
0
0
0
0
0
0
0
0
0
0
0
0
0
0
0
0
0
0
0
0
0
0
0
0
0
0
0
0
0
0
0
0
0
0
0
0
0
0
0
0
0
0
3.23673e-16
0
0
0
0
0
0
0
0
0
0
0
0
0
0
0
0
0
0
0
0
-1.40339e-16
0
0
0
0
0
6.34876e-18
0
0
0
0
0
0
0
0
0
0
0
0
0
0
0
0
0
0
0
0
0
0
0
-1.12368e-16
0
1.25949e-08
1.25949e-08
1.14855e-08
1.37043e-08
1.36143e-08
1.15754e-08
1.60769e-08
9.11281e-09
1.50168e-08
1.01729e-08
1.2091e-08
1.30987e-08
1.18018e-08
1.33879e-08
1.51317e-08
1.0058e-08
1.22267e-08
1.2963e-08
1.55211e-08
9.66863e-09
1.25949e-08
1.25949e-08
1.25949e-08
1.25949e-08
1.2532e-08
1.26577e-08
1.61565e-08
9.03322e-09
1.28953e-08
1.22944e-08
1.4595e-08
1.60957e-08
9.09406e-09
1.43503e-08
1.08394e-08
1.38319e-08
1.13578e-08
1.03058e-08
1.48839e-08
1.25949e-08
1.49408e-08
1.0249e-08
1.28567e-08
1.2333e-08
1.25949e-08
1.25949e-08
1.20575e-08
1.31322e-08
1.27417e-08
1.2448e-08
1.53109e-08
9.87884e-09
1.08456e-08
1.43441e-08
1.12341e-08
1.39556e-08
0
0
0
0
0
0
0
0
0
0
0
0
0
0
0
0
0
0
0
0
0
0
0
0
0
0
0
0
0
0
0
0
0
-5.11381e-31
0
0
0
0
0
0
0
0
0
0
0
0
0
0
0
0
0
0
0
0
0
0
0
0
0
0
0
0
0
0
0
0
0
0
0
0
0
0
0
0
0
0
0
0
0
0
0
0
0
0
0
0
0
0
0
0
0
0
0
0
0
0
0
0
0
0
0
0
0
0
0
0
0
0
0
0
0
0
0
0
0
0
0
0
0
0
0
0
0
0
0
0
0
0
0
0
0
0
0
0
0
0
0
0
0
0
0
0
0
0
0
1.0138e-08
1.50518e-08
1.01603e-08
1.50294e-08
1.2609e-08
1.25808e-08
0
0
0
0
0
1.1525e-08
1.36647e-08
0
1.63354e-08
8.8543e-09
0
0
0
0
0
0
0
0
0
1.27701e-08
1.24196e-08
1.25949e-08
1.25949e-08
0
0
0
0
3.47662e-17
0
0
0
0
0
0
0
0
0
0
0
1.30107e-08
1.21791e-08
0
0
0
0
0
0
0
1.34328e-08
1.17569e-08
1.19962e-08
1.31936e-08
0
0
0
0
1.11951e-08
1.39946e-08
0
0
0
0
0
0
0
0
0
0
0
0
0
0
0
0
0
0
0
0
0
0
0
0
0
0
1.49357e-08
1.02541e-08
0
0
0
0
0
0
0
0
1.25949e-08
1.25949e-08
0
0
0
0
0
0
0
1.24694e-08
1.27204e-08
1.34733e-08
1.17164e-08
0
0
0
1.15265e-08
1.36632e-08
0
0
0
0
1.43058e-08
1.08839e-08
0
0
1.51085e-08
1.00812e-08
0
0
0
0
1.74766e-16
-3.49715e-16
0
0
0
0
0
0
0
0
1.28088e-08
1.23809e-08
0
0
0
0
0
0
0
0
0
0
0
0
0
0
0
0
0
1.22695e-08
1.29202e-08
0
0
0
0
1.32002e-08
1.19895e-08
0
1.24623e-08
1.27275e-08
6.74606e-19
0
0
0
0
0
0
0
1.60849e-08
9.10482e-09
1.14311e-08
1.21274e-08
1.30623e-08
1.25949e-08
1.25949e-08
1.15616e-08
1.36281e-08
1.25949e-08
1.25949e-08
1.25358e-08
1.26539e-08
0
0
4.63808e-19
0
0
0
0
0
0
0
0
0
0
0
0
0
0
0
0
1.25949e-08
1.25949e-08
0
1.23325e-08
1.28572e-08
1.28879e-08
1.23018e-08
0
0
0
0
0
0
1.39469e-08
1.12429e-08
0
0
1.06392e-08
1.45506e-08
1.25949e-08
1.25949e-08
0
0
0
0
0
0
1.23691e-08
1.28206e-08
0
0
0
0
0
0
0
1.42966e-08
1.08931e-08
0
0
0
0
0
0
0
0
8.38593e-16
0
-6.53972e-16
1.25949e-08
1.25949e-08
0
0
1.36985e-08
1.14912e-08
0
0
0
0
0
0
0
0
0
1.57692e-08
9.42054e-09
0
0
0
1.25949e-08
1.25949e-08
0
1.25949e-08
1.25949e-08
0
1.53456e-08
9.84412e-09
0
0
0
0
0
0
0
1.88724e-08
1.87335e-08
-1.87335e-08
-2.07322e-08
2.07322e-08
2.29859e-08
-2.29859e-08
-2.38516e-08
2.38516e-08
0
0
0
0
0
0
0
0
0
0
0
0
0
0
0
-3.67302e-17
0
0
0
0
0
0
0
0
1.90887e-17
0
0
0
1.55342e-08
9.65551e-09
0
0
0
0
0
0
0
0
0
0
0
0
0
0
0
1.25949e-08
1.25949e-08
0
0
0
0
0
0
0
1.6875e-15
0
0
0
1.18419e-08
1.33478e-08
0
0
0
0
0
0
0
0
0
0
0
0
1.41083e-08
1.10814e-08
0
0
0
1.72918e-08
7.89796e-09
0
0
0
0
0
0
0
0
0
0
0
0
0
0
0
0
0
0
1.38786e-08
1.13111e-08
0
0
0
0
0
0
0
0
0
0
0
0
0
1.21092e-08
1.30805e-08
1.5858e-08
9.33173e-09
0
0
0
0
1.28946e-08
1.22951e-08
0
0
0
-1.78682e-14
0
-1.55826e-15
0
1.43832e-08
1.08065e-08
0
0
0
0
0
0
0
0
0
0
0
0
0
0
0
0
0
1.17993e-08
1.33904e-08
0
0
0
0
0
0
0
0
0
0
0
0
0
0
0
0
0
1.27732e-08
1.24166e-08
1.25949e-08
1.25949e-08
0
1.27781e-08
1.24117e-08
0
0
0
0
0
0
0
0
0
0
0
0
0
0
0
0
0
0
0
0
0
0
0
0
0
0
0
0
0
0
0
0
0
0
0
0
0
0
0
0
0
0
0
0
0
0
0
0
0
0
0
0
0
0
0
0
0
0
0
0
0
0
0
0
0
0
0
0
0
0
0
0
0
0
0
0
0
0
0
0
0
0
0
0
0
0
0
0
0
0
0
0
3.90893e-17
0
-9.33291e-17
0
0
0
0
0
0
0
0
0
0
0
0
0
0
0
0
0
0
0
0
-9.53145e-16
0
0
1.25949e-08
1.25949e-08
0
-2.88574e-16
-4.60327e-18
0
0
0
0
0
0
0
0
0
0
0
0
0
0
0
0
0
0
0
0
0
0
0
0
0
0
0
0
0
0
0
0
0
0
0
0
0
0
0
0
0
0
0
0
0
0
0
0
0
0
0
1.3643e-08
1.15467e-08
1.28788e-08
1.23109e-08
-3.37357e-15
-2.08761e-15
0
0
0
0
0
0
0
0
0
0
0
0
0
0
0
0
0
0
0
0
0
0
0
0
0
0
0
0
0
0
0
0
0
0
0
0
0
0
0
0
0
0
0
0
0
0
0
0
0
0
0
0
0
0
0
0
0
0
0
0
0
0
0
0
0
0
0
0
0
0
0
0
0
0
0
0
3.93798e-17
0
0
1.36408e-08
1.15489e-08
0
0
0
0
0
0
0
0
0
0
0
0
0
0
0
0
0
0
0
0
5.54995e-16
0
-4.55342e-16
0
0
0
0
0
0
-7.12818e-16
0
0
0
0
0
0
0
0
0
0
0
0
0
0
0
0
0
0
0
0
0
0
0
0
0
0
0
0
0
0
0
0
0
0
0
0
0
0
0
0
0
0
0
0
0
0
0
0
0
0
0
0
0
0
0
0
0
0
0
0
0
-1.58224e-17
0
0
0
0
0
0
0
0
0
0
1.41094e-08
1.10803e-08
0
0
0
0
0
0
0
0
0
0
0
0
0
0
0
1.44491e-15
0
0
0
0
0
0
0
0
0
0
0
0
0
0
0
0
0
0
0
0
0
0
0
0
0
0
0
0
0
0
0
0
0
0
0
0
0
0
0
0
0
0
0
0
0
0
0
0
0
0
0
0
0
0
0
1.45412e-15
0
0
0
0
0
0
0
0
0
0
0
0
0
0
0
0
0
0
0
0
0
0
0
0
0
0
0
0
0
0
0
0
1.30712e-08
1.21185e-08
4.27757e-16
0
7.37862e-16
0
0
0
0
0
0
0
0
0
0
0
0
0
0
0
0
0
0
0
0
0
-9.89299e-16
0
1.28432e-15
0
0
0
0
0
0
0
0
0
0
0
0
0
0
0
0
0
0
0
0
0
0
0
0
0
0
0
0
0
0
0
0
0
0
0
0
0
0
0
0
0
0
0
0
0
0
0
0
0
0
0
0
0
0
0
0
0
0
0
0
0
0
0
0
0
0
0
0
0
0
8.68756e-15
0
0
0
0
0
0
0
0
0
0
0
0
0
0
0
0
0
0
0
0
0
0
0
0
0
0
0
0
0
0
0
0
0
0
0
0
0
0
0
0
0
0
0
0
0
0
0
0
0
0
0
0
0
0
0
0
0
0
0
0
0
0
2.1427e-08
-2.1427e-08
1.25949e-08
1.25949e-08
0
0
0
0
0
0
0
0
0
0
0
0
0
0
0
0
0
1.34414e-08
1.17483e-08
0
0
0
0
0
0
0
0
0
0
0
0
0
0
0
0
0
0
0
0
0
0
0
0
0
0
0
0
0
0
0
0
0
0
0
0
0
0
0
0
0
0
0
0
0
0
0
0
0
2.08209e-14
0
0
0
0
0
0
0
0
0
0
0
0
0
0
0
0
0
0
0
0
0
0
0
0
-2.50398e-17
0
0
0
0
0
0
0
0
0
0
0
0
0
0
0
0
0
0
0
0
0
2.14601e-16
0
0
0
0
0
0
0
0
0
0
0
0
0
2.93091e-15
0
0
0
0
0
0
0
0
0
0
0
0
0
0
0
0
0
0
0
0
0
0
0
0
0
0
0
0
0
2.4936e-08
-2.4936e-08
-2.53204e-08
2.53204e-08
0
0
0
0
-2.09518e-08
2.09518e-08
0
0
0
0
0
0
0
3.84439e-15
0
0
0
0
0
0
0
0
0
0
0
0
0
0
0
0
0
0
0
0
0
0
0
0
0
0
0
0
0
0
0
0
0
0
0
0
0
0
0
0
0
0
0
0
0
0
0
0
0
0
0
0
0
0
4.52178e-16
0
0
0
0
0
0
0
0
0
0
0
0
0
0
0
0
0
0
0
-2.28101e-08
2.28101e-08
0
0
0
0
0
0
0
0
0
0
0
0
0
0
0
0
0
0
0
0
0
0
0
0
0
0
0
0
0
1.37923e-08
1.13974e-08
0
0
0
0
-7.02571e-15
0
2.64977e-14
0
0
0
2.09998e-15
0
-1.29328e-15
7.91425e-15
0
0
0
0
0
0
0
0
0
0
0
0
0
0
0
0
0
0
0
0
0
0
0
0
0
0
9.128e-17
-3.54068e-17
0
0
0
0
0
0
0
0
0
0
0
0
0
0
0
0
0
0
0
0
0
0
0
0
0
0
0
0
0
0
0
0
0
0
0
0
0
0
0
0
0
0
0
0
0
0
0
0
0
0
0
0
0
0
0
0
0
-3.51841e-15
0
0
0
0
0
0
0
1.25949e-08
1.25949e-08
0
6.2491e-17
9.24494e-17
0
0
0
0
0
-1.42144e-18
0
0
0
0
0
0
0
0
1.03743e-08
1.48154e-08
0
0
0
0
0
0
0
0
0
2.52491e-15
0
0
0
0
0
0
0
0
0
0
0
0
0
0
0
0
0
0
0
0
0
0
0
0
0
0
0
0
0
0
-2.07932e-16
0
0
0
0
0
0
0
0
0
0
-3.93477e-16
0
0
0
0
0
0
0
0
0
0
0
0
0
0
0
0
0
0
0
0
0
0
0
0
0
0
0
0
0
0
0
0
0
0
-1.33727e-17
0
0
0
0
0
0
0
0
0
0
0
0
0
0
0
0
1.29254e-08
1.22643e-08
0
0
0
0
0
0
1.07656e-08
1.44241e-08
0
0
0
0
0
0
1.18515e-16
0
0
0
0
0
0
0
0
0
0
0
0
0
0
0
0
0
0
0
0
0
0
0
0
0
0
0
0
0
0
0
0
0
0
0
0
0
0
0
0
0
0
0
0
0
-1.07495e-16
0
0
0
0
0
0
0
0
0
0
0
0
0
0
0
0
0
0
0
0
0
0
0
0
0
0
0
0
0
0
0
0
0
0
0
0
0
0
0
0
0
0
0
0
0
0
0
0
0
0
0
0
-2.21638e-08
2.21638e-08
0
0
0
0
0
0
0
0
5.6539e-15
0
0
0
0
0
0
0
0
0
0
0
0
0
0
0
0
0
0
2.383e-17
0
0
0
0
0
0
0
0
0
0
0
0
0
0
0
0
0
0
0
0
0
0
0
0
0
0
0
0
0
0
0
0
0
0
0
0
0
0
0
0
0
0
0
0
0
0
0
0
0
0
0
0
0
0
0
0
0
0
0
0
0
0
0
0
0
0
0
0
0
0
0
0
0
0
0
0
0
0
0
0
0
0
0
0
0
0
0
0
0
0
0
0
-5.07223e-16
0
0
0
0
0
0
0
0
0
0
0
0
0
0
0
0
0
0
0
0
0
0
0
0
0
0
0
0
0
0
0
0
0
0
0
0
0
0
0
0
0
0
0
0
0
0
2.49953e-16
0
0
0
0
0
0
0
0
0
0
0
0
0
0
0
0
0
0
0
0
0
0
0
0
0
0
0
0
0
0
0
0
0
0
0
0
0
0
0
0
0
0
0
0
0
0
0
0
0
0
0
0
0
0
0
0
0
0
0
0
0
0
0
0
0
0
0
0
0
0
0
0
0
0
0
0
0
0
0
0
0
0
0
0
0
0
0
0
0
0
0
0
0
0
0
0
0
0
0
0
0
0
0
0
0
0
0
0
0
0
0
0
0
0
-9.86394e-17
0
0
0
0
0
0
0
0
0
0
0
0
0
0
0
0
0
0
0
0
0
0
0
0
0
0
0
0
0
0
0
0
0
0
0
0
0
0
0
0
0
0
0
0
-2.85798e-16
3.59708e-17
0
0
0
0
0
0
0
0
0
0
0
0
0
0
0
0
0
0
5.07058e-16
-2.85451e-16
0
0
0
0
0
0
0
0
0
0
0
0
0
0
0
0
1.02935e-16
0
0
0
0
0
0
0
0
0
0
0
0
0
0
0
0
0
0
0
0
0
0
0
0
0
0
0
0
0
0
0
0
0
0
0
0
0
0
0
0
0
0
0
0
0
0
0
0
0
0
0
0
0
0
0
0
0
0
0
0
0
0
0
0
0
0
0
0
0
0
0
0
0
0
0
0
0
0
0
0
0
0
0
0
0
0
0
0
0
0
0
0
2.23589e-08
-2.23589e-08
-8.88312e-16
0
0
0
0
0
0
0
4.02652e-16
0
-2.38396e-16
5.09508e-31
0
0
0
0
0
0
0
0
0
0
0
-2.38759e-08
2.38759e-08
0
0
0
0
0
0
0
0
0
0
0
0
0
0
0
0
0
0
0
0
0
0
0
0
0
0
0
0
0
0
0
0
0
0
0
0
0
0
0
0
0
0
0
1.23103e-08
1.28794e-08
0
0
0
0
0
0
0
0
0
0
0
0
0
0
0
1.49e-16
0
0
0
0
0
0
0
0
0
0
0
1.2434e-15
4.04095e-16
0
0
0
0
0
0
0
0
0
0
0
0
0
0
0
0
0
0
0
0
0
0
0
0
0
0
0
0
0
0
0
0
0
0
0
0
0
0
0
0
0
0
0
0
0
1.14198e-08
1.37699e-08
0
0
0
0
0
0
0
0
0
0
0
0
0
0
0
0
0
0
0
0
0
0
0
0
0
0
0
0
0
0
0
0
0
0
0
0
0
0
0
0
0
0
0
0
0
0
0
7.77724e-17
-1.02715e-16
0
-2.02184e-08
2.02184e-08
0
0
0
0
0
0
0
0
0
0
0
-5.72007e-15
0
0
0
0
0
0
0
0
0
0
0
0
0
0
7.09697e-16
-8.17994e-16
0
0
0
0
0
0
0
0
0
0
0
0
0
1.28459e-16
0
0
0
0
0
0
3.99241e-15
0
0
0
0
0
0
0
0
0
0
0
0
0
0
0
0
0
-1.55034e-16
0
0
0
0
0
0
0
0
0
0
0
0
0
0
7.26412e-18
7.61421e-17
-1.97501e-16
0
0
0
0
0
0
0
0
0
0
0
0
0
0
0
0
0
0
0
0
0
0
0
0
0
0
0
0
0
0
0
0
0
0
0
0
0
0
0
0
0
0
0
0
0
0
0
0
0
0
0
0
0
0
0
0
0
0
0
0
0
0
0
0
0
0
0
0
0
0
0
0
0
0
0
0
0
0
0
0
0
0
-4.32951e-17
0
0
0
0
0
0
0
0
0
0
0
0
0
0
0
0
0
0
0
0
0
0
0
0
0
0
0
0
0
0
0
0
0
0
0
0
0
0
0
0
0
0
0
0
0
0
0
0
0
0
0
0
0
0
0
0
0
0
0
0
0
0
0
0
0
0
0
0
0
0
0
-1.17802e-16
0
0
0
0
0
0
0
0
0
0
0
2.19658e-16
-1.14607e-16
0
0
0
0
0
0
0
0
0
0
0
0
0
0
0
0
0
0
0
0
0
0
0
0
0
0
1.02351e-30
-1.02253e-16
0
0
0
0
0
0
0
0
0
0
0
0
0
0
0
0
0
0
0
0
0
0
0
0
0
0
0
0
0
0
0
0
0
0
0
0
0
-6.76472e-15
0
-5.67389e-17
0
0
0
0
0
0
0
0
8.37681e-17
0
0
0
0
0
0
0
0
0
0
0
0
0
0
0
0
0
0
0
0
0
0
-1.14707e-15
0
0
0
0
0
0
0
0
0
0
0
0
0
0
0
0
0
0
0
0
0
0
0
0
2.04702e-30
0
0
0
0
0
-8.94733e-15
0
0
0
0
0
0
0
0
0
0
0
0
0
0
0
0
1.42608e-08
1.09289e-08
0
0
0
3.48865e-16
0
0
0
-2.11627e-15
1.09444e-15
0
0
0
0
0
0
0
0
0
0
0
0
0
0
0
0
0
0
0
0
0
0
0
0
0
0
0
0
0
0
0
0
0
0
0
0
0
0
0
0
0
0
0
0
0
0
0
0
0
0
0
0
0
0
0
0
0
0
0
0
0
0
0
0
0
0
0
0
0
0
0
0
0
0
0
7.66524e-17
0
0
0
0
0
0
0
0
0
0
0
0
-6.06005e-17
0
0
0
0
1.58139e-16
0
0
0
0
-6.80177e-16
0
0
0
0
0
0
4.45699e-17
2.92812e-17
2.5479e-16
0
0
0
0
0
0
0
0
0
0
0
0
0
-8.82956e-15
-1.37978e-16
0
0
0
0
0
0
0
7.1872e-17
-1.87937e-15
0
0
0
0
0
0
0
-1.02919e-16
-5.5941e-17
0
0
0
0
0
0
0
0
0
0
0
0
0
0
0
0
0
0
0
0
0
0
0
0
0
0
0
0
0
0
0
0
0
0
0
0
0
0
0
0
0
0
0
0
0
0
0
0
0
0
0
0
0
0
0
0
0
0
-2.72104e-15
0
0
0
0
0
0
0
0
0
0
0
0
0
0
0
0
0
0
0
0
0
0
0
0
0
0
0
0
0
0
0
0
0
0
0
0
0
0
0
0
0
0
0
0
0
0
0
0
0
0
0
0
0
0
0
0
0
0
0
0
0
0
0
0
0
0
0
1.08805e-17
0
0
0
0
0
0
0
0
0
0
0
0
0
0
0
0
0
0
0
0
0
0
0
0
0
0
0
0
0
0
0
0
0
0
0
0
0
0
0
0
0
0
0
0
0
0
-3.54814e-17
0
0
0
0
0
0
0
0
0
0
0
0
0
0
0
0
0
0
0
0
0
0
0
0
0
0
0
0
0
0
1.10045e-08
1.41852e-08
0
0
0
0
0
0
0
0
0
0
0
0
0
0
0
0
0
0
0
0
0
0
0
0
0
0
0
0
0
0
0
0
0
0
0
0
0
0
0
0
0
0
0
0
0
0
0
0
0
0
0
0
0
0
0
0
0
0
0
0
0
0
0
0
0
0
0
0
0
0
0
0
0
0
0
0
0
0
0
0
0
0
0
0
0
0
0
0
0
0
0
0
0
0
0
0
0
0
0
0
0
0
0
0
0
0
0
0
0
0
0
0
0
0
0
0
0
0
0
0
0
-5.15502e-31
3.2573e-16
0
0
0
0
0
0
0
0
0
0
0
0
0
0
0
0
0
0
0
0
0
0
0
0
0
0
0
0
0
0
0
0
0
0
0
0
-1.18376e-16
0
0
0
0
0
0
0
0
0
0
0
0
0
0
0
0
0
0
0
0
0
0
0
0
0
0
0
0
0
0
0
0
0
0
0
0
-2.89697e-17
9.54452e-09
0
0
0
0
0
0
0
0
0
0
0
0
0
0
0
0
0
0
0
0
0
0
0
0
0
1.62361e-17
8.73074e-18
0
0
0
0
0
0
0
0
0
0
0
0
0
0
0
0
0
0
0
0
0
0
0
-2.34947e-16
0
7.49276e-34
0
0
0
0
0
0
0
0
0
0
0
0
0
0
0
0
0
0
0
0
0
0
0
-2.60927e-15
0
0
0
0
0
0
0
0
0
0
0
0
0
0
0
0
0
0
0
0
0
0
0
0
0
0
0
0
0
0
0
0
0
0
-3.77977e-16
0
0
0
0
0
0
0
0
0
0
0
0
0
0
0
0
1.12843e-16
0
0
0
0
0
0
0
0
0
0
0
0
0
0
0
0
0
0
0
0
0
0
0
0
-4.79607e-16
0
0
0
0
0
0
0
0
0
0
0
0
0
2.30372e-16
0
0
0
0
0
0
0
0
0
0
0
0
0
0
0
0
0
0
0
0
0
0
0
0
0
0
0
0
0
0
0
0
0
0
0
0
-2.0452e-15
0
0
0
0
0
0
-4.22256e-17
1.02201e-30
0
0
0
0
0
0
0
0
0
0
0
0
6.04265e-16
0
0
0
0
0
0
0
0
0
0
0
0
0
0
0
0
0
0
0
0
0
0
0
1.51757e-14
0
0
0
4.38042e-16
0
0
0
0
0
0
0
0
0
0
0
0
0
0
0
0
0
0
0
0
0
0
0
0
0
0
0
0
0
0
0
0
0
0
0
0
0
0
0
0
0
0
0
0
0
0
0
0
0
0
0
0
0
-2.32528e-08
-9.84854e-17
0
0
0
0
0
0
0
0
0
0
0
0
0
0
0
0
0
0
0
0
0
0
0
0
0
0
0
0
0
0
0
5.805e-16
0
0
0
0
0
0
0
0
0
0
0
0
0
0
0
0
0
0
0
0
0
0
0
0
0
0
0
0
0
0
0
0
0
0
0
0
0
0
0
0
0
0
0
0
0
0
0
0
0
0
0
0
0
0
0
0
0
0
0
0
0
0
0
0
0
0
0
0
0
0
0
0
0
0
0
0
0
0
0
0
0
0
0
0
0
0
0
0
0
0
0
0
0
0
0
0
0
0
0
-9.30435e-09
0
0
0
0
0
0
0
0
0
0
0
0
0
0
0
0
0
0
0
0
0
0
0
0
0
0
0
0
0
0
0
0
0
0
0
0
0
0
0
0
0
0
0
0
0
0
0
0
0
0
0
0
0
0
0
0
0
0
-1.7496e-15
6.01641e-16
0
0
0
2.3829e-16
0
0
0
0
0
0
0
0
0
0
0
0
0
0
0
0
-1.46554e-16
0
0
0
0
0
0
0
0
0
0
0
0
0
-1.951e-16
0
0
-1.58854e-08
0
0
-1.47761e-08
0
0
0
0
0
0
0
0
0
0
0
-2.19495e-15
0
0
0
0
0
0
0
0
0
0
0
0
0
0
0
0
0
0
0
0
0
0
0
0
3.41639e-16
0
0
0
0
0
0
0
0
0
-5.14338e-16
0
0
0
0
0
0
0
0
0
0
0
0
0
0
0
0
0
0
0
0
0
0
0
0
0
0
0
-1.41515e-15
0
0
0
0
0
0
0
0
-6.27163e-16
0
0
0
0
0
0
0
0
0
-1.31053e-08
0
0
0
0
0
0
0
0
0
-1.02475e-15
0
0
0
0
0
0
0
0
0
0
1.33855e-15
-4.01491e-17
0
-1.25949e-08
0
0
0
0
0
0
0
0
0
0
0
0
0
0
0
0
0
0
0
0
0
0
0
0
-2.9177e-16
0
0
0
0
0
0
0
0
0
0
0
0
0
0
0
0
0
0
0
0
0
0
0
0
-1.04136e-08
0
0
0
0
0
0
6.0015e-16
2.95779e-17
0
0
0
1.25949e-08
0
0
0
0
0
0
0
0
0
0
0
0
0
0
0
-1.01547e-16
0
0
0
0
0
0
0
0
0
-1.67624e-16
0
0
0
0
0
0
0
0
0
0
0
0
0
-1.20844e-08
0
0
0
-1.11862e-16
0
0
0
0
0
-4.70022e-16
0
0
0
0
0
0
0
0
0
0
0
0
0
0
0
0
0
0
0
0
0
0
0
4.76111e-16
0
0
0
0
0
0
0
0
5.99421e-33
6.88184e-16
0
0
0
0
0
0
0
0
0
0
0
0
0
0
0
0
0
0
0
0
0
0
0
0
0
0
0
0
0
0
0
0
0
4.31011e-17
0
4.48535e-16
0
0
0
0
0
-5.62369e-16
0
0
0
0
0
0
0
0
0
0
0
0
0
0
0
0
0
0
7.09565e-17
0
0
0
0
0
0
0
0
-4.60673e-16
0
0
0
0
0
0
0
0
0
0
0
0
0
0
0
0
0
0
0
0
0
-1.25949e-08
0
0
0
0
0
0
-2.98584e-16
0
0
0
0
1.92477e-14
0
1.01902e-30
0
0
0
0
0
0
0
0
0
0
0
0
1.93501e-15
0
0
0
0
0
0
0
0
0
2.6876e-17
0
0
0
0
0
0
0
0
0
0
0
0
0
0
0
0
0
0
0
0
0
0
0
0
0
-5.29021e-16
0
0
0
0
7.77445e-18
-3.26082e-18
0
0
0
0
0
0
0
0
0
0
0
0
-1.25949e-08
0
0
0
0
0
0
1.92477e-15
0
0
0
0
0
0
0
-5.21645e-16
5.09508e-31
0
0
0
0
0
0
0
0
0
0
0
-6.74043e-17
0
0
0
0
0
0
1.68384e-15
-2.13304e-15
0
0
0
0
0
0
0
0
0
0
0
-1.18197e-15
2.05002e-30
0
0
0
0
0
0
0
0
0
0
0
0
0
0
0
0
0
0
0
0
0
0
0
0
0
0
0
0
-4.99021e-15
0
-6.53436e-16
0
0
0
0
0
0
0
0
0
0
0
0
-2.56476e-17
7.16177e-15
0
0
0
0
0
0
0
0
0
0
2.93791e-15
0
0
0
0
0
0
0
0
0
0
0
0
0
0
0
-1.52692e-08
1.46165e-16
0
0
8.56677e-16
0
0
0
-1.15968e-08
0
0
0
0
0
-1.64962e-16
0
0
0
0
0
0
0
0
0
0
0
0
0
1.4063e-15
9.36598e-16
0
0
0
0
0
0
0
0
0
0
-2.52977e-16
0
0
-1.25949e-08
-8.77949e-17
0
0
0
0
0
0
0
0
0
0
0
0
0
0
0
0
0
0
0
0
0
0
-9.92051e-09
0
0
0
0
-1.26482e-08
1.96596e-15
0
0
0
0
0
0
0
0
4.99518e-34
-2.43763e-15
-1.29036e-08
0
0
0
-3.68868e-16
-1.66195e-16
0
0
0
0
0
0
-7.06751e-16
0
0
0
0
0
0
0
0
0
-1.3988e-08
0
0
0
0
0
0
-1.35929e-08
-1.25416e-08
0
0
0
0
0
0
0
0
0
0
0
0
0
0
0
0
0
0
0
1.01902e-30
0
0
0
0
0
0
0
0
0
0
0
0
0
0
0
0
0
0
0
-2.02806e-16
0
0
0
0
-1.22861e-08
0
0
0
0
0
0
0
0
0
0
0
0
0
0
0
0
3.92534e-16
0
0
0
0
0
0
0
0
6.22607e-17
0
0
0
0
0
0
0
0
0
0
0
0
0
0
0
0
0
0
0
0
0
0
0
0
0
0
0
0
0
0
0
0
0
-8.57554e-17
0
0
0
0
0
0
-6.31662e-16
0
-7.81178e-16
0
8.68804e-17
8.41638e-17
0
0
0
0
0
0
0
0
0
0
0
0
0
0
0
0
1.02931e-16
0
0
0
0
0
0
0
0
0
-2.90691e-18
0
0
0
0
0
0
0
0
0
0
0
0
0
0
-1.54121e-16
0
0
0
0
0
0
0
0
0
0
0
0
0
0
0
1.08286e-15
0
0
0
0
2.5614e-16
0
0
0
0
0
0
0
-1.15458e-16
0
0
0
0
6.82473e-15
0
0
2.37279e-15
1.07847e-17
3.8296e-18
0
0
0
0
0
0
0
0
0
0
0
0
0
0
0
0
0
0
0
5.61429e-16
0
3.01186e-15
0
0
0
6.59363e-32
0
0
0
0
0
0
0
0
2.49796e-17
0
0
0
0
0
0
0
0
0
0
0
0
0
0
0
0
0
0
0
0
0
0
0
0
0
0
0
0
0
0
0
0
0
0
0
7.27327e-16
-5.81306e-16
0
0
0
0
0
6.23301e-16
0
0
0
0
-7.87368e-16
0
0
1.66315e-15
0
0
0
0
0
0
0
0
0
0
0
0
0
0
0
9.16084e-16
0
0
0
0
0
0
0
0
0
0
0
0
0
0
0
0
0
0
0
0
0
0
0
0
0
8.51859e-17
0
0
0
0
0
0
0
-1.17389e-08
0
0
0
0
0
0
1.34843e-14
0
0
0
0
0
0
0
0
0
0
0
0
0
0
0
0
0
0
0
0
0
-1.23239e-08
0
0
0
0
0
0
0
0
0
0
-1.39879e-08
0
0
0
0
-8.7772e-16
0
0
0
0
0
0
0
0
0
0
0
0
0
0
0
-1.24687e-08
-1.57669e-15
1.94362e-15
0
0
0
0
0
0
0
0
0
0
0
0
0
0
0
0
0
-1.28658e-08
0
1.82412e-16
0
0
0
0
0
0
0
0
0
0
0
0
0
0
0
0
0
0
0
0
0
0
0
0
0
0
0
0
0
0
0
0
0
0
0
0
0
0
6.11141e-16
0
0
0
0
0
0
0
0
0
1.81354e-15
0
0
0
0
0
0
-1.34508e-08
0
-1.2721e-08
0
0
0
0
0
0
0
0
0
0
0
0
0
0
0
0
0
0
0
0
0
0
0
0
0
0
0
0
0
-1.25949e-08
-2.73288e-16
0
0
0
0
0
0
0
0
0
0
0
0
0
0
0
0
0
0
0
0
0
0
0
0
0
0
0
0
-1.23428e-08
0
0
0
0
0
0
0
0
0
0
0
0
0
0
0
0
0
0
0
0
0
0
0
0
0
0
0
0
0
0
0
0
0
0
0
0
0
0
0
0
0
0
-1.5043e-15
-1.12018e-08
0
7.9931e-16
0
0
0
0
0
6.49612e-09
0
0
1.39063e-16
-7.99992e-16
0
0
0
0
2.60872e-16
-9.19309e-09
0
0
0
0
-3.3678e-16
0
0
0
0
0
0
5.9228e-17
0
-1.62457e-15
0
0
0
0
0
0
0
0
0
0
0
0
0
0
0
0
0
0
0
0
0
-6.1481e-17
-9.103e-15
0
0
0
0
0
0
0
0
0
0
0
0
0
0
0
0
0
0
0
0
0
-1.25949e-08
0
0
-1.67018e-08
0
0
0
0
0
0
0
0
0
0
0
0
0
-2.87322e-17
0
0
0
0
0
0
0
0
0
5.38329e-17
0
0
0
0
0
0
-1.37077e-08
0
0
0
0
0
0
0
0
0
0
0
0
0
0
0
0
1.94576e-15
0
0
0
0
0
0
0
0
0
0
0
0
0
0
0
-1.25949e-08
0
0
0
0
0
0
0
0
0
0
0
0
0
0
0
0
0
0
0
0
0
0
0
0
0
0
0
0
0
0
0
0
0
-1.47232e-08
0
1.70699e-17
0
0
0
0
0
0
0
0
0
-1.235e-08
0
0
0
0
0
0
0
0
0
0
0
0
0
0
0
1.73068e-08
1.12017e-08
0
0
0
0
0
0
0
0
0
0
-1.28419e-08
0
0
-1.25949e-08
0
0
0
0
0
0
0
0
0
0
0
0
0
0
0
0
0
0
0
0
0
0
0
0
0
0
0
0
0
-1.26318e-08
0
0
-1.25949e-08
0
0
0
0
0
0
0
0
0
0
0
0
0
0
0
0
0
0
0
0
0
0
-5.57173e-16
0
0
0
0
0
0
0
0
0
0
0
0
0
0
0
0
0
0
0
0
0
0
0
0
0
0
0
0
0
0
0
0
0
0
0
0
0
0
0
0
0
0
0
0
0
0
0
-4.51759e-16
0
0
0
0
0
0
0
0
0
0
0
0
-4.08492e-16
0
0
-1.2558e-08
0
0
0
0
0
0
0
0
0
0
0
0
0
0
-3.81462e-16
0
0
-1.49301e-08
0
0
0
0
0
0
0
0
0
-1.60329e-08
0
0
0
0
0
0
0
0
0
0
0
0
0
0
0
0
0
0
0
0
0
0
0
0
0
0
9.24382e-17
2.54423e-16
0
0
0
0
0
0
0
0
0
0
0
0
0
0
0
0
0
0
0
0
0
0
0
0
0
0
0
1.02214e-17
-1.996e-16
0
0
0
0
7.47973e-16
0
0
0
0
0
0
0
0
0
0
0
0
0
0
0
0
0
0
0
0
0
0
0
0
0
0
0
0
0
0
0
-4.86285e-16
0
0
0
0
0
1.85947e-14
-1.46397e-14
0
0
0
0
0
0
0
0
0
0
0
0
0
0
-3.84185e-15
0
6.84953e-15
0
0
0
0
0
0
0
-2.31465e-17
0
0
0
0
0
0
0
0
0
0
0
0
0
0
0
0
0
0
0
0
0
0
0
0
0
0
0
0
0
0
0
0
0
0
0
0
0
0
0
0
0
0
0
0
0
0
0
0
0
0
0
0
0
0
0
0
0
0
0
0
0
0
0
0
0
0
0
0
0
1.49301e-08
0
0
0
0
0
0
0
0
2.14225e-17
0
0
0
0
0
0
0
0
0
0
0
0
1.60329e-08
0
0
4.65181e-16
4.34782e-16
0
0
0
0
0
0
0
0
0
0
0
0
0
0
0
0
0
0
0
0
0
0
0
0
0
0
0
0
0
0
0
0
0
0
0
0
0
0
0
0
0
0
0
0
0
6.22793e-15
0
0
0
4.58311e-17
0
-1.73068e-08
0
0
0
0
0
1.90298e-16
0
0
0
0
0
0
0
0
0
0
0
0
0
0
0
0
0
0
0
0
0
0
0
0
0
0
-6.08999e-15
0
0
0
0
-8.50402e-16
0
0
0
0
0
0
0
0
0
0
0
0
0
0
0
0
0
0
-1.09884e-15
0
0
0
0
0
0
0
0
0
0
0
0
0
0
0
0
0
0
0
0
0
0
0
0
0
0
0
0
0
0
0
0
0
0
0
0
0
0
0
-4.22973e-17
2.22228e-15
0
0
0
0
0
0
0
0
6.82769e-17
0
0
0
0
0
0
0
0
0
0
0
0
0
3.76382e-18
0
0
0
0
0
0
0
0
0
0
0
0
0
0
0
0
0
0
0
0
0
0
0
0
0
0
-1.28469e-08
0
0
0
0
0
0
0
0
1.28492e-15
0
0
0
0
0
0
0
0
0
0
0
0
0
0
0
0
0
0
0
0
0
0
0
0
0
0
0
0
0
-9.30336e-15
0
0
0
0
0
0
0
0
0
0
0
0
0
0
0
0
0
0
0
0
0
0
-3.15387e-16
0
0
0
0
0
0
0
0
0
0
0
0
0
0
0
0
0
0
-3.73215e-16
0
0
0
0
0
0
0
0
0
9.61332e-17
0
0
0
0
0
0
0
0
0
0
0
0
0
0
0
0
0
0
0
0
0
0
0
0
0
0
0
0
0
0
0
0
0
0
0
0
0
0
0
0
0
0
0
0
0
0
0
0
0
0
0
0
0
0
0
0
0
0
0
-8.99367e-15
-4.28187e-17
0
0
0
0
0
0
0
0
0
0
0
0
0
0
0
0
0
0
0
0
0
0
0
0
0
0
0
8.05622e-30
0
0
0
5.53505e-17
0
0
0
0
0
0
0
0
0
0
0
0
0
0
0
0
0
0
0
0
0
0
0
0
1.21381e-15
0
0
0
0
0
0
0
0
0
0
0
0
0
0
0
0
0
0
0
0
0
0
0
0
0
0
0
0
0
0
0
0
0
0
0
0
0
0
0
0
0
0
0
0
0
0
0
0
0
0
0
0
0
0
0
0
0
0
0
0
0
0
0
0
0
0
0
0
0
0
0
0
0
0
0
0
0
0
0
0
0
0
0
0
0
0
0
0
0
0
0
-4.73895e-16
0
0
0
0
0
0
0
0
0
0
0
0
8.48796e-09
0
0
0
0
0
0
0
0
0
0
0
0
0
0
0
0
0
0
0
0
0
0
0
0
0
0
0
0
0
0
0
0
-4.33565e-16
0
0
0
0
0
0
0
0
0
0
0
0
0
0
0
0
0
0
0
-6.99388e-17
0
0
0
0
0
0
0
0
0
0
0
0
0
-2.60754e-14
0
4.55269e-14
0
-5.85459e-17
0
-1.39638e-14
0
0
0
0
0
0
0
0
0
0
0
0
0
-1.68717e-17
0
0
0
1.1482e-08
0
0
0
0
0
0
0
0
0
0
0
0
0
0
0
0
0
0
0
0
0
0
0
0
0
0
0
0
0
0
0
0
0
0
0
0
0
0
0
0
0
0
0
3.40971e-17
0
0
-1.88828e-15
0
0
0
0
0
0
1.04665e-08
0
0
1.85509e-14
0
2.04758e-16
0
0
0
0
0
3.30993e-17
0
0
0
0
0
0
0
0
6.27449e-18
4.26513e-17
0
0
0
0
0
0
0
-1.28398e-08
0
-1.08974e-17
0
0
0
0
0
0
0
0
0
0
0
0
0
0
0
0
0
0
0
0
0
0
0
-1.00324e-15
0
0
0
0
0
0
0
0
0
0
0
0
0
0
0
0
0
0
0
0
0
0
-1.25949e-08
0
0
0
0
0
0
0
0
0
0
0
0
0
0
0
0
0
-4.53172e-16
0
0
0
0
0
0
0
0
0
-1.23478e-08
0
0
0
0
0
0
0
0
-5.11007e-31
0
0
0
0
9.43944e-15
0
0
0
0
0
0
0
0
0
0
0
0
0
0
0
0
0
0
0
0
0
0
0
0
0
0
0
0
0
0
0
0
0
0
0
0
0
0
0
0
0
0
0
0
0
0
0
0
0
0
0
0
0
0
0
0
0
0
0
0
0
0
0
0
0
0
0
0
-2.10171e-17
0
0
0
0
0
0
0
0
0
0
0
0
0
0
0
0
0
0
0
0
0
0
0
0
0
0
0
0
0
0
0
0
0
0
2.21823e-15
0
0
0
0
0
0
0
0
2.75566e-16
-2.07308e-16
0
0
0
0
0
0
0
0
0
0
0
0
0
0
0
0
0
0
0
0
0
0
0
0
0
0
0
0
0
0
0
0
0
0
0
0
1.62626e-16
0
0
0
0
0
0
0
0
0
0
0
0
0
0
0
0
)
;

boundaryField
{
    frontback
    {
        type            empty;
        value           nonuniform List<scalar> 0();
    }
    topbottom
    {
        type            calculated;
        value           uniform 0;
    }
    outlet
    {
        type            calculated;
        value           nonuniform List<scalar> 0();
    }
    inlet
    {
        type            calculated;
        value           uniform 0;
    }
    walls
    {
        type            calculated;
        value           nonuniform List<scalar> 
151
(
-5.03794e-08
-5.03794e-08
-5.03794e-08
-5.03794e-08
-5.03794e-08
-5.03794e-08
-5.03794e-08
-5.03794e-08
-5.03794e-08
-5.03794e-08
-5.03794e-08
-5.03794e-08
-5.03794e-08
-5.03794e-08
-5.03794e-08
-5.03794e-08
-5.03794e-08
-5.03794e-08
-5.03794e-08
-5.03794e-08
-5.03794e-08
-5.03794e-08
-5.03794e-08
-5.03794e-08
-5.03794e-08
-5.03794e-08
-5.03794e-08
-5.03794e-08
-5.03794e-08
-5.03794e-08
-5.03794e-08
-5.03794e-08
-5.03794e-08
-5.03794e-08
-5.03794e-08
-5.03794e-08
-5.03794e-08
-5.03794e-08
-5.03794e-08
-5.03794e-08
-5.03794e-08
-5.03794e-08
-5.03794e-08
-5.03794e-08
-5.03794e-08
-5.03794e-08
-5.03794e-08
-5.03794e-08
-5.03794e-08
-5.03794e-08
-5.03794e-08
-5.03794e-08
-5.03794e-08
-5.03794e-08
-5.03794e-08
-5.03794e-08
-5.03794e-08
-5.03794e-08
-5.03794e-08
-5.03794e-08
-5.03794e-08
-5.03794e-08
-5.03794e-08
-5.03794e-08
-5.03794e-08
-5.03794e-08
-5.03794e-08
-5.03794e-08
-5.03794e-08
-5.03794e-08
-5.03794e-08
-5.03794e-08
-5.03794e-08
-5.03794e-08
0
0
0
0
0
-5.03794e-08
-5.03794e-08
-5.03794e-08
-5.03794e-08
-5.03794e-08
-5.03794e-08
-5.03794e-08
-5.03794e-08
-5.03794e-08
-5.03794e-08
-5.03794e-08
-5.03794e-08
-5.03794e-08
-5.03794e-08
-5.03794e-08
-5.03794e-08
-5.03794e-08
-5.03794e-08
-5.03794e-08
-5.03794e-08
0
-5.03794e-08
-5.03794e-08
0
9.21447e-16
0
0
-5.03794e-08
-5.03794e-08
-5.03794e-08
-5.03794e-08
-5.03794e-08
0
0
0
-5.03794e-08
-5.03794e-08
0
-5.03794e-08
-5.03794e-08
-5.03794e-08
0
-5.03794e-08
-5.03794e-08
-5.03794e-08
-5.03794e-08
-5.03794e-08
-5.03794e-08
-5.03794e-08
-5.03794e-08
-5.03794e-08
-5.03794e-08
-5.03794e-08
-5.03794e-08
-5.03794e-08
-5.03794e-08
-5.03794e-08
-5.03794e-08
-5.03794e-08
0
-5.03794e-08
-5.03794e-08
-5.03794e-08
-5.03794e-08
-5.03794e-08
-5.03794e-08
-5.03794e-08
0
-5.03794e-08
0
-5.03794e-08
-5.03794e-08
)
;
    }
    procBoundary2to0
    {
        type            processor;
        value           nonuniform List<scalar> 
83
(
0
0
0
0
0
0
0
0
0
-1.09971e-16
0
2.90907e-15
-1.62576e-16
0
0
0
0
1.62097e-15
-2.07145e-15
-5.9012e-17
0
0
-7.84215e-16
0
0
0
0
0
-2.6599e-16
0
0
0
0
-1.73022e-16
-1.9281e-15
0
0
0
0
0
0
0
-1.09175e-16
0
0
0
0
0
0
0
0
-7.06384e-17
0
1.88643e-16
-1.76484e-16
0
0
0
0
0
-1.195e-16
0
-1.88724e-08
0
0
-9.48408e-15
-2.09419e-15
0
0
0
0
1.76256e-16
0
0
0
0
-1.1588e-16
-2.61149e-15
0
0
0
0
-4.90638e-15
)
;
    }
    procBoundary2to3
    {
        type            processor;
        value           nonuniform List<scalar> 
99
(
0
0
0
8.75418e-16
0
0
0
0
0
0
0
0
0
0
0
0
0
0
0
0
0
0
0
0
0
0
0
0
0
0
0
0
0
0
0
0
0
0
0
0
0
0
0
0
0
0
0
1.01929e-15
0
0
0
0
0
0
0
0
0
0
0
0
0
0
0
0
0
0
0
0
0
1.37586e-08
0
0
0
0
0
0
0
0
0
0
0
0
0
0
0
0
0
0
0
0
0
0
0
0
0
0
0
0
0
)
;
    }
}


// ************************************************************************* //
