/*--------------------------------*- C++ -*----------------------------------*\
| =========                 |                                                 |
| \\      /  F ield         | OpenFOAM: The Open Source CFD Toolbox           |
|  \\    /   O peration     | Version:  v2012                                 |
|   \\  /    A nd           | Website:  www.openfoam.com                      |
|    \\/     M anipulation  |                                                 |
\*---------------------------------------------------------------------------*/
FoamFile
{
    version     2.0;
    format      ascii;
    class       surfaceScalarField;
    location    "500";
    object      meshPhi;
}
// * * * * * * * * * * * * * * * * * * * * * * * * * * * * * * * * * * * * * //

dimensions      [0 3 -1 0 0 0 0];
oriented        oriented;


internalField   nonuniform List<scalar> 
20580
(
0
0
0
0
0
0
0
0
0
0
0
-4.74186e-14
-7.8326e-14
0
0
0
0
0
0
0
0
0
0
0
0
0
0
0
0
0
0
0
0
0
0
0
0
0
0
0
0
0
0
0
0
0
0
0
0
0
0
0
0
0
0
0
0
0
0
0
0
0
0
0
0
0
0
0
0
0
0
0
0
0
0
0
0
0
0
0
0
0
0
0
0
0
0
0
0
0
0
0
0
0
0
0
0
0
0
0
0
0
0
0
0
0
0
0
0
0
0
0
0
0
0
0
0
0
0
0
-5.4151e-08
-3.0391e-08
0
0
0
0
0
0
0
0
0
0
4.40124e-14
0
0
0
0
0
0
0
0
0
0
0
0
0
0
0
0
0
-9.11008e-15
-8.33393e-16
-4.33374e-16
0
0
0
0
0
0
0
0
0
0
0
0
0
0
0
0
0
0
0
0
0
0
0
0
-1.20733e-15
1.19109e-16
0
0
0
0
0
0
0
0
0
0
0
0
0
0
0
0
0
0
0
0
0
0
0
0
0
0
0
0
0
0
0
3.63433e-14
1.44519e-15
0
-5.10179e-31
1.26521e-16
0
0
0
0
0
0
0
0
0
0
0
0
0
0
0
0
-7.65742e-16
-1.52992e-16
0
0
4.95249e-17
-1.13612e-16
1.61191e-16
0
0
0
0
0
0
0
0
0
-4.77975e-08
-3.67445e-08
0
0
0
0
0
0
0
0
0
0
0
0
0
0
3.10109e-32
0
-1.74893e-16
0
0
0
0
0
0
0
0
0
0
0
0
0
0
0
0
0
0
0
0
0
0
0
0
0
0
0
0
0
0
0
0
0
0
0
0
0
0
0
0
0
0
0
0
5.78846e-14
0
-3.9503e-14
0
0
0
0
0
0
0
0
0
0
0
0
0
0
0
0
0
0
0
0
0
0
0
0
0
0
0
0
0
0
0
0
0
0
0
0
0
0
0
0
0
0
0
0
0
0
0
0
0
0
9.22021e-17
0
0
0
0
0
0
0
0
0
0
0
0
0
0
0
0
0
0
0
0
0
0
0
0
1.80156e-14
0
-1.40418e-16
3.60754e-16
0
0
0
0
0
0
0
0
0
0
0
0
0
0
0
0
0
0
0
0
0
0
0
0
0
0
0
0
0
0
0
0
0
0
0
0
0
0
0
0
0
7.36139e-16
-6.01856e-17
2.56138e-16
2.10671e-16
0
0
0
0
0
0
0
0
0
0
0
1.17466e-14
0
0
0
0
0
-1.63579e-14
5.62157e-14
0
0
0
0
0
0
0
0
0
-8.19774e-15
0
0
0
0
0
0
0
0
0
-2.04598e-15
3.81743e-15
0
0
-2.87681e-08
-5.57739e-08
1.23416e-16
0
0
0
0
0
0
0
0
0
0
0
0
0
0
0
0
0
0
0
0
0
0
0
0
0
0
0
4.41215e-16
0
-4.29227e-15
0
0
0
0
0
0
0
0
0
0
0
0
0
1.86307e-16
-1.53709e-16
1.49248e-15
-1.44057e-15
8.35829e-16
0
-1.54623e-17
0
0
0
4.60285e-15
-5.89337e-16
0
0
0
0
0
0
0
0
0
0
0
0
0
0
0
0
0
0
0
0
0
0
0
0
0
0
0
0
0
0
0
0
0
0
0
0
0
0
0
9.61673e-18
-7.89524e-17
0
0
0
0
0
0
0
0
0
0
0
0
0
0
0
0
0
0
0
0
0
0
0
0
0
0
0
0
0
0
0
0
6.30221e-32
0
-1.34138e-16
0
0
0
0
0
0
0
3.3555e-18
-1.57548e-17
0
0
0
0
0
0
0
0
0
0
0
0
0
0
0
0
0
0
0
0
0
0
0
0
0
0
2.19798e-14
-6.2804e-14
0
0
0
0
0
0
0
0
0
0
0
0
0
0
0
0
0
0
0
0
0
0
0
0
0
0
0
0
0
0
0
0
0
0
0
0
0
0
0
0
0
0
0
0
0
0
0
-3.14056e-16
0
5.01935e-16
0
0
0
0
0
0
0
0
0
0
0
0
0
0
0
0
0
0
0
0
0
0
0
0
0
0
0
0
0
0
0
0
0
0
0
0
0
0
0
0
0
0
0
0
0
0
0
0
0
0
0
0
0
0
0
0
0
0
0
0
0
0
0
0
0
2.8085e-15
0
9.92557e-15
0
-7.0901e-17
-1.72999e-16
0
0
0
1.03013e-14
0
0
0
1.0295e-16
-1.34669e-16
0
0
0
0
0
0
0
0
-1.41706e-13
0
0
0
0
0
0
1.01352e-16
0
0
0
0
0
0
0
0
0
0
0
0
0
0
0
0
0
-1.11493e-16
-7.47876e-15
0
0
0
0
0
0
0
0
0
0
0
0
0
-4.35323e-08
-4.10097e-08
-7.23731e-17
1.42077e-16
0
-3.25724e-18
0
0
0
0
0
0
0
0
0
0
6.89506e-17
0
0
0
-4.43019e-14
4.92572e-14
0
0
0
0
0
0
0
0
0
0
0
0
0
0
0
0
0
0
0
1.92354e-19
-2.13723e-16
0
0
0
0
0
0
0
0
0
0
0
0
0
0
0
0
0
0
0
0
0
0
0
0
0
0
0
0
0
0
0
0
0
0
0
0
0
0
0
0
0
0
0
0
0
0
0
2.61762e-18
0
0
0
0
0
0
0
0
0
0
0
1.11358e-15
-1.54198e-15
2.5659e-31
-5.45023e-16
0
0
0
0
0
0
3.87782e-16
4.50977e-08
0
0
0
-5.61163e-17
3.02743e-16
0
0
0
0
0
0
0
0
0
0
0
0
0
0
0
0
0
0
0
0
0
0
0
0
0
0
0
0
0
0
0
0
0
0
0
0
-4.72907e-16
-9.43755e-18
0
0
0
0
0
0
0
0
0
0
0
0
0
0
0
0
0
2.84908e-16
0
0
0
0
0
0
-2.54836e-16
0
0
0
0
0
0
0
0
0
0
0
0
0
0
-4.2271e-08
-4.2271e-08
0
0
0
0
0
0
0
0
0
0
0
0
0
1.7216e-17
-1.46869e-14
-1.78328e-14
0
-5.29397e-16
-3.2298e-16
0
0
0
0
0
0
0
0
0
0
0
0
0
0
0
0
-1.72999e-16
0
0
0
0
0
0
0
0
0
0
0
0
0
0
0
0
0
0
0
0
0
0
0
0
0
-9.29557e-15
-4.94723e-15
0
0
0
0
0
0
0
0
0
0
0
0
0
0
0
0
0
0
0
0
0
0
0
0
0
0
0
0
0
0
0
0
0
0
0
0
0
0
0
0
0
0
0
-7.25636e-15
3.79359e-15
0
0
0
0
0
0
0
0
0
0
0
0
0
0
0
0
0
0
0
0
0
0
0
0
0
5.07865e-17
7.3246e-08
-4.84274e-08
0
0
0
0
0
0
0
0
0
0
0
0
0
0
0
0
0
0
0
0
0
0
0
0
0
0
0
0
0
0
0
0
0
0
0
0
0
0
0
0
0
0
0
0
0
0
0
0
0
0
-3.90879e-15
-3.9648e-15
0
0
-1.21218e-13
0
0
0
0
0
0
0
-4.00082e-16
-1.66602e-16
5.07535e-16
0
0
0
0
0
0
0
0
0
0
0
0
0
0
0
0
0
5.79542e-16
0
1.53219e-15
0
0
0
0
0
0
0
0
0
0
0
0
0
0
0
0
0
0
0
0
0
0
0
0
0
0
0
0
0
0
0
0
0
0
0
0
0
0
0
0
0
0
0
0
0
0
0
0
0
0
0
0
0
0
0
0
0
0
0
-3.46258e-17
0
9.88789e-18
0
0
0
0
0
0
0
0
0
0
0
0
0
0
0
0
0
0
0
0
0
0
0
0
0
0
0
0
0
0
0
0
0
5.53708e-17
0
-5.12264e-17
0
0
0
0
0
0
3.78956e-16
-1.59162e-14
0
0
0
0
0
0
0
0
0
0
0
0
0
0
0
0
0
0
0
0
0
0
0
0
0
0
0
0
0
0
0
0
0
0
0
0
0
0
0
-1.19988e-16
0
0
0
0
0
0
0
0
0
0
0
0
0
0
0
0
0
0
0
0
0
0
0
0
0
0
0
0
0
0
0
0
0
0
0
0
0
0
0
0
0
0
0
0
0
0
0
0
0
0
0
0
0
0
0
4.05765e-08
2.77911e-16
0
0
0
0
0
0
0
0
0
1.85129e-16
0
0
0
0
0
0
0
0
-1.13234e-13
4.43159e-14
0
0
0
0
0
0
0
0
0
-2.0872e-14
0
0
0
0
0
0
0
0
0
0
0
0
0
0
0
0
2.48856e-16
0
0
0
0
0
0
0
0
0
0
0
0
0
0
0
0
0
0
0
0
0
0
0
0
0
0
0
0
-4.84197e-16
-7.54453e-17
0
0
0
0
0
0
0
0
0
0
0
0
0
0
0
0
0
0
0
0
0
0
0
0
0
0
0
0
0
0
-3.08852e-17
0
0
0
0
0
0
0
-2.22362e-14
0
0
0
5.54036e-17
-3.27307e-16
1.41715e-16
0
0
0
0
0
0
0
0
0
0
0
0
0
0
0
-1.28676e-17
0
0
0
8.57728e-15
0
0
0
0
0
0
0
0
0
0
0
0
0
0
0
0
1.88643e-14
0
-8.89341e-15
0
0
0
0
0
0
0
0
0
0
0
0
0
0
0
0
0
0
0
0
0
0
0
0
0
0
0
0
0
0
0
0
0
0
0
0
0
0
0
0
0
0
0
0
0
0
0
0
0
0
0
0
0
0
0
0
0
0
0
0
0
0
0
-1.1678e-16
2.79904e-17
3.54109e-16
0
0
0
0
0
0
0
0
0
0
3.0257e-16
-2.19117e-16
0
0
0
0
0
0
0
-1.87369e-16
0
0
0
0
0
0
0
0
0
0
0
0
0
0
0
0
0
0
0
0
0
0
0
-3.85947e-15
0
0
0
0
0
0
0
0
0
0
0
0
0
0
0
0
0
0
0
0
0
0
0
5.36178e-16
0
0
4.36933e-14
-1.81977e-14
0
0
0
0
0
0
0
0
0
0
0
0
0
0
0
0
0
0
-2.49058e-14
-3.86235e-15
0
0
0
0
0
6.16671e-15
-1.78709e-15
0
0
0
0
0
0
0
0
0
0
0
0
0
0
0
0
0
0
0
0
0
0
0
0
0
0
0
0
4.12945e-30
0
-3.87335e-14
0
0
0
0
0
0
0
0
0
0
0
0
0
0
0
0
0
0
0
0
0
0
0
0
0
0
0
0
0
0
2.02498e-14
0
0
0
0
0
0
2.80806e-16
-3.78057e-16
0
0
0
0
0
0
0
0
0
0
3.99952e-14
-2.76133e-14
-2.51521e-15
0
0
0
0
0
0
-7.15947e-15
-6.81169e-15
0
0
0
0
0
0
0
0
0
0
0
0
0
0
0
0
0
0
0
0
0
0
0
3.50316e-18
3.37895e-16
0
-6.33701e-16
0
0
0
0
0
0
0
0
0
0
0
0
0
0
0
0
0
0
0
0
0
0
0
0
0
0
0
0
0
0
0
0
0
0
0
0
0
0
0
0
0
0
0
0
0
0
0
3.03834e-14
-8.08494e-15
4.31245e-14
0
0
0
0
0
0
0
0
0
0
0
0
0
-9.53754e-15
-1.04593e-15
0
0
0
0
0
0
0
0
4.82801e-15
-4.35159e-14
1.17568e-15
0
0
0
0
0
0
0
0
0
0
0
0
0
0
0
0
0
0
0
0
0
0
0
0
0
0
0
0
0
0
0
0
0
0
0
0
0
0
0
0
0
0
0
0
0
0
0
0
0
0
0
0
0
0
0
0
0
0
0
0
0
0
0
0
0
0
0
0
0
0
0
0
0
0
-7.0502e-15
0
0
0
0
0
0
0
0
0
0
0
0
0
0
0
0
0
0
-1.45783e-14
-5.53091e-14
0
0
0
0
0
0
0
0
0
0
0
0
0
0
0
0
0
0
0
0
0
0
0
0
0
0
0
0
0
0
0
0
0
0
0
0
0
0
0
0
9.28881e-17
0
0
4.85612e-08
0
0
0
0
0
0
0
0
0
0
0
0
0
0
0
0
0
0
0
0
0
0
0
0
0
0
0
0
0
0
0
0
0
0
0
0
0
0
0
0
0
0
0
1.58594e-14
4.33485e-14
0
0
0
0
0
0
0
0
0
0
0
0
0
0
0
0
0
0
0
4.37589e-17
0
0
0
0
0
4.78995e-08
0
0
0
0
0
0
0
0
0
0
0
0
0
0
0
0
0
7.26192e-16
1.87721e-15
0
0
0
0
0
0
0
0
0
0
-5.34155e-16
5.6141e-16
0
0
0
0
0
0
0
0
0
0
7.56835e-16
0
0
0
0
0
0
0
0
0
0
0
0
0
0
0
0
0
1.70979e-15
0
0
0
0
0
0
0
0
0
0
0
0
0
0
0
0
0
0
0
0
0
0
0
0
0
0
0
0
0
0
0
0
0
0
0
0
0
0
0
0
0
0
0
0
0
0
0
0
0
0
0
0
0
3.01918e-16
0
0
0
0
0
0
0
4.39655e-08
1.51112e-16
4.02232e-08
0
0
0
0
0
0
0
0
0
0
0
0
0
0
0
0
0
0
0
0
0
0
0
0
0
0
0
-4.27178e-16
-2.02435e-16
0
0
0
0
0
0
0
0
0
0
0
0
0
0
0
0
0
0
0
0
0
0
-2.77076e-16
0
0
0
0
0
0
0
0
0
0
0
-7.09696e-17
-4.54026e-17
0
-5.19165e-16
0
0
0
0
0
0
0
0
0
0
0
0
0
0
0
0
0
0
0
0
0
0
0
0
0
0
0
0
0
0
0
0
0
0
0
0
0
0
0
0
0
0
0
0
0
0
0
0
0
0
0
0
0
0
0
0
0
0
0
0
0
0
0
0
0
0
0
0
0
0
0
0
0
0
0
0
0
0
0
2.25807e-14
-8.09795e-14
0
0
0
0
0
0
0
0
0
0
0
0
0
0
0
2.5969e-16
4.57529e-08
0
-7.68269e-31
1.96528e-14
0
0
0
0
0
0
0
0
0
0
0
0
0
1.7691e-15
-5.47929e-15
0
0
0
0
0
0
0
0
0
0
0
0
0
0
0
0
0
0
0
0
0
0
-6.17963e-15
0
0
0
0
0
0
0
0
0
0
0
0
0
0
0
0
0
0
0
0
0
0
0
0
0
0
0
0
0
0
0
0
0
0
0
0
0
0
0
0
0
0
0
0
0
0
0
0
0
0
0
0
0
0
0
0
0
0
0
0
0
0
0
0
0
0
0
0
0
0
0
0
0
4.2071e-08
0
0
0
0
0
0
0
0
0
0
0
0
0
0
0
0
0
0
0
0
2.16758e-15
1.47664e-17
2.4231e-14
0
0
0
0
0
0
0
0
0
-3.20274e-16
0
0
0
0
0
0
0
0
0
0
0
0
0
4.2271e-08
0
0
0
0
0
0
0
0
0
-3.70292e-16
0
0
0
0
0
0
0
0
0
0
0
0
0
0
0
0
0
0
0
0
0
0
0
0
0
0
0
0
0
0
0
0
0
0
0
0
0
0
0
0
0
0
0
0
0
0
0
0
0
0
0
0
0
0
0
0
0
0
0
0
0
-1.74697e-14
0
0
0
0
-5.44019e-17
0
0
0
0
0
0
0
0
0
0
0
0
0
0
0
0
0
0
0
0
0
0
0
0
0
0
0
0
0
0
0
0
0
0
0
0
0
0
0
0
1.30477e-14
6.04824e-16
0
0
0
0
0
0
0
0
0
0
0
0
0
0
0
0
0
0
0
0
0
0
0
0
0
0
0
0
0
0
0
0
-1.01837e-16
-2.29333e-16
1.27363e-16
0
0
0
0
-1.28816e-14
-2.07332e-14
0
0
0
0
0
0
0
0
0
0
0
0
0
0
0
0
0
0
0
0
0
0
0
0
0
2.14258e-16
0
-1.98139e-16
0
0
0
0
0
0
-3.56551e-14
-1.20927e-14
0
0
0
0
0
0
0
0
0
0
5.86211e-14
0
1.92724e-14
0
0
0
0
0
0
0
0
0
0
0
-3.27589e-15
1.08322e-15
0
0
0
0
0
0
0
0
0
0
0
0
0
1.62614e-17
0
0
0
0
0
4.2271e-08
1.15333e-16
-2.84641e-14
3.36439e-14
0
0
0
0
0
0
0
0
0
0
0
0
0
0
0
0
0
0
0
0
-1.18984e-14
0
0
-2.30867e-16
0
0
0
0
0
0
-3.21903e-14
1.75448e-14
0
0
-1.11805e-15
-4.0738e-14
-8.81346e-15
0
3.41149e-14
0
0
0
0
0
0
0
0
0
0
0
0
0
0
0
0
0
-3.49447e-14
0
0
0
0
0
0
0
0
0
0
0
7.92503e-15
0
0
0
0
0
-3.96286e-14
4.2271e-08
0
0
0
0
0
0
-2.22814e-15
6.31314e-16
0
0
0
0
0
0
0
0
0
0
0
0
0
0
0
0
0
0
0
0
0
0
0
0
0
0
0
0
1.80286e-16
4.58321e-08
0
0
-3.82747e-16
1.53654e-30
0
0
0
0
0
0
0
0
0
0
0
-6.7373e-16
0
0
0
0
0
0
0
0
0
0
0
0
0
0
0
0
0
0
0
-6.70587e-16
0
0
0
0
0
0
0
0
4.58954e-14
4.70999e-16
0
0
0
0
0
0
0
0
0
0
0
0
0
0
0
0
0
0
0
0
0
0
0
0
0
0
0
0
0
0
0
0
0
0
0
0
0
0
0
0
0
0
0
0
0
0
0
0
0
0
0
0
0
0
0
0
0
0
0
0
0
0
0
0
0
0
0
0
0
0
0
0
0
0
0
0
0
0
0
0
0
0
0
0
0
0
0
0
0
0
0
0
0
0
0
0
0
0
0
0
0
0
0
0
0
0
0
0
0
0
0
0
0
0
0
0
0
0
0
0
0
0
0
0
0
0
0
0
0
0
0
0
6.38791e-17
0
0
0
0
0
0
0
0
0
0
0
0
0
0
0
0
0
0
0
0
0
0
0
0
0
0
0
0
0
0
0
0
0
0
0
0
0
0
0
0
0
0
0
0
0
0
0
0
0
0
0
0
0
0
0
0
0
0
0
0
0
0
0
0
0
0
0
0
0
0
0
0
0
0
0
0
0
0
-2.03398e-14
-7.66656e-14
0
0
0
0
0
0
0
0
0
0
0
-1.64988e-16
0
0
0
0
0
1.56029e-15
0
-8.38468e-15
0
0
0
0
0
0
0
0
0
0
0
0
0
-2.43103e-15
0
0
0
0
0
0
0
0
0
0
0
0
0
0
0
-2.10051e-16
2.69896e-15
0
0
0
0
0
0
0
0
0
0
0
0
0
0
0
0
0
0
0
0
0
0
0
-4.03373e-15
0
0
0
0
0
0
0
0
0
0
0
0
0
-7.45732e-15
-2.8009e-15
0
0
0
0
0
0
0
0
0
0
0
0
0
0
0
0
0
0
0
0
0
0
0
0
0
-8.79805e-17
1.09717e-16
0
0
0
0
0
0
0
0
0
0
0
0
0
0
0
0
0
0
0
0
0
0
-2.50101e-17
0
0
0
0
0
0
0
0
0
0
-1.95866e-14
1.0079e-14
0
0
0
0
0
0
0
0
0
0
0
0
0
0
0
0
0
0
0
0
0
0
0
0
0
0
0
0
0
0
0
0
0
0
0
0
0
0
-3.22878e-14
0
0
0
2.7792e-15
-1.62238e-16
0
0
0
0
0
0
0
0
0
0
0
0
0
0
0
0
0
0
0
0
0
0
0
0
0
0
0
0
0
0
0
0
0
0
0
0
0
0
0
-4.53232e-15
0
1.81902e-15
0
-1.6505e-16
-1.91829e-15
0
0
0
0
0
0
0
0
0
0
0
0
0
5.29929e-15
2.7112e-14
0
0
0
0
0
0
0
-4.28602e-16
-3.09504e-16
0
0
0
0
0
0
0
0
0
0
0
0
0
0
0
0
0
0
0
0
0
0
0
0
0
0
0
0
0
0
0
0
0
0
0
0
0
0
0
0
0
0
0
0
0
0
0
0
0
0
0
0
0
0
1.30371e-16
-5.78539e-17
0
0
0
0
0
0
0
0
0
0
0
0
0
0
0
0
0
0
0
0
0
0
0
0
0
0
0
0
0
0
0
0
0
0
0
0
0
0
0
0
0
0
0
0
0
0
0
0
0
0
0
0
0
0
0
0
0
0
0
0
0
0
0
0
0
0
0
0
0
0
0
0
0
0
0
0
0
0
0
0
0
0
0
0
0
0
0
0
0
0
0
0
0
0
0
0
0
-1.68489e-15
0
0
0
0
0
0
0
0
0
0
0
0
0
0
0
0
0
0
0
0
0
-1.60938e-15
-2.42005e-29
-2.64193e-14
0
0
0
0
0
0
0
0
0
0
0
0
0
0
0
0
0
0
0
0
0
0
0
0
0
0
0
0
0
0
0
0
0
0
0
0
0
0
0
0
0
0
0
0
0
0
0
0
0
0
0
0
0
0
0
0
0
0
0
0
0
0
0
0
0
0
0
0
0
0
0
0
0
0
0
0
0
0
0
0
0
0
0
0
0
0
0
0
0
0
0
0
0
0
0
0
0
0
0
0
0
0
0
0
0
0
0
0
0
0
0
0
0
0
0
0
0
0
0
0
0
0
0
0
0
0
0
-4.45638e-16
0
0
0
0
0
0
0
0
0
0
0
0
0
0
0
0
0
0
0
0
0
0
0
0
0
0
0
0
0
0
0
0
0
0
0
0
0
0
0
0
0
0
0
0
-5.33851e-16
2.88728e-15
0
0
0
0
0
0
0
0
0
0
0
0
0
0
0
0
0
0
-1.21935e-15
-1.02272e-14
0
0
0
0
0
0
0
0
0
0
0
0
3.72755e-15
0
0
0
0
0
0
0
0
0
-2.6701e-14
0
0
0
0
0
0
0
0
0
0
2.2933e-14
0
0
-6.30142e-15
1.19994e-14
0
0
0
0
3.90902e-14
0
-3.48866e-16
0
0
0
0
0
0
0
0
0
0
0
0
0
0
0
0
0
0
0
0
0
0
0
0
0
0
0
0
0
0
0
0
0
0
0
0
0
0
0
0
0
0
0
0
0
0
0
2.95877e-14
0
1.21579e-14
0
0
0
0
0
0
0
0
0
0
0
0
0
0
0
2.21436e-16
0
0
0
0
0
0
0
0
0
0
0
0
0
0
0
0
0
0
0
0
0
0
0
0
0
0
0
0
0
0
0
0
0
0
0
0
0
0
0
0
0
0
0
0
0
0
0
0
0
0
0
0
0
0
0
0
0
0
0
0
0
0
0
0
0
0
0
0
0
0
0
0
0
0
0
0
1.96668e-17
-1.33328e-16
0
4.25974e-15
-4.14104e-15
-5.93516e-17
0
0
0
0
0
0
0
0
0
0
0
0
0
0
0
0
0
0
0
0
0
0
0
0
0
0
0
-1.164e-16
2.12708e-16
0
0
0
0
0
0
0
0
2.41047e-14
2.63421e-14
-4.46431e-14
0
0
0
0
0
0
0
-3.1012e-17
0
0
0
0
0
0
0
0
0
0
0
0
0
0
0
0
0
0
0
0
0
0
0
0
0
0
0
0
0
0
0
0
0
0
0
0
0
0
0
7.68783e-16
0
0
0
0
0
0
0
0
0
0
0
0
0
0
0
0
0
0
0
0
4.17501e-16
0
0
0
0
0
0
0
0
0
0
0
0
0
0
0
0
0
0
0
0
0
0
0
0
0
0
0
0
0
0
0
0
0
0
-1.66646e-17
0
0
0
0
0
0
0
0
0
0
0
0
-2.89036e-16
0
0
0
0
0
0
0
0
0
0
0
0
0
0
0
0
0
0
0
0
0
0
0
0
0
0
0
0
0
0
0
0
0
0
0
0
0
0
0
0
0
0
0
0
0
0
0
0
0
0
0
0
0
0
0
0
0
0
0
0
0
0
0
0
0
0
0
0
0
0
0
0
0
0
0
0
0
0
0
0
0
0
0
0
0
0
0
0
0
0
0
0
0
0
0
0
0
0
0
0
0
0
0
0
0
0
0
0
0
0
0
0
0
0
0
0
0
0
0
0
0
2.55089e-31
1.19207e-16
0
0
0
0
0
0
0
0
0
1.44431e-14
0
0
0
0
0
0
0
0
0
0
0
0
0
0
0
0
0
0
0
0
0
0
0
0
0
0
0
0
0
0
0
0
0
-1.60071e-16
4.8368e-16
0
0
0
0
0
0
0
0
0
0
0
0
0
0
0
0
0
0
0
0
0
0
9.84157e-14
-7.24925e-14
0
-1.27545e-31
-2.89277e-16
2.37031e-16
0
0
0
0
0
0
0
0
0
0
0
0
0
0
0
0
0
0
0
0
0
0
0
0
0
0
0
0
0
0
0
0
0
0
0
0
0
0
0
0
0
0
0
0
0
0
0
-1.13912e-16
-9.20314e-17
0
0
0
0
0
0
0
0
0
0
0
0
0
0
0
0
0
0
0
0
0
0
0
0
0
0
0
0
0
0
0
0
0
0
0
0
0
0
0
0
0
0
0
0
0
0
0
0
-1.36513e-14
6.81877e-14
0
0
0
0
0
0
0
0
0
0
0
0
0
0
0
0
0
0
0
0
0
0
0
0
0
0
0
0
0
0
0
0
0
0
0
0
0
0
0
0
1.52405e-16
0
0
0
0
0
0
0
0
0
0
0
0
0
0
0
0
0
0
0
0
0
0
0
0
0
0
0
0
0
0
0
0
0
0
0
0
0
0
0
0
0
0
0
0
0
0
0
0
0
0
0
0
0
0
0
0
0
0
0
0
0
0
0
0
0
0
0
0
0
0
0
3.55529e-15
0
0
0
0
0
0
3.50649e-17
0
-6.35774e-17
0
0
0
0
0
0
0
0
0
0
0
0
-8.62297e-15
0
6.28734e-14
0
0
0
0
0
-6.98625e-14
0
0
0
0
0
0
0
0
0
0
0
9.52041e-17
-6.78278e-16
0
0
0
0
0
0
0
0
0
0
0
0
0
0
0
0
0
0
0
0
0
0
0
0
0
0
0
0
0
0
0
0
0
0
0
0
0
0
0
0
0
0
0
0
0
0
0
0
0
0
0
0
0
0
0
0
0
0
0
0
0
0
0
0
0
0
0
0
0
0
0
0
0
0
0
0
0
0
0
0
0
0
0
0
0
0
0
0
0
0
0
0
0
0
0
0
0
0
0
0
0
0
0
0
0
0
0
0
0
0
0
0
0
0
0
0
0
0
0
0
0
0
0
0
0
0
0
0
0
0
0
0
0
0
0
0
0
0
0
0
0
0
0
0
0
0
0
0
0
0
0
0
0
0
0
0
0
0
0
0
0
0
0
0
0
0
0
0
0
0
0
0
0
0
0
0
0
0
0
0
0
0
0
0
0
0
0
0
0
0
0
0
0
0
0
0
0
0
0
0
0
0
0
0
0
0
0
0
0
0
0
0
0
0
0
0
0
0
0
0
0
0
0
0
0
0
0
0
0
0
0
0
0
0
0
0
0
0
0
0
0
0
0
0
0
0
0
0
0
0
0
0
0
0
0
0
0
0
0
0
0
0
0
0
0
0
0
0
0
0
0
0
0
0
0
0
0
0
0
0
0
0
0
0
0
0
0
0
0
0
0
0
0
0
0
0
0
0
0
0
0
0
0
0
0
0
0
0
-4.01864e-15
0
0
0
0
0
0
0
0
0
0
0
0
0
0
0
0
0
0
0
0
0
0
0
0
0
0
0
0
0
0
0
-3.79854e-14
0
0
0
0
0
0
0
0
0
0
0
0
0
0
0
0
0
0
0
0
0
0
0
0
0
0
0
1.39696e-16
-3.69401e-16
0
0
0
0
0
0
0
0
0
0
0
0
0
0
0
0
0
0
-1.76863e-15
3.08831e-15
0
0
0
0
0
0
0
0
3.96177e-14
2.69704e-14
0
0
0
0
0
0
0
0
0
0
0
0
0
0
0
0
0
0
-1.53777e-16
0
1.77241e-15
0
0
0
0
0
0
0
0
0
0
0
0
0
0
0
0
0
0
0
0
0
0
0
0
0
0
0
0
0
0
0
0
0
0
0
0
2.04351e-15
0
0
0
0
0
2.7512e-16
0
0
0
-1.81587e-14
0
-5.5373e-14
-4.08143e-30
0
0
0
0
0
0
0
0
0
0
0
0
0
0
0
0
-3.02459e-15
0
0
0
0
0
0
0
0
0
0
0
0
0
0
0
0
0
0
0
0
0
0
0
0
0
0
0
0
0
0
0
0
0
0
0
0
0
0
0
0
0
0
0
0
0
0
0
0
0
0
0
0
-2.17503e-17
0
0
0
0
0
0
0
0
0
0
0
0
0
-1.13476e-16
0
0
0
0
0
0
0
0
0
0
0
0
0
0
0
0
0
0
0
0
0
0
0
0
0
0
0
0
0
0
0
0
0
0
0
0
0
0
0
0
0
0
0
0
0
0
0
0
0
0
0
0
0
0
0
0
0
-6.22284e-17
0
0
0
0
0
0
0
0
0
0
0
0
0
0
0
0
0
0
0
0
0
0
0
0
0
0
0
0
0
0
0
0
0
0
0
-5.1468e-31
-3.79432e-16
0
0
0
0
0
0
0
0
0
0
0
0
0
0
0
0
0
0
0
0
0
0
0
0
0
0
0
0
0
0
0
0
0
0
0
0
0
0
0
0
0
-6.08105e-16
0
-1.53575e-15
0
0
0
0
0
0
0
0
0
0
0
0
0
0
0
0
0
0
0
-1.34269e-16
-5.61786e-15
0
0
0
0
0
0
0
0
0
0
0
0
0
0
0
0
0
0
0
0
0
0
0
0
0
0
0
0
0
0
0
1.01918e-15
0
3.70538e-16
0
0
0
0
0
0
0
0
0
0
-3.49701e-08
-4.95719e-08
0
0
0
0
0
0
0
0
0
0
0
0
0
0
-4.25926e-15
3.72483e-15
0
0
0
0
0
0
3.44751e-17
0
0
0
0
0
0
0
0
0
0
-2.07604e-16
-1.57699e-16
0
0
0
0
0
0
0
0
0
0
0
0
0
0
0
0
0
0
0
0
0
0
0
0
0
0
0
0
0
0
0
0
0
0
0
0
0
0
0
0
0
0
0
0
0
0
0
-6.18252e-15
0
0
0
0
0
0
0
0
0
0
0
0
0
0
0
0
0
0
-1.32528e-15
1.69307e-15
0
0
0
0
0
0
0
0
0
0
0
0
0
0
0
0
0
0
0
0
0
0
0
0
0
0
0
0
0
0
-3.56353e-14
0
0
0
0
0
0
0
0
0
0
0
0
0
0
0
0
0
0
0
0
0
0
0
0
0
0
0
0
0
0
0
0
0
-6.68352e-16
-2.38034e-16
0
0
0
0
0
0
0
0
0
0
0
0
0
0
0
0
0
0
0
0
-3.95798e-16
0
0
0
0
0
0
0
0
0
0
0
1.2878e-16
0
0
0
0
0
0
0
0
0
0
0
0
0
0
0
0
0
0
0
2.31995e-15
0
1.67749e-14
0
0
0
0
0
0
0
0
0
0
-1.91786e-16
0
0
0
0
0
0
0
0
0
0
0
0
0
0
0
0
0
0
0
0
0
0
0
0
0
0
0
0
0
0
0
0
0
0
0
0
0
0
0
0
0
0
0
0
0
0
0
0
0
0
0
0
-1.02036e-30
0
0
0
0
0
0
0
0
0
0
0
0
0
0
0
0
0
0
0
0
0
0
0
0
0
0
0
0
0
0
0
1.91616e-16
0
-3.75855e-16
0
0
-1.82868e-13
0
0
0
0
0
0
0
0
0
0
0
0
-2.11274e-30
0
-4.7213e-15
0
0
0
0
0
0
0
0
0
0
0
-4.20503e-16
-2.36376e-16
0
0
0
0
0
0
0
0
0
0
0
0
0
0
0
0
0
0
9.21923e-30
1.72876e-14
0
0
0
0
0
0
0
0
0
0
0
2.1098e-15
0
0
0
0
0
0
0
0
0
0
-3.82862e-14
0
1.53795e-14
0
0
0
7.72081e-17
2.2969e-16
0
0
0
0
0
0
0
0
0
0
0
0
0
0
0
0
0
0
0
0
0
0
0
0
0
0
0
0
0
0
0
0
0
5.18395e-16
-4.11042e-16
0
0
0
0
0
0
0
0
0
0
0
0
0
0
0
0
0
0
0
0
0
0
0
0
0
0
0
0
0
0
0
0
0
0
0
0
0
0
0
0
0
0
0
0
0
0
0
0
0
0
0
0
0
-4.35432e-14
5.70353e-14
0
-8.21087e-30
0
0
0
0
0
0
0
0
0
0
0
0
0
-8.0028e-33
-5.56827e-15
0
0
0
0
0
0
0
0
0
7.32177e-18
0
0
0
0
0
0
0
0
0
0
0
0
0
0
0
0
0
0
0
-1.51762e-15
0
0
0
0
0
0
0
0
0
0
0
0
0
0
0
0
0
0
0
0
0
0
0
0
0
4.22612e-15
0
0
0
0
0
0
2.98564e-16
0
5.24433e-15
0
0
0
0
0
0
0
0
0
0
0
0
0
0
0
3.67589e-14
0
0
0
0
0
-1.95579e-16
0
0
0
0
0
0
0
0
0
0
0
0
0
0
0
0
-5.17874e-16
0
0
0
0
4.11197e-08
0
0
0
0
0
0
0
0
0
0
0
0
0
0
0
0
0
0
0
0
0
0
0
0
0
0
0
0
0
0
0
0
0
0
0
0
0
0
0
0
0
0
0
0
0
0
0
0
0
0
0
0
0
0
0
0
0
0
0
0
0
0
0
0
0
0
0
0
0
0
0
0
0
0
-3.17798e-14
0
0
0
0
0
0
0
0
0
0
0
0
0
0
0
0
1.15858e-15
-5.98278e-16
0
0
0
0
0
0
0
0
0
0
0
0
0
0
0
0
0
0
1.42815e-15
-2.30859e-15
0
0
-4.43294e-16
-8.61567e-17
0
0
0
0
0
0
0
0
0
3.89849e-15
2.04106e-14
0
0
0
0
0
0
0
0
0
0
0
0
0
0
0
0
0
0
0
0
0
0
0
0
0
0
0
0
0
0
0
0
0
0
0
0
0
0
0
0
0
0
0
0
0
0
0
0
0
0
0
0
0
0
0
0
0
0
0
0
0
0
0
0
0
0
0
0
0
0
-2.13081e-14
-1.17616e-14
0
0
0
0
0
0
0
0
0
0
0
0
0
0
0
0
0
0
0
0
0
0
0
0
0
0
0
0
0
0
0
0
0
0
0
0
0
0
0
0
0
0
0
0
0
0
0
0
0
0
-1.27545e-31
-1.55316e-16
0
0
0
0
0
0
0
0
0
0
0
0
0
0
0
0
0
0
0
0
0
0
0
0
0
0
0
0
0
0
0
0
0
0
0
0
0
0
0
0
0
0
0
0
0
0
0
0
0
0
0
0
0
0
0
-4.85564e-08
-3.59856e-08
0
0
-6.50734e-14
1.16101e-14
0
0
0
0
0
0
0
0
0
0
0
0
0
0
0
0
0
0
0
0
0
0
0
0
0
0
0
0
0
0
0
0
0
0
0
0
0
3.31365e-15
-2.03271e-30
0
0
0
0
0
0
0
0
0
0
0
1.52739e-15
-1.12402e-14
0
0
0
0
0
0
0
0
0
0
0
0
0
0
0
0
0
0
0
0
0
0
0
0
0
0
0
0
0
0
0
0
3.75515e-14
0
0
0
0
0
-4.33674e-15
0
0
-5.46642e-16
-1.02036e-30
0
0
0
0
0
0
0
0
0
0
0
0
0
0
0
0
0
0
0
0
0
0
0
0
0
0
0
0
0
0
0
0
0
0
0
0
0
0
0
0
0
0
1.23089e-16
0
3.63039e-17
3.04741e-17
0
0
0
0
0
0
0
0
0
0
0
0
0
0
0
0
0
0
0
0
0
0
0
0
4.51857e-16
0
6.8356e-17
0
0
0
0
0
0
2.33776e-15
0
0
-4.71458e-14
0
0
0
0
0
0
0
0
0
0
0
0
0
0
0
0
0
0
0
0
0
0
0
0
0
0
0
0
0
0
0
0
0
0
0
0
0
0
0
0
0
0
0
0
0
0
0
0
0
0
0
0
0
0
0
0
0
0
0
0
0
0
0
0
0
0
5.38311e-14
0
0
0
0
0
0
0
0
0
0
0
0
0
0
0
0
0
0
0
0
0
0
0
0
0
0
0
0
-2.26688e-16
0
0
0
0
0
0
0
0
0
0
0
0
0
0
1.6205e-16
0
-1.60597e-14
0
5.34132e-15
0
0
0
0
0
0
0
0
0
0
0
0
0
0
0
0
0
0
-2.06519e-17
1.10886e-15
0
0
0
0
0
0
0
0
0
0
0
0
0
0
0
0
0
0
0
0
0
0
0
0
0
0
0
0
0
0
0
0
0
0
-6.70902e-15
0
0
0
0
0
0
0
0
0
0
0
1.62797e-14
0
0
0
0
0
0
0
0
0
0
0
0
0
0
0
0
0
0
0
0
0
0
0
0
0
0
0
0
0
0
0
0
0
0
0
0
0
0
0
0
0
0
0
0
0
0
0
0
0
0
0
0
0
0
0
0
0
0
0
0
0
0
0
0
0
0
0
0
0
0
0
0
0
0
0
0
0
0
0
0
0
0
0
0
0
0
0
0
0
0
0
0
0
0
0
0
0
0
0
0
0
0
0
0
0
0
-2.01671e-30
-2.05147e-15
0
0
0
-1.11576e-16
0
0
0
0
0
0
0
0
0
0
0
0
0
0
0
0
0
0
0
3.31911e-14
-3.82184e-14
0
0
0
-3.29593e-16
0
0
0
0
0
0
0
0
0
0
0
0
0
0
0
0
0
0
0
0
0
-6.93991e-16
5.5174e-15
0
0
0
3.69596e-16
0
0
0
0
0
0
0
0
0
0
0
0
0
0
0
0
0
0
0
0
0
0
0
0
0
0
0
0
0
0
0
0
-7.70975e-16
0
0
0
0
0
0
0
0
0
0
0
0
0
0
0
0
0
0
0
3.44135e-16
0
0
0
0
0
6.8415e-15
0
-1.40945e-16
0
0
0
0
0
0
0
0
0
0
0
0
0
0
0
0
0
0
0
0
0
0
0
0
0
-1.99453e-14
0
0
0
0
0
0
0
0
0
4.59591e-17
0
0
0
0
0
0
0
0
0
0
0
0
0
0
0
0
0
0
0
0
0
0
0
0
0
0
0
0
0
0
0
0
0
0
0
0
0
0
0
0
0
0
0
3.98841e-14
0
5.58708e-15
-6.7668e-16
0
0
0
0
0
0
0
0
0
0
0
0
0
0
0
0
0
0
0
0
0
0
0
0
0
0
0
0
0
0
0
0
0
0
0
0
0
0
-5.75668e-15
0
0
0
0
0
0
0
0
0
0
0
0
0
0
0
0
0
0
-1.01135e-16
-2.21332e-16
0
0
0
0
0
0
0
0
0
0
0
0
0
0
0
0
0
0
0
0
0
0
0
0
0
0
0
0
0
0
0
0
0
0
0
0
0
0
0
0
0
0
0
0
0
0
0
0
0
0
0
0
0
0
0
0
0
0
0
0
0
0
0
0
0
0
0
0
0
0
0
0
0
0
0
0
0
0
0
0
0
0
0
0
0
0
0
0
0
0
0
0
0
0
0
0
0
0
0
0
0
-4.12125e-15
0
-4.21493e-16
0
0
0
0
0
0
0
0
0
0
0
1.34686e-13
-1.809e-14
-4.23052e-14
0
0
0
0
0
-1.64217e-29
-2.91331e-16
0
0
0
0
0
0
0
0
3.24428e-16
-8.36697e-16
0
0
0
0
0
0
0
0
0
0
0
0
0
0
0
2.36904e-14
0
0
0
0
2.60722e-16
0
0
0
0
0
0
0
0
0
0
0
0
0
0
0
0
0
0
0
0
0
0
0
0
0
0
0
0
0
0
0
0
0
0
0
0
0
0
0
0
0
2.26309e-16
-2.52088e-31
0
0
0
0
0
0
0
0
0
0
0
0
0
0
0
0
0
0
0
0
0
0
0
0
0
0
0
0
0
0
0
0
0
0
0
0
0
0
0
0
0
0
0
0
0
0
0
0
0
0
1.37376e-15
0
0
0
0
0
0
-8.38084e-15
-4.12945e-30
0
0
0
0
0
0
0
0
0
0
0
0
0
0
0
0
0
0
0
0
0
0
0
0
0
8.78295e-16
0
0
0
3.02579e-16
0
0
0
0
0
0
0
0
0
0
0
0
0
0
0
0
0
0
0
0
-1.7401e-15
0
0
0
0
0
0
0
0
0
0
0
0
0
0
0
0
0
0
0
0
0
0
0
0
1.08614e-15
0
0
0
0
0
0
0
0
0
0
0
0
0
0
0
0
0
0
0
0
0
0
0
0
0
0
0
0
0
0
0
0
0
0
0
0
0
0
0
0
0
0
0
0
0
0
0
0
0
0
0
0
0
0
0
0
0
0
0
0
0
0
0
0
0
0
0
0
0
0
0
0
0
0
0
0
0
0
0
0
0
0
0
0
0
0
0
0
0
0
0
0
0
0
0
0
0
0
0
0
0
0
0
0
0
8.66145e-15
1.74337e-14
0
0
0
0
0
0
0
0
0
0
0
0
0
0
0
0
0
0
0
0
0
0
0
0
0
0
0
0
0
0
0
0
0
0
0
0
0
0
0
0
0
0
0
0
0
0
0
0
0
0
0
0
0
0
0
0
0
0
0
0
0
0
0
0
0
0
0
0
0
0
0
0
0
0
0
0
0
0
0
0
0
4.06956e-15
0
0
0
0
0
0
0
0
0
0
0
0
0
0
0
0
0
0
0
0
0
0
0
0
0
0
0
0
0
0
0
0
0
0
0
0
0
0
0
0
0
0
0
0
0
0
0
0
0
0
0
0
0
0
0
0
0
0
0
0
0
0
0
0
0
0
0
0
0
0
1.10824e-15
-1.1686e-14
0
0
0
0
0
0
0
0
0
0
0
0
0
0
0
0
0
0
0
0
0
0
0
0
0
0
0
0
0
0
0
0
0
0
0
0
0
0
0
0
0
0
4.29149e-15
0
0
0
0
0
0
0
0
0
0
0
0
0
0
0
0
0
0
8.87903e-14
7.66633e-14
0
0
-5.06748e-16
0
0
0
0
0
0
0
0
0
0
0
-3.78692e-15
0
-3.6246e-16
1.26378e-16
0
0
0
-1.94608e-16
0
0
0
0
1.48223e-16
-6.44044e-16
0
0
0
0
0
0
0
0
0
0
0
0
0
0
0
0
0
0
0
0
0
0
0
0
0
0
0
0
0
0
0
0
0
0
0
0
0
0
0
0
0
0
0
0
0
0
0
0
0
0
0
0
0
0
0
0
0
1.50444e-14
0
0
0
0
0
0
0
0
0
0
0
0
0
0
0
0
0
0
0
0
0
0
0
0
0
0
0
0
0
0
0
0
0
0
0
0
0
0
0
0
0
0
0
0
0
0
0
0
0
0
0
0
0
0
0
0
0
0
0
0
0
0
0
0
0
0
0
0
0
0
0
0
0
0
0
0
0
0
0
0
0
0
0
0
0
0
0
0
0
0
0
0
0
0
0
0
0
0
0
0
0
0
0
0
0
0
0
0
0
0
0
0
0
0
0
0
0
0
0
0
0
0
0
1.61336e-29
-3.60791e-15
0
0
0
0
0
0
0
0
0
0
0
0
0
0
0
0
0
0
0
0
0
0
0
0
0
0
0
0
0
0
0
0
0
0
0
0
0
0
0
0
0
0
0
0
0
0
0
0
0
0
0
0
0
0
0
0
0
0
-3.77914e-16
0
0
0
0
0
0
0
0
0
0
0
0
0
0
0
0
0
0
0
0
0
0
0
0
0
0
0
0
0
0
0
0
0
0
0
0
0
0
0
0
0
-6.02279e-16
0
0
0
0
0
0
0
0
0
0
0
0
0
0
0
0
0
0
0
0
0
0
0
0
0
0
0
0
0
0
0
0
0
0
0
0
0
0
0
0
0
0
0
0
0
0
0
0
0
0
0
0
0
0
0
0
0
0
0
0
0
0
0
0
0
0
0
0
0
0
0
0
0
0
0
0
0
0
0
0
0
0
0
0
0
0
0
-1.16853e-14
0
0
0
0
0
0
0
0
0
0
0
0
0
0
0
0
0
0
0
0
0
0
0
0
0
0
0
0
0
0
0
0
0
0
0
0
0
0
0
0
0
0
0
0
0
-4.24726e-15
0
0
0
0
0
0
0
0
0
0
0
0
0
0
0
0
0
0
0
0
0
0
0
0
0
0
0
0
0
0
0
0
0
0
0
0
0
0
0
0
0
0
0
0
0
0
0
0
0
0
0
0
0
0
0
0
0
0
0
0
0
0
0
0
0
0
0
0
0
0
0
0
0
0
0
0
0
0
0
0
0
0
0
0
0
0
0
0
0
0
0
0
0
0
0
0
0
0
0
0
0
0
0
0
0
0
0
0
0
0
0
0
0
0
4.49673e-14
0
0
0
0
0
0
0
0
0
0
0
0
0
0
0
0
0
-1.72142e-16
0
0
0
0
-6.75434e-17
-3.71652e-17
0
0
0
0
0
0
0
0
0
0
0
0
0
0
0
0
0
0
0
0
0
0
0
0
0
0
0
0
0
0
0
0
0
0
0
0
0
0
0
0
0
0
1.60534e-16
0
0
0
0
0
0
0
0
0
0
0
0
0
0
0
0
0
0
0
0
0
0
0
0
0
0
1.93341e-14
0
0
0
0
0
0
0
0
0
0
0
0
0
0
0
-2.0983e-15
0
0
0
0
0
0
0
0
0
0
0
0
0
0
0
0
0
0
0
0
0
0
0
0
0
3.46513e-16
0
0
0
0
0
0
0
0
0
0
0
0
0
0
0
0
0
0
0
0
0
0
0
0
0
0
0
0
0
0
0
0
0
0
0
0
-1.64882e-15
0
0
0
0
0
0
0
0
0
0
0
0
0
0
0
0
0
0
7.84585e-15
0
0
0
0
0
0
0
0
-1.6353e-16
0
-1.52396e-16
0
0
0
0
0
0
0
0
0
0
0
0
0
0
0
0
0
0
3.30046e-14
4.29729e-15
0
0
0
0
0
0
0
0
0
0
0
0
0
0
0
0
0
0
0
0
0
0
0
0
0
0
0
0
0
0
0
0
0
-1.28305e-14
0
0
0
0
0
0
0
0
0
0
0
0
0
0
0
0
0
0
0
0
0
0
0
0
0
0
0
0
-1.6417e-14
-3.30492e-14
0
0
0
0
0
0
0
0
0
0
0
0
0
0
0
0
0
0
0
0
0
0
0
0
0
0
0
0
0
0
0
-1.16233e-14
0
0
0
0
0
0
0
0
0
0
0
0
0
4.32557e-08
0
0
0
0
0
0
0
0
0
0
0
0
0
0
0
0
0
0
0
0
0
0
0
0
0
0
-4.17529e-15
0
0
0
0
0
0
0
0
0
0
0
0
0
0
0
0
0
0
0
0
0
0
0
0
0
0
0
1.00573e-14
-3.91506e-15
0
0
0
0
0
0
0
0
0
0
0
0
0
0
0
0
3.66809e-16
0
0
0
0
0
0
0
0
0
0
0
0
0
0
0
0
0
0
0
0
0
0
0
-2.8524e-15
-8.59721e-14
1.573e-14
0
0
0
0
0
3.41974e-15
0
2.1108e-15
0
0
0
0
0
0
0
0
0
0
0
0
0
0
0
0
0
0
0
0
0
0
0
0
0
0
0
0
0
0
0
0
5.76654e-15
0
0
0
0
0
0
0
0
0
0
0
0
0
0
0
0
0
0
0
0
0
0
0
0
0
0
0
0
0
0
0
0
0
0
0
0
0
0
0
0
0
0
0
0
0
0
0
0
0
0
0
0
-1.38972e-14
-3.19356e-14
0
0
0
0
0
0
4.02828e-16
-6.05952e-17
0
0
0
0
0
0
0
0
0
0
0
0
0
0
0
0
0
0
0
0
0
0
0
0
0
0
0
0
0
0
0
0
0
0
0
0
0
0
0
0
0
0
0
0
0
1.92214e-16
0
0
0
0
0
0
0
0
0
0
0
0
0
0
0
0
0
0
0
0
0
0
0
0
0
0
0
0
0
0
0
0
0
0
0
0
0
0
0
0
0
0
0
0
0
0
0
0
0
0
0
0
0
0
0
0
0
0
0
0
1.77781e-16
0
0
0
0
0
0
0
0
0
0
0
0
0
0
0
0
0
0
0
0
0
0
0
-2.70082e-15
0
0
0
0
0
2.84099e-15
0
0
0
0
0
-8.4987e-15
0
0
0
0
0
0
0
2.12115e-16
0
0
0
0
0
0
0
0
0
0
0
0
0
0
0
0
0
0
0
0
0
0
0
0
0
0
0
0
0
0
0
0
0
-1.02036e-30
0
0
0
0
0
0
0
0
0
0
8.96281e-15
-2.33456e-14
0
0
0
0
0
0
0
0
0
0
0
0
0
0
0
0
0
0
0
9.90229e-15
0
0
0
0
0
0
0
0
0
0
0
0
0
0
0
0
0
0
0
0
0
0
0
0
0
0
0
0
0
3.62749e-14
0
-4.66834e-14
0
0
0
0
0
0
0
0
0
0
0
0
0
0
0
0
0
0
0
0
0
0
0
0
0
0
0
0
0
0
0
0
0
0
0
0
0
0
0
0
0
0
0
0
-8.15287e-15
0
0
0
0
0
0
0
0
0
0
0
4.02209e-14
9.40928e-15
-4.32501e-14
0
0
0
0
0
0
0
0
0
0
0
0
0
0
0
0
0
0
0
0
0
0
0
0
0
0
0
0
0
0
0
0
0
0
0
0
0
0
0
0
2.05717e-14
-2.90067e-14
0
0
0
0
0
0
0
0
0
0
0
0
0
-2.53869e-16
0
0
0
0
0
0
0
0
0
0
0
0
0
0
0
0
0
0
0
0
0
0
0
0
0
0
0
0
0
0
0
4.84404e-15
2.08143e-14
0
0
0
0
0
0
0
0
0
0
0
0
0
0
0
0
0
0
0
0
0
0
0
0
-1.04838e-15
1.15197e-16
0
0
0
0
0
0
0
0
0
0
0
0
0
0
0
0
0
0
0
0
0
0
0
8.08617e-14
-6.25308e-14
5.53774e-16
-4.07799e-14
0
0
0
-1.22708e-16
0
0
0
0
0
0
0
0
0
0
0
0
-9.46678e-17
0
0
0
0
-6.10689e-14
0
0
0
0
0
-6.75637e-16
0
0
0
0
0
0
-1.0932e-14
0
0
0
0
0
0
0
0
0
0
0
0
0
0
0
0
0
0
0
0
0
0
0
0
0
0
0
0
0
0
3.0478e-15
3.13579e-15
0
0
0
0
0
0
0
0
0
0
0
0
0
0
0
0
0
0
0
0
0
0
0
0
0
0
0
0
0
0
0
0
0
0
0
0
0
0
0
0
0
0
0
0
0
0
0
0
0
0
0
0
0
0
0
0
0
0
0
0
0
0
0
0
0
0
0
0
0
0
0
0
0
0
0
0
0
0
0
0
0
0
0
-6.57682e-17
0
0
0
0
0
0
0
0
0
0
0
0
0
0
0
0
0
0
0
0
0
0
0
0
0
0
0
0
0
0
0
0
0
0
0
0
0
0
0
0
0
0
0
0
0
0
0
0
0
0
0
0
0
0
0
0
0
0
0
0
0
0
0
0
0
0
-4.13593e-14
0
0
0
0
0
0
0
-3.08237e-14
-2.76278e-14
0
0
0
0
0
0
0
0
0
0
0
0
0
0
0
0
0
0
0
0
0
0
3.30356e-29
0
0
0
-7.36047e-18
0
0
0
0
0
0
0
0
-3.38811e-16
0
0
0
0
0
0
0
0
0
0
0
0
0
0
0
0
0
0
0
0
0
0
0
0
0
0
0
0
0
0
0
0
-2.78651e-14
0
0
0
0
0
0
0
0
-4.74097e-14
-5.43692e-14
0
0
0
0
0
0
0
0
0
0
0
0
0
0
0
0
0
0
0
0
0
0
0
0
0
0
0
-1.19132e-15
3.1807e-14
0
0
0
0
0
0
0
0
0
0
0
0
0
0
0
0
0
0
-4.57449e-14
-2.51047e-14
0
0
0
0
0
0
0
0
0
0
0
-6.82066e-14
0
0
0
0
0
0
0
-4.65394e-14
1.63582e-14
0
-6.70468e-16
0
0
0
0
0
0
0
0
0
0
0
0
0
0
0
0
0
0
0
0
0
0
0
9.39732e-15
1.74586e-15
0
0
0
-5.37989e-14
0
4.81334e-14
0
0
0
0
0
0
0
0
7.17836e-14
0
-4.54617e-15
0
0
0
-5.32771e-14
-1.60106e-14
1.95479e-13
0
0
0
0
0
0
0
0
0
0
0
0
0
0
0
0
0
0
0
0
-2.99733e-16
0
2.24745e-16
2.40569e-14
-4.79445e-14
0
0
0
3.18239e-15
0
0
0
0
0
0
0
0
0
0
0
0
0
0
0
-7.47021e-14
0
0
0
0
0
0
0
0
0
0
0
0
0
0
0
0
0
0
0
0
0
0
0
0
0
0
0
0
0
0
0
0
0
0
0
0
0
1.60219e-15
0
0
0
0
0
0
0
0
0
0
0
0
0
0
0
0
0
0
0
0
0
0
0
0
0
0
0
0
0
0
0
0
0
0
0
0
0
0
0
0
0
0
0
0
0
0
0
0
0
0
0
0
0
0
0
0
0
0
0
0
0
0
0
0
0
0
0
0
0
0
0
0
0
0
0
0
0
0
0
0
0
0
2.63221e-14
0
0
0
0
0
0
0
0
0
0
0
0
0
0
0
0
0
0
0
0
0
0
3.01906e-16
8.5487e-17
0
0
0
0
0
0
-6.01961e-15
0
0
0
0
0
0
0
0
0
0
0
0
0
0
0
0
0
0
0
0
0
0
0
4.72787e-14
0
0
0
0
0
0
0
0
0
0
0
0
0
0
0
0
0
0
0
0
0
0
0
0
0
0
0
0
0
0
0
0
0
0
0
0
0
0
0
0
0
0
0
0
0
0
0
0
0
0
0
0
0
0
0
0
0
0
0
0
0
0
0
2.74511e-14
1.17029e-14
3.23644e-14
0
7.35144e-14
0
0
0
0
0
0
0
0
0
0
0
0
0
0
0
0
0
0
0
0
0
0
0
0
0
0
0
8.30469e-17
-7.82512e-17
0
0
0
0
0
0
0
0
0
0
0
0
0
0
0
0
0
-1.07228e-15
0
0
0
0
0
0
0
0
0
0
0
0
0
0
0
0
0
0
0
0
0
0
0
0
0
0
0
0
0
0
0
0
0
0
0
0
0
0
0
0
0
0
0
0
0
0
0
0
0
0
0
0
0
0
0
0
0
0
0
0
0
0
0
0
0
0
0
0
0
0
0
0
0
0
0
0
0
0
0
0
0
0
0
0
2.21081e-14
0
0
0
0
0
0
0
0
0
0
0
0
0
0
0
0
0
0
0
0
0
0
0
0
0
0
0
2.73872e-16
-7.46446e-17
0
0
0
0
0
0
0
0
0
0
0
0
0
0
0
0
0
0
0
0
0
0
0
0
0
0
0
0
0
0
0
0
0
0
0
0
0
0
0
0
0
-8.40269e-17
-1.12604e-16
0
0
0
0
0
0
0
0
0
0
0
0
0
0
0
0
0
0
0
0
0
0
0
0
0
0
0
0
0
0
0
-1.6168e-16
3.86133e-16
0
0
0
0
0
0
0
0
0
0
0
0
0
0
0
0
0
0
0
3.87624e-16
2.63758e-16
0
0
0
0
0
-2.82961e-14
0
2.30434e-14
0
0
0
0
0
0
0
0
0
0
0
0
0
0
0
0
0
0
0
0
0
0
0
0
0
0
0
0
0
0
0
0
0
0
0
0
0
0
0
0
0
0
1.00876e-16
0
0
0
0
0
0
0
0
0
0
0
0
0
0
0
-8.7801e-16
-6.18533e-17
0
0
0
0
0
0
0
0
0
0
0
0
1.30634e-16
0
0
0
0
0
0
0
0
0
0
0
0
0
0
1.263e-16
0
1.04347e-16
0
0
0
0
0
0
0
0
0
0
0
0
0
0
0
0
0
0
0
0
0
0
0
0
0
0
0
0
0
0
0
0
0
0
0
0
-5.64324e-17
-1.87418e-16
0
0
0
0
0
0
-2.02045e-15
1.34706e-14
0
0
0
-1.01962e-15
0
2.16267e-14
0
0
0
0
0
0
0
0
0
0
0
0
0
0
0
0
0
0
0
0
0
0
0
0
0
0
0
0
0
0
0
0
0
0
4.92473e-16
-4.26168e-16
0
0
0
0
0
0
0
0
0
0
0
0
0
-3.91341e-14
0
0
0
0
0
0
0
0
0
0
0
0
0
0
0
-7.42547e-18
0
0
0
0
1.76148e-16
0
-2.75321e-16
0
0
0
0
0
0
0
0
0
0
0
0
0
0
0
0
0
0
0
0
0
0
0
0
0
0
0
0
0
0
0
0
0
0
0
0
0
0
0
0
0
0
0
0
0
0
0
0
0
0
0
0
0
0
0
0
0
0
0
0
0
0
0
0
0
0
0
0
0
0
0
3.7019e-14
0
0
0
0
0
0
0
0
0
2.17064e-17
0
0
2.22228e-16
1.19758e-15
0
0
0
0
0
0
0
0
0
0
0
0
0
0
0
0
0
0
0
0
0
0
0
0
0
0
0
0
0
0
0
0
0
0
0
0
0
0
0
0
0
0
0
0
0
0
0
0
0
0
0
0
0
-9.05263e-16
0
0
0
0
0
0
0
0
0
0
0
0
0
0
0
0
0
0
0
0
0
0
0
0
0
-4.47114e-16
0
0
0
0
0
0
0
0
-3.43144e-16
0
0
0
0
0
0
0
0
0
0
5.05403e-16
2.18441e-16
0
0
0
0
0
0
0
0
0
0
0
0
0
0
0
0
8.28311e-17
5.65775e-16
0
0
0
0
0
0
0
0
-8.28354e-16
0
0
0
0
0
0
0
0
0
0
0
0
0
0
0
1.89876e-16
0
0
0
0
0
0
0
0
0
0
0
0
0
0
0
0
0
0
0
0
0
0
0
0
0
0
0
0
0
0
0
0
0
0
0
0
0
0
0
0
0
0
0
0
0
0
0
0
0
0
0
0
0
0
0
0
0
0
0
0
0
0
0
0
0
0
0
0
0
0
0
0
0
0
0
0
0
0
0
0
0
0
0
0
0
0
0
-2.44463e-14
0
0
0
0
0
0
0
0
0
0
0
0
0
1.17428e-14
0
0
0
0
0
0
0
0
0
0
0
0
0
0
0
0
0
0
0
0
0
0
0
0
0
0
0
0
0
0
0
0
0
0
0
0
0
0
0
0
0
0
0
0
0
0
0
0
0
0
0
0
0
0
0
0
0
0
0
0
0
0
0
0
0
0
0
0
0
0
0
0
0
0
0
0
0
0
-8.31331e-17
0
0
0
0
0
-1.18757e-13
3.85768e-14
0
0
0
0
0
0
0
0
0
0
0
0
0
0
0
0
0
0
0
0
0
0
0
0
-5.73729e-16
0
0
0
0
0
0
0
0
0
0
0
0
0
0
0
0
0
0
0
0
0
0
0
0
0
0
0
0
0
0
0
0
0
0
0
0
0
0
0
0
0
0
0
0
0
0
0
0
-6.89093e-15
0
0
0
0
0
0
0
0
0
0
0
0
0
0
0
-3.75835e-14
0
0
0
0
0
0
0
0
0
0
0
0
0
0
0
0
0
0
0
0
0
0
0
0
0
0
0
0
0
0
0
0
0
0
0
0
0
0
0
0
0
0
0
0
0
0
0
0
0
0
0
0
0
-4.09604e-15
-1.0664e-17
0
0
-3.4096e-15
5.32173e-15
0
0
0
0
0
0
0
0
0
0
0
0
0
0
0
0
0
0
0
0
0
0
0
0
0
0
0
0
2.28547e-14
-8.75031e-14
0
0
0
0
0
0
0
0
0
0
0
0
0
0
0
0
0
0
0
0
0
0
0
0
0
0
0
0
0
0
0
0
0
0
0
0
0
0
0
0
0
0
0
0
0
0
0
0
0
0
0
0
0
0
0
0
0
0
0
0
0
0
0
0
0
0
0
0
0
0
0
0
0
0
0
4.60103e-14
0
0
0
0
0
0
0
0
0
0
0
0
0
0
0
0
0
0
0
0
0
0
0
0
0
0
0
0
0
0
0
0
0
0
0
0
0
0
0
0
0
0
0
0
0
0
0
0
0
0
0
0
0
0
0
0
0
0
0
0
0
0
0
0
0
0
0
0
0
0
0
0
0
0
0
0
0
0
0
0
0
0
0
0
0
0
0
0
0
0
0
0
0
0
0
0
0
0
0
0
0
0
0
0
0
0
0
0
0
0
0
0
0
0
0
0
0
0
0
0
0
0
0
0
0
0
0
0
0
0
0
0
0
0
0
0
0
0
0
0
0
0
0
0
0
0
0
0
0
0
0
0
0
0
0
0
0
0
0
0
0
0
0
-1.57389e-16
0
0
-4.12486e-15
0
0
0
0
0
0
0
0
0
0
0
0
0
0
0
0
0
0
0
0
0
0
0
0
0
0
0
0
0
0
0
0
0
0
0
0
0
0
0
0
0
0
0
0
0
0
0
0
0
4.97567e-15
-1.12045e-14
0
0
0
0
0
0
0
0
0
0
0
0
0
0
0
0
0
0
0
0
0
0
0
0
0
0
0
0
0
0
0
0
0
0
0
0
0
0
0
0
0
0
0
0
0
0
0
0
0
0
0
0
0
0
0
0
0
0
0
0
0
0
0
0
0
0
0
0
0
0
0
0
0
0
0
0
0
0
0
0
0
0
0
0
0
0
0
0
0
0
0
0
0
0
0
0
0
0
0
0
0
0
0
0
0
0
0
0
0
-4.12733e-16
1.10806e-15
0
0
0
0
0
0
0
0
0
0
0
0
0
0
0
0
0
0
0
0
0
0
0
0
0
0
0
0
0
0
0
0
0
0
0
0
0
0
0
0
0
0
0
0
0
0
0
0
0
0
0
0
0
0
0
0
0
0
0
0
0
0
0
0
0
0
0
0
0
0
0
0
0
0
0
0
0
0
0
0
0
0
0
0
0
0
0
0
0
0
0
0
0
0
-2.74324e-14
1.10828e-14
0
0
0
-5.85718e-16
0
0
0
0
0
0
0
0
0
0
0
0
0
0
0
0
0
0
0
0
0
-8.91562e-16
0
0
0
0
0
0
0
0
0
0
0
0
0
0
0
0
0
0
0
0
0
0
0
0
0
0
0
0
0
0
0
0
0
0
0
0
0
0
0
0
0
0
0
0
0
0
0
0
0
0
0
0
0
0
0
0
0
0
0
0
0
0
0
0
0
0
0
0
0
0
0
0
0
0
0
0
0
0
0
0
0
0
0
0
0
0
0
0
-3.10506e-14
0
0
0
0
0
0
0
0
0
0
0
0
0
0
0
0
0
0
0
0
0
0
0
0
0
0
0
0
0
0
0
0
0
0
0
0
0
0
0
0
0
0
0
0
0
0
0
0
0
0
0
0
0
0
0
1.31802e-14
0
0
0
0
0
0
0
0
0
0
0
0
-4.86805e-16
4.66772e-16
0
0
0
0
0
0
0
0
0
0
0
0
0
0
0
0
0
0
0
0
0
0
0
0
0
0
0
0
0
0
0
0
0
0
0
0
0
0
0
0
0
0
0
0
0
0
0
0
0
0
0
0
0
0
0
-2.76336e-14
1.75051e-14
-4.62246e-17
0
0
0
0
0
0
0
0
0
0
0
0
0
0
0
0
0
0
0
0
6.95583e-16
-4.5347e-16
0
5.8962e-14
0
0
0
0
0
0
0
0
0
0
0
0
0
0
0
0
0
0
0
0
0
0
0
0
0
0
0
0
0
0
0
0
0
0
0
0
0
0
0
0
0
0
0
0
0
0
0
0
0
0
0
0
0
0
0
0
0
-5.93569e-17
0
0
0
0
0
0
0
0
0
0
0
2.51428e-14
0
0
0
0
0
0
0
0
0
0
0
0
0
0
0
0
0
0
0
0
0
0
0
0
0
0
0
0
0
0
0
0
0
0
0
0
0
0
0
-8.08282e-16
0
0
0
0
0
0
0
0
0
0
0
0
0
0
1.64521e-14
3.39093e-14
0
0
0
0
0
0
0
0
0
0
0
0
0
0
0
0
0
0
0
0
-2.65029e-14
3.1038e-14
0
0
0
0
0
0
0
0
0
0
0
0
0
0
0
0
0
0
0
0
0
0
0
0
0
0
0
0
0
0
0
0
0
0
0
2.27017e-14
0
0
0
0
0
0
0
0
0
0
0
0
0
0
0
0
0
0
0
-2.14707e-14
0
4.79296e-14
0
0
0
0
0
0
0
0
0
0
0
0
0
0
0
0
0
0
0
0
0
0
0
0
0
0
0
0
0
0
0
0
0
0
0
0
0
0
0
0
0
0
0
4.98353e-16
0
0
0
0
0
0
0
0
0
-5.72795e-15
0
0
0
0
0
0
0
0
0
0
0
0
0
0
0
0
0
0
0
0
0
0
0
0
4.80168e-32
0
-4.68525e-15
0
0
0
0
0
0
0
0
0
0
0
0
0
0
0
0
0
0
-4.52598e-16
0
0
0
0
0
0
0
0
0
0
0
0
0
0
0
2.25619e-16
-1.47331e-15
0
3.32394e-14
0
-2.25967e-14
0
9.40489e-14
0
0
0
0
0
0
0
0
0
0
0
0
0
0
0
0
0
0
0
0
0
0
0
0
0
0
0
0
0
0
0
-4.06328e-16
-3.123e-14
0
0
0
0
0
1.17372e-14
0
0
0
0
0
0
0
0
0
0
0
0
0
0
0
0
0
0
0
0
0
0
0
0
0
0
0
0
0
0
0
0
0
0
0
0
0
0
0
0
0
0
0
0
0
0
0
0
0
0
0
0
0
0
0
0
0
0
0
0
0
0
0
2.19917e-16
0
0
0
0
0
0
0
0
0
0
0
0
0
0
0
0
0
0
0
0
0
0
0
0
0
0
0
0
0
0
0
0
0
0
0
0
0
0
0
0
0
0
0
0
0
0
0
0
0
0
0
0
0
0
0
0
0
0
0
0
-1.18993e-16
0
-1.65178e-29
0
0
0
0
0
0
0
0
0
0
0
0
0
0
0
0
0
0
0
0
0
0
0
0
0
0
0
-4.11344e-30
0
0
0
0
0
0
0
0
0
0
0
0
0
0
0
0
0
0
0
0
0
0
0
0
0
0
0
0
0
0
0
0
0
0
0
0
0
0
0
0
0
0
0
0
0
0
-6.20139e-15
0
0
0
0
0
0
0
0
0
0
0
0
6.98169e-16
0
0
0
0
0
0
0
0
0
0
0
0
0
0
0
0
0
0
0
0
0
0
0
0
0
0
0
0
0
0
0
0
0
0
0
0
0
0
0
0
0
0
-3.29458e-15
0
0
0
0
0
0
0
0
0
0
0
0
0
0
0
0
0
1.20116e-15
0
0
0
0
0
0
0
0
0
0
0
0
0
0
0
0
0
0
0
0
8.64222e-17
0
0
0
0
0
0
0
0
-2.93295e-15
0
0
0
0
0
0
0
0
0
0
0
0
0
0
0
0
0
0
0
0
0
0
0
0
0
0
-7.18718e-16
-1.06192e-16
0
0
0
0
0
0
0
0
0
0
0
0
0
0
0
0
0
0
0
0
0
0
0
0
0
7.46919e-17
0
0
0
0
0
0
0
0
0
-4.97937e-17
0
0
0
-2.79545e-14
-1.55166e-14
0
0
0
0
0
0
0
1.95182e-14
2.94319e-14
0
0
0
0
0
0
6.2951e-15
0
0
0
0
0
0
0
0
0
0
0
0
0
0
0
0
0
0
0
0
0
0
0
0
0
-3.45774e-16
0
0
0
0
0
0
0
0
0
0
0
0
0
0
2.33975e-16
0
0
0
5.88998e-14
0
0
0
0
0
0
0
0
8.46756e-15
-3.88881e-14
0
0
0
0
0
0
0
0
0
0
0
0
0
0
0
0
0
0
0
0
0
0
0
0
0
0
0
0
0
0
0
0
0
0
0
-9.4565e-17
0
0
0
0
0
0
0
0
0
0
0
0
0
0
0
0
0
0
0
0
0
0
-1.96242e-16
0
0
0
0
0
0
0
0
0
0
0
-1.31121e-16
0
0
0
0
3.65578e-16
0
0
0
0
0
0
0
2.08042e-14
0
0
0
0
0
0
2.32887e-14
0
0
0
0
0
0
0
0
0
0
0
0
-2.21836e-16
0
0
0
0
0
0
0
0
0
0
0
-3.05829e-16
0
0
0
0
0
0
0
0
0
0
0
0
0
0
0
0
0
0
0
6.0191e-15
0
0
0
0
-3.07437e-14
0
-2.9534e-16
0
0
0
-3.09963e-16
0
0
0
0
0
0
0
5.2662e-19
3.20364e-16
4.55922e-16
0
0
0
0
0
0
1.51477e-16
0
0
0
0
0
0
0
0
0
0
0
0
0
0
-1.36535e-16
0
0
0
0
0
0
0
0
0
0
0
0
0
0
0
0
-1.68436e-16
0
0
0
0
0
0
0
0
0
0
0
0
2.13635e-16
0
0
0
0
0
0
0
0
0
0
0
0
0
0
0
0
6.52732e-16
0
0
0
0
0
0
0
0
0
0
0
0
0
0
0
0
0
0
0
0
0
0
0
0
-2.17813e-16
0
0
0
0
0
0
-2.83072e-16
0
0
0
0
0
0
-5.9362e-14
-5.75474e-15
0
0
0
0
0
0
0
0
0
0
-7.00168e-14
0
0
0
0
0
0
0
0
0
0
0
0
0
0
0
0
0
0
0
0
0
0
0
0
0
0
0
0
0
-3.55242e-14
0
0
0
0
0
0
0
0
0
0
0
0
0
0
0
0
0
0
-1.9586e-14
0
0
0
0
0
0
0
0
0
0
0
0
0
0
0
0
0
0
0
0
0
0
0
0
0
0
0
0
0
0
0
0
0
0
0
0
0
0
0
0
0
-4.30043e-16
0
0
0
0
0
0
0
0
0
0
0
0
0
0
0
0
0
0
0
0
0
0
0
0
0
0
5.45659e-16
0
0
0
0
0
0
0
0
0
0
0
0
0
0
0
0
0
0
0
0
0
0
0
0
0
0
0
0
0
0
0
0
-4.46297e-14
0
0
0
0
0
0
0
0
0
0
0
0
0
0
0
0
0
0
0
0
0
0
0
0
0
1.11059e-16
0
0
0
0
0
0
0
0
0
0
0
0
0
0
0
0
0
0
0
0
0
0
0
0
0
0
0
0
0
0
0
0
0
0
0
0
0
0
0
0
0
0
0
0
0
0
0
0
0
0
0
0
0
0
0
0
0
0
0
0
0
0
0
-3.80889e-14
4.95765e-15
0
0
0
0
0
0
0
0
0
0
0
0
0
0
0
0
0
0
0
0
0
0
0
0
0
0
0
0
0
0
0
0
0
0
0
0
0
0
0
0
0
0
0
0
0
0
0
0
0
0
0
0
0
0
0
0
0
0
0
0
0
0
0
0
0
0
0
0
0
5.59386e-17
0
0
0
0
0
0
0
0
0
0
0
0
0
0
0
0
0
0
0
0
0
-8.1407e-17
0
0
0
0
0
0
0
0
0
0
0
0
0
0
0
0
0
3.33971e-16
0
0
0
0
0
0
0
0
0
1.38982e-13
0
0
0
0
0
0
0
0
0
0
7.85199e-16
0
0
0
0
0
0
0
0
0
0
0
0
-1.20368e-15
0
0
0
0
0
0
0
0
0
0
0
0
0
0
0
0
0
0
0
0
0
0
0
0
0
0
0
0
0
0
0
0
0
0
0
0
0
0
0
0
0
0
0
-1.85523e-15
0
0
0
-3.68059e-17
5.03755e-17
0
0
0
0
0
0
0
0
0
0
0
0
0
0
0
0
0
0
0
0
0
0
0
0
0
0
0
0
0
0
0
0
0
0
0
0
0
0
0
0
0
0
0
0
0
0
0
0
0
0
0
0
0
0
0
0
0
0
0
0
0
0
0
0
0
0
0
0
0
0
0
0
0
0
0
0
0
0
0
-3.90388e-14
0
0
0
0
0
0
0
0
0
0
0
0
0
0
0
0
3.1354e-14
-3.45845e-14
0
0
0
0
0
0
0
0
0
0
0
0
0
0
0
0
0
0
0
0
0
0
3.61578e-14
-4.67347e-15
0
0
0
0
0
0
0
0
0
0
0
0
0
0
0
0
0
0
0
0
0
0
0
0
0
0
0
0
0
0
0
0
0
0
0
0
0
0
0
0
0
0
0
0
0
0
0
0
0
0
0
0
0
0
0
0
0
0
0
0
0
0
0
0
0
0
0
0
0
0
0
0
0
0
0
0
0
0
0
0
0
0
0
0
0
0
0
0
0
-3.59273e-14
9.29422e-15
0
0
0
0
0
0
0
0
0
0
0
0
0
0
3.818e-16
0
0
0
0
0
0
0
0
0
0
0
0
0
0
0
0
0
0
0
0
0
0
0
0
0
0
0
0
0
0
0
0
0
0
0
0
0
0
0
0
0
0
0
0
0
0
0
0
0
0
0
0
0
0
0
0
0
0
0
0
0
0
0
0
0
0
0
0
0
0
0
0
0
-5.52261e-15
0
0
0
0
0
0
0
0
7.67419e-16
0
0
0
0
0
0
0
0
0
0
0
0
0
0
-3.12455e-15
1.11957e-15
0
2.69564e-14
-9.2991e-15
0
0
0
0
0
0
1.10835e-14
0
0
0
0
0
0
0
0
0
0
0
0
0
0
0
0
0
0
0
0
0
0
0
0
0
0
0
0
0
0
0
0
0
0
0
0
0
0
1.30264e-14
-2.46438e-14
0
0
3.35496e-14
0
0
0
0
0
0
0
0
0
0
1.93942e-16
-3.26559e-16
0
0
0
0
0
0
0
0
0
0
0
-2.98979e-14
2.87529e-14
0
0
0
0
0
0
0
0
0
0
0
0
0
0
0
0
0
0
0
0
4.14895e-15
3.61944e-14
0
0
0
0
8.39384e-14
0
0
0
0
0
0
0
0
0
0
0
0
0
0
0
0
0
0
0
0
0
0
0
-1.52246e-14
0
0
0
0
0
0
0
0
0
0
1.83594e-16
-3.4058e-16
0
0
0
-4.3731e-16
0
9.09464e-16
0
0
0
0
0
0
0
0
0
0
1.38179e-14
0
-8.16437e-14
0
0
0
0
0
0
0
0
0
0
0
0
0
0
0
0
0
0
0
0
0
0
0
0
0
0
0
0
0
0
0
0
0
0
0
0
0
0
0
0
0
0
0
0
0
0
0
0
0
0
0
0
0
0
0
0
0
0
0
0
0
0
0
0
0
0
0
0
0
0
0
0
0
0
0
0
0
-2.98551e-15
0
5.81754e-16
0
0
0
0
0
0
0
0
0
0
0
0
-2.48612e-15
0
-5.74233e-15
0
0
0
0
0
0
0
0
0
0
-1.25298e-14
0
0
0
0
0
-1.01015e-15
1.45725e-13
0
0
0
0
0
0
0
0
0
0
0
0
0
0
0
0
0
-9.70232e-15
0
0
0
0
0
0
0
0
0
0
0
0
0
0
0
0
0
0
0
0
0
0
0
0
2.25956e-15
0
0
0
-1.02236e-30
0
0
0
0
0
0
0
0
0
0
0
0
0
0
0
0
9.2362e-16
0
0
0
0
0
0
6.48188e-17
3.47709e-14
-3.46373e-14
0
0
-2.23491e-15
0
0
8.48499e-14
0
0
0
0
0
0
0
0
0
0
0
0
-4.00204e-08
-4.45216e-08
-4.48465e-08
-3.96955e-08
-4.73619e-08
-3.71801e-08
-4.12863e-08
-4.24163e-08
-4.21257e-08
-4.12576e-08
-4.32844e-08
-4.2271e-08
-4.2271e-08
-3.94443e-08
-4.32624e-08
-4.12796e-08
-4.2271e-08
-3.59808e-08
-4.35136e-08
-4.10284e-08
-4.15886e-08
-4.29534e-08
-4.33038e-08
-4.12382e-08
-4.26838e-08
-4.18582e-08
-4.43188e-08
-4.23328e-08
-4.22092e-08
-4.75579e-08
-3.69841e-08
-4.2271e-08
-4.2271e-08
-3.89643e-08
-4.55777e-08
-4.2271e-08
-4.2271e-08
-4.4567e-08
-3.9975e-08
-4.2271e-08
-4.2271e-08
-4.2271e-08
-4.2271e-08
-4.2271e-08
-4.2271e-08
-5.43159e-08
-3.02261e-08
-4.2471e-08
-4.01228e-08
-4.44192e-08
-4.87573e-08
-3.57847e-08
0
0
0
0
0
0
0
0
0
0
0
0
0
0
0
0
0
0
0
0
0
0
-7.67323e-14
0
0
0
0
0
0
0
0
0
0
0
0
0
0
0
0
0
0
0
0
0
0
0
0
0
0
0
0
0
0
0
0
0
0
0
0
0
0
0
0
0
0
0
0
0
3.86345e-14
0
0
0
0
0
-4.02264e-08
-4.43156e-08
0
0
-4.46063e-08
-3.99357e-08
-4.22807e-08
-4.22613e-08
-4.2271e-08
-4.2271e-08
-4.2271e-08
-4.2271e-08
0
0
0
0
0
0
-4.19896e-08
-4.25524e-08
-4.37677e-08
-4.07743e-08
-4.46554e-08
-3.98866e-08
-3.86209e-08
-4.59211e-08
-5.2395e-08
-3.2147e-08
0
0
-4.94745e-08
-3.50675e-08
-4.2271e-08
-4.2271e-08
-4.2271e-08
-4.2271e-08
0
0
-4.25483e-08
-4.19937e-08
0
0
-4.3135e-08
-4.1407e-08
-4.2271e-08
-4.2271e-08
-4.2271e-08
-4.2271e-08
0
0
0
0
0
0
0
0
0
-4.67152e-08
-3.78268e-08
0
0
-4.2271e-08
-4.2271e-08
0
0
0
-4.2271e-08
-4.2271e-08
0
0
0
0
0
0
0
0
0
0
0
0
-4.2271e-08
-4.2271e-08
0
-4.20639e-08
-4.24781e-08
0
0
0
0
0
0
0
0
0
0
0
0
0
0
0
0
0
0
-4.19297e-08
-4.26123e-08
0
0
0
-4.96778e-08
-3.48642e-08
0
-4.70202e-08
-3.75218e-08
0
0
0
-4.2329e-08
-4.2213e-08
-4.2271e-08
-4.2271e-08
0
-5.25409e-08
-3.20011e-08
0
0
0
0
0
0
0
0
0
0
0
0
0
0
-4.22185e-08
-4.23235e-08
0
0
0
0
0
0
0
0
-4.2271e-08
0
0
-4.2271e-08
-4.2271e-08
0
0
0
0
-5.65776e-08
-2.79644e-08
0
-7.16442e-17
0
-4.0396e-08
-4.4146e-08
-4.2271e-08
-4.2271e-08
0
0
-4.84803e-08
-3.60617e-08
0
0
0
0
0
0
0
0
0
0
0
0
0
-5.4487e-08
-3.0055e-08
0
0
0
0
-5.13127e-08
-3.32293e-08
-4.2271e-08
-4.2271e-08
0
0
0
0
0
0
0
0
0
0
-4.62867e-08
-3.82554e-08
0
0
0
-4.2271e-08
-4.2271e-08
0
0
0
0
0
-4.08096e-08
-4.37324e-08
0
0
0
0
-5.43496e-08
-3.01924e-08
0
0
0
0
-9.4989e-16
0
0
0
0
-4.2271e-08
-4.2271e-08
0
0
-4.2271e-08
-4.2271e-08
0
0
0
0
0
0
0
0
0
0
-1.03915e-14
3.74138e-14
0
0
0
0
0
0
0
0
0
0
0
0
0
0
0
0
0
0
2.95747e-15
0
0
0
0
-4.28077e-08
-4.17343e-08
0
0
0
0
0
0
0
0
0
0
0
0
0
0
0
0
0
0
0
0
0
-4.2271e-08
-4.2271e-08
0
-4.2271e-08
0
0
0
0
0
0
0
0
0
0
0
0
0
0
0
0
0
0
0
0
0
0
0
0
0
0
0
0
0
0
0
7.55181e-15
0
0
0
0
-4.2271e-08
-4.2271e-08
0
0
0
0
0
0
0
0
0
0
0
0
0
0
0
-5.34091e-15
7.07208e-14
-1.68477e-15
0
0
0
0
0
-4.10832e-08
-4.34588e-08
-4.19561e-08
-4.25859e-08
0
0
0
0
0
0
0
0
0
-1.52999e-15
0
0
0
0
0
0
0
0
0
0
0
0
0
0
0
0
-4.11295e-08
-4.34125e-08
0
0
0
0
0
0
0
0
0
0
0
0
5.75037e-15
-5.82643e-15
0
0
0
0
0
0
0
0
0
0
0
0
0
0
0
0
0
0
0
0
0
0
2.9329e-15
-4.17272e-08
-4.28148e-08
-4.2271e-08
-4.2271e-08
0
0
0
0
0
0
0
0
0
0
0
0
0
0
0
0
0
0
0
0
0
0
0
0
0
0
0
0
0
0
0
0
0
0
0
0
0
0
0
0
0
0
0
0
-3.88243e-15
0
0
0
0
0
0
0
0
0
0
0
0
0
0
-4.34223e-08
0
0
0
0
0
0
0
-3.31e-08
-5.1442e-08
0
0
0
0
0
0
0
0
0
0
0
0
0
0
0
0
-3.3841e-16
1.56227e-16
0
0
0
0
0
0
0
0
0
0
0
0
0
0
0
0
0
0
0
0
0
0
2.60537e-15
0
0
0
0
0
0
0
0
0
0
0
0
0
0
-3.66425e-08
0
0
0
0
0
0
0
0
0
0
0
0
0
0
0
0
0
0
0
0
0
0
0
0
0
0
0
0
0
-3.8221e-14
0
0
0
0
0
0
2.70009e-14
0
0
0
0
0
0
0
0
0
0
0
0
0
0
0
0
0
0
0
0
0
-4.36725e-08
-4.08695e-08
0
0
0
0
0
0
0
0
0
0
0
0
0
7.1894e-15
-2.40269e-15
0
0
0
0
0
0
0
0
0
0
0
0
0
0
0
-3.87099e-08
0
0
0
0
0
0
0
0
0
0
0
0
-1.05788e-14
0
0
0
0
-5.81246e-14
6.06577e-14
0
0
0
0
0
0
0
0
0
0
0
0
-1.71519e-15
0
0
0
0
0
0
0
0
0
0
0
0
0
0
2.9374e-14
9.23618e-15
0
0
0
0
0
-4.53968e-08
-3.91452e-08
0
0
1.25077e-14
0
0
0
0
-1.4577e-14
0
0
0
0
0
0
0
0
0
0
0
0
0
0
0
0
0
0
0
0
0
0
0
0
0
0
0
0
7.39946e-17
-2.03827e-16
0
0
0
0
0
0
0
0
0
0
0
0
0
0
0
0
0
0
0
0
0
0
0
0
0
0
0
0
0
0
0
0
-4.2271e-08
-4.2271e-08
-4.03808e-08
-4.41612e-08
0
0
0
0
0
0
0
0
0
0
0
0
0
0
0
0
2.97455e-15
0
-4.12945e-30
0
0
-4.1225e-08
-4.3317e-08
0
0
0
0
0
0
0
0
4.32342e-16
0
0
0
0
0
0
0
0
0
0
0
0
0
0
2.03484e-14
0
0
0
0
0
0
0
0
0
0
0
0
0
0
0
0
0
0
0
0
0
0
0
0
0
0
0
0
0
3.49955e-14
0
0
0
0
0
0
0
0
0
0
0
0
0
0
0
0
0
0
0
0
0
0
0
3.58286e-14
0
0
0
0
0
0
0
0
0
0
0
0
0
-3.10969e-14
0
7.66702e-14
5.95626e-16
0
0
0
0
0
0
0
0
0
0
0
0
0
0
0
0
0
0
0
0
0
0
0
0
0
0
0
0
0
0
0
0
0
0
0
0
1.52715e-14
0
0
0
2.5609e-31
8.32453e-15
0
0
0
0
0
0
0
0
0
0
0
0
0
0
0
0
0
0
0
0
-9.49164e-15
0
0
0
0
0
-6.89705e-16
0
7.45766e-17
0
0
0
0
0
0
0
0
0
0
0
0
0
0
0
0
0
0
0
0
-4.08115e-08
-4.37305e-08
0
0
0
0
0
0
0
0
0
0
0
0
0
0
0
0
0
0
0
0
0
0
0
0
0
0
0
0
0
0
0
0
4.89035e-16
0
0
0
0
0
0
0
0
0
0
0
0
0
0
0
0
0
0
0
0
0
0
0
0
0
0
0
0
0
0
0
0
0
0
0
0
0
0
-2.46048e-14
3.15305e-14
0
0
0
0
0
0
0
0
0
0
0
0
0
0
0
0
0
0
0
0
1.12372e-14
0
0
0
0
0
0
0
0
0
0
0
0
0
0
0
0
0
0
0
0
0
0
0
0
0
0
0
0
0
0
0
0
0
0
0
0
0
0
0
0
0
0
0
0
0
0
-5.32644e-17
0
0
0
0
0
0
0
0
0
6.23343e-14
-1.12144e-13
0
0
0
2.42785e-15
0
0
0
0
0
0
0
0
1.73668e-14
1.22842e-16
1.71211e-14
0
0
0
0
0
0
0
0
0
0
0
0
0
0
0
0
0
0
0
0
0
0
0
0
0
0
0
0
0
0
0
0
-4.2271e-08
-4.2271e-08
0
0
0
0
0
0
0
0
0
0
0
0
0
0
0
0
0
0
0
0
0
0
0
0
0
0
0
0
0
0
0
0
0
0
0
0
0
0
0
0
0
0
0
0
0
0
0
0
0
0
0
0
0
-4.09369e-08
-4.36051e-08
0
0
0
0
0
0
0
0
0
-1.83864e-14
1.87253e-14
2.74532e-15
0
0
0
0
0
0
0
0
0
0
0
0
0
0
0
0
0
0
0
0
0
0
0
0
0
0
0
0
0
0
0
0
0
0
0
0
0
0
0
0
0
0
0
0
0
0
0
0
0
0
0
0
0
0
0
0
7.25632e-16
-4.4543e-15
0
0
0
0
0
0
0
0
0
0
0
0
-4.46182e-15
0
0
0
0
0
0
0
0
0
0
0
0
0
0
0
0
0
0
0
0
0
-1.54712e-18
0
0
0
0
0
0
0
0
0
0
0
0
0
0
0
0
0
0
0
0
0
0
0
0
0
0
0
0
0
0
0
0
0
0
0
0
0
0
0
0
0
0
0
0
0
0
0
0
0
0
0
0
0
-6.4214e-14
-4.48165e-15
0
-8.21899e-14
3.8091e-14
0
0
0
0
0
0
0
0
0
0
0
0
0
0
0
0
0
0
0
0
0
0
-2.12971e-14
-5.1713e-08
-3.2829e-08
0
0
-2.35316e-14
0
0
0
-1.02436e-30
0
0
0
0
0
0
-4.68198e-15
1.27449e-15
0
0
0
0
0
0
0
0
0
0
0
0
0
0
0
0
5.91001e-15
0
0
0
0
0
0
0
0
0
0
0
0
0
0
-4.0643e-08
-4.3899e-08
0
0
0
0
0
0
0
0
0
7.58252e-15
0
0
0
0
0
0
0
0
0
-1.73089e-14
-1.93462e-14
0
0
0
0
0
0
0
0
0
0
0
0
0
0
0
0
0
0
0
0
0
0
0
0
0
0
0
0
0
0
0
0
0
0
0
0
0
0
0
0
0
0
0
0
0
0
0
0
0
0
0
0
0
0
0
0
0
0
0
0
-2.78936e-16
0
0
0
0
0
0
0
0
0
0
0
0
0
0
0
0
-1.37675e-14
2.80553e-14
0
0
9.70429e-16
0
0
0
0
0
0
0
0
0
-3.756e-15
2.28122e-14
8.83122e-16
0
0
0
0
0
0
0
0
0
0
6.36029e-15
-2.38926e-15
0
0
0
0
0
0
0
-2.67837e-17
0
0
0
0
-8.99281e-16
0
0
0
0
-4.2271e-08
-4.2271e-08
-5.03318e-15
0
0
0
0
0
0
0
0
0
-9.77103e-17
0
0
0
-7.5744e-16
0
0
0
0
0
0
2.35039e-16
0
0
0
0
0
0
0
0
0
0
0
0
0
0
0
0
0
0
0
0
0
0
0
0
0
-6.33062e-15
-1.55761e-14
0
0
0
0
0
0
0
0
0
0
2.55498e-16
0
0
0
0
0
0
0
0
0
0
0
0
0
0
0
0
0
4.38943e-16
-7.95717e-17
0
0
0
0
0
0
0
0
0
0
0
0
0
0
0
0
0
0
0
1.52478e-14
0
0
0
0
0
0
0
0
0
0
0
0
0
0
0
0
0
0
0
0
0
0
0
0
0
0
0
0
3.2014e-16
0
0
0
0
0
0
0
0
0
0
0
0
0
0
0
0
0
0
0
0
0
0
0
0
0
0
0
0
0
0
0
0
0
0
0
0
0
0
0
0
0
0
0
0
6.164e-15
0
0
0
0
0
0
0
4.57088e-15
0
0
0
0
0
0
0
0
0
0
0
0
0
0
0
0
0
0
0
0
0
0
0
0
0
0
0
0
0
0
0
0
0
0
0
0
0
0
0
0
0
0
0
0
0
0
0
0
0
0
0
0
0
0
0
0
0
0
0
0
0
0
0
0
0
0
0
0
0
0
0
0
0
0
0
0
0
0
0
0
0
0
0
0
0
0
0
0
0
0
0
0
0
0
0
0
0
0
0
0
0
0
0
0
0
0
0
0
0
0
0
0
0
0
0
0
0
0
0
0
0
0
0
0
0
0
-6.34825e-17
0
0
0
0
0
6.12642e-17
0
0
0
0
0
0
0
0
0
0
0
0
0
0
0
0
0
0
0
0
0
0
0
0
0
0
0
0
0
0
0
0
0
0
0
0
0
0
0
0
0
0
0
0
0
0
0
0
0
0
0
0
0
0
0
0
0
0
0
0
0
0
0
0
0
0
0
0
0
0
0
0
0
0
0
0
0
0
0
0
0
0
0
0
0
0
0
0
0
0
0
0
0
0
0
0
0
0
0
0
1.81779e-14
0
0
0
0
0
0
0
0
0
0
0
0
0
0
0
3.92978e-15
0
0
0
0
2.13471e-17
0
0
0
0
0
0
0
0
4.35365e-17
8.44307e-17
0
0
0
0
0
0
0
0
0
0
0
0
0
0
0
0
0
0
0
0
0
0
0
0
0
0
0
0
0
0
0
0
0
0
0
0
0
6.36024e-17
0
5.76728e-17
0
0
0
0
0
1.18585e-16
0
0
0
0
0
0
0
0
0
0
0
5.66796e-17
0
0
0
0
0
0
0
0
0
5.76663e-17
0
0
0
0
0
0
0
0
0
0
0
6.01571e-17
0
0
0
0
0
0
0
0
0
0
0
0
0
0
0
0
0
0
0
0
0
-2.38295e-16
0
0
0
0
3.05009e-16
0
0
4.51676e-17
0
0
0
0
0
0
0
0
0
0
0
0
0
0
0
0
0
0
0
0
0
0
0
0
0
0
0
0
0
0
0
1.16745e-16
0
0
0
0
0
0
0
0
0
0
0
0
0
0
0
0
-1.73572e-14
-4.30956e-08
-4.14464e-08
0
0
0
0
0
0
0
0
0
0
0
0
0
0
0
0
0
0
0
0
0
1.79198e-16
0
0
0
0
0
0
0
0
0
0
0
0
0
0
0
0
0
0
0
0
0
0
-3.84134e-31
0
0
0
0
0
0
0
0
0
0
0
0
0
0
0
0
0
0
0
0
0
0
0
0
0
0
0
0
0
0
0
0
0
0
0
0
0
0
0
1.31247e-16
0
8.64695e-15
0
0
0
-1.46193e-14
-7.9028e-16
6.41131e-17
0
0
0
0
0
0
0
0
0
0
0
0
0
0
0
0
0
0
0
0
0
0
-1.99543e-15
4.21979e-14
0
0
0
0
0
0
0
0
0
0
0
0
0
0
0
0
0
0
0
0
0
0
0
0
0
0
0
0
0
0
0
0
0
0
0
0
0
0
0
0
0
0
-4.36346e-14
7.69494e-15
0
0
0
0
0
0
0
0
0
0
0
0
0
0
0
0
0
0
0
0
0
0
0
0
0
0
0
0
0
0
0
0
0
0
0
0
0
0
0
-1.04621e-16
0
0
0
0
0
0
0
0
0
0
0
0
0
0
0
0
0
-5.40804e-08
-3.04616e-08
0
0
0
0
0
0
0
0
0
0
0
0
0
0
0
0
0
0
0
0
0
0
0
0
0
0
-5.57602e-17
0
1.93855e-16
1.78965e-14
0
0
0
0
0
0
0
0
0
0
-2.15408e-16
-9.77315e-16
-3.23617e-15
0
0
0
0
0
0
-4.34877e-08
-4.10543e-08
0
0
0
0
0
0
2.3123e-16
0
0
0
0
0
0
0
0
0
0
0
0
0
0
0
0
0
0
0
0
0
0
0
0
0
0
0
0
5.29459e-17
0
0
0
0
0
0
0
0
0
0
0
0
0
0
0
0
0
0
0
0
0
0
0
0
0
0
0
0
7.1048e-14
0
0
0
1.39787e-15
0
1.88301e-15
5.74873e-17
0
0
0
0
0
0
0
0
0
0
1.64545e-16
0
0
0
0
0
0
0
0
0
0
0
0
0
0
0
0
0
0
0
-5.76486e-17
0
0
0
0
0
0
5.93267e-17
0
0
0
0
0
0
0
0
0
0
0
0
0
0
0
0
0
0
-2.38138e-16
0
0
0
0
0
0
0
0
0
0
0
0
0
-4.82213e-08
-3.63207e-08
0
0
0
0
0
0
0
0
0
0
0
0
0
0
0
0
0
0
0
0
0
0
0
0
0
0
0
0
0
0
0
0
0
0
-7.52298e-16
0
0
0
0
0
0
0
0
0
0
0
0
0
0
0
0
0
0
0
-2.7338e-16
-1.22972e-14
0
0
0
0
0
0
2.25949e-16
0
0
0
0
0
0
0
0
0
0
0
0
0
0
0
0
0
0
1.86992e-15
0
0
0
0
0
1.02754e-15
0
0
0
0
0
0
0
0
0
0
0
0
0
0
0
0
0
0
0
0
0
0
0
1.48517e-14
5.27939e-14
0
0
0
0
0
0
-1.21459e-16
0
0
0
7.53564e-14
0
0
0
0
0
0
0
0
0
0
0
0
0
0
0
-4.11971e-08
-4.33449e-08
0
0
0
0
0
0
0
0
0
0
0
0
0
0
0
0
0
0
0
0
0
0
0
0
0
0
0
0
0
0
-1.27324e-16
0
0
0
7.49719e-14
0
0
0
0
0
0
0
5.81296e-17
2.67864e-14
-8.35235e-15
0
0
0
0
0
0
0
0
0
0
0
0
0
0
0
0
0
0
0
0
0
-1.71518e-17
0
0
0
0
-3.06375e-15
0
0
0
0
0
0
0
0
2.63922e-16
0
0
0
0
0
0
0
0
0
0
0
0
0
0
0
0
0
0
0
0
0
0
0
0
-4.79583e-14
5.33164e-14
-2.31795e-14
1.79816e-14
0
0
0
0
0
0
0
0
0
0
0
0
0
0
0
0
0
0
0
0
0
0
0
0
0
-3.28435e-29
1.70165e-15
0
0
0
0
0
0
0
0
0
0
0
0
0
0
0
-1.47989e-15
0
6.32819e-17
-1.71177e-16
0
0
0
0
0
0
0
0
0
0
0
0
0
0
0
0
0
0
0
0
0
0
0
0
0
0
0
0
0
0
0
0
0
0
-5.29604e-17
0
0
0
0
0
0
0
-1.51332e-16
0
-5.5314e-16
0
0
0
0
0
0
0
0
0
0
0
0
0
0
0
0
0
0
2.85106e-16
0
0
0
1.87161e-17
0
0
2.89134e-16
-8.57803e-17
0
0
0
0
0
0
0
0
0
0
0
0
0
0
0
0
0
0
0
0
0
0
0
0
0
0
0
0
0
0
0
0
0
0
0
0
0
0
0
0
0
0
0
0
0
0
0
0
0
0
0
0
0
0
0
0
0
0
0
0
0
0
0
0
0
0
0
0
0
0
0
0
0
0
0
0
0
0
0
0
0
0
0
0
0
0
0
0
0
0
0
0
0
0
2.51269e-14
2.46306e-14
0
0
0
0
0
0
0
0
0
0
0
0
0
0
0
0
0
0
0
0
0
0
0
0
0
0
0
0
0
0
0
0
0
0
0
0
0
0
0
0
0
-5.62815e-17
0
0
0
0
0
0
0
0
0
0
0
0
0
0
0
0
0
0
0
0
0
0
0
0
0
0
0
0
0
0
0
0
0
0
0
0
0
8.03264e-14
4.2271e-08
4.23701e-16
0
0
0
0
0
0
0
0
0
0
0
0
0
0
0
0
0
0
0
0
0
1.92203e-14
-2.9154e-14
0
0
0
0
0
0
0
0
0
0
0
0
0
0
0
0
0
0
9.82571e-17
0
0
0
0
0
0
0
0
0
0
0
0
0
0
0
0
0
0
0
1.15719e-13
0
0
0
0
0
0
0
0
0
0
0
0
0
0
0
0
0
0
0
0
0
0
0
0
0
0
0
0
0
0
0
0
0
4.2271e-08
0
0
0
0
0
0
0
0
0
0
0
0
0
0
0
0
0
0
0
0
0
0
0
0
0
2.45983e-16
0
0
0
0
0
0
3.80774e-14
0
0
0
0
0
0
0
0
0
0
0
0
0
0
0
0
0
0
0
0
0
0
0
0
0
0
0
0
0
0
0
0
0
0
0
0
0
0
0
0
0
6.7695e-16
-4.40988e-17
5.04724e-14
0
0
0
0
0
-4.2271e-08
0
0
0
0
-7.30609e-15
0
0
0
0
0
0
0
0
0
0
0
0
0
0
-7.68514e-16
0
0
0
0
1.66459e-15
0
0
0
0
0
0
0
0
0
0
0
0
0
0
0
0
0
0
4.13142e-14
0
0
0
4.2271e-08
0
0
0
0
0
0
0
0
0
0
0
0
0
0
0
0
0
0
0
0
0
0
0
0
0
0
0
0
0
0
0
0
0
0
0
0
0
0
0
0
0
0
0
0
0
0
0
0
0
0
0
0
0
0
0
0
0
0
1.09762e-14
1.71036e-15
0
0
0
0
0
0
0
0
0
0
0
0
0
0
0
0
0
0
0
0
0
0
0
5.52151e-15
0
0
0
0
0
0
0
0
0
0
0
0
0
0
0
0
0
0
0
0
0
0
0
0
0
0
0
0
-2.6357e-16
0
0
0
0
0
0
0
0
0
0
0
0
0
0
0
0
0
0
0
0
0
0
0
0
0
0
0
0
0
0
0
0
0
0
0
0
0
0
0
0
0
0
0
0
0
0
0
0
0
0
0
0
0
1.17152e-16
0
0
0
0
0
0
0
0
0
0
-1.15165e-15
0
0
0
0
0
0
0
0
0
0
0
0
0
0
0
0
0
0
-3.86212e-16
0
4.09503e-16
-2.20402e-16
0
0
0
0
0
0
0
0
0
0
0
0
0
0
0
0
0
0
0
0
0
0
0
0
0
0
0
0
0
0
0
0
0
0
0
0
0
0
0
0
0
0
0
0
0
0
0
0
0
0
0
0
0
0
0
0
9.01903e-16
0
0
0
0
0
0
0
0
0
0
-5.01804e-14
0
0
0
0
0
0
0
0
0
0
0
0
0
0
0
0
0
0
0
0
0
0
0
0
0
0
0
0
0
0
0
0
3.74436e-08
1.65194e-16
0
0
0
0
0
0
0
0
0
0
0
1.86755e-14
0
0
0
0
0
0
0
0
0
0
0
0
0
0
0
0
7.31865e-15
0
0
0
0
0
0
0
0
0
0
0
-6.17521e-16
0
0
0
0
0
0
0
0
0
0
0
0
0
0
0
0
0
0
0
0
-1.33064e-16
0
0
0
0
0
0
0
0
0
0
4.70984e-08
0
7.3246e-08
0
0
0
0
0
0
0
0
0
0
0
0
0
0
0
3.69465e-08
1.0459e-16
0
0
0
2.84109e-17
0
0
9.36496e-15
0
0
0
2.14765e-14
0
0
0
0
0
0
1.57063e-14
0
0
0
0
0
0
0
0
0
0
0
0
0
0
0
0
0
0
0
0
0
0
0
0
0
0
0
0
0
0
0
0
0
0
0
0
0
0
0
0
0
0
0
0
0
0
0
0
0
0
0
0
0
0
0
0
0
0
0
0
0
0
0
0
0
5.49024e-14
1.75365e-14
0
0
0
0
0
0
0
0
0
0
0
0
0
0
0
0
0
0
5.5393e-17
0
0
0
0
0
0
0
-6.61065e-16
0
0
0
0
0
0
0
0
0
0
0
0
0
0
0
0
0
0
0
5.24425e-16
4.46556e-16
0
0
0
0
0
0
0
0
0
0
0
0
0
0
0
0
0
0
0
0
0
0
0
0
0
0
4.75956e-08
0
0
4.0631e-16
0
0
0
0
0
0
0
0
0
0
0
0
0
0
0
0
0
0
0
0
0
0
0
0
0
0
0
0
0
0
0
0
0
0
0
0
0
0
3.41026e-18
4.55231e-08
8.18151e-17
0
0
0
0
0
0
0
0
0
0
5.79837e-15
0
3.00105e-33
3.85061e-17
0
0
0
0
0
0
0
0
0
0
0
0
0
0
-6.33314e-14
0
0
0
0
0
0
0
0
0
1.52615e-15
0
0
0
0
0
0
0
0
0
0
0
0
0
0
0
0
0
0
0
0
0
0
0
0
0
0
0
0
0
-3.57734e-16
0
0
0
0
0
0
0
0
0
0
0
0
0
0
1.36781e-16
0
0
0
0
0
0
0
0
-1.05724e-16
0
0
0
0
0
0
0
0
0
0
1.03738e-16
4.04347e-08
2.22808e-16
0
0
0
-5.03336e-17
0
0
0
0
-6.07215e-17
0
0
0
0
0
0
0
0
0
0
0
0
0
0
-5.06844e-14
0
0
4.41073e-08
2.55595e-16
0
0
0
0
0
0
0
0
0
0
0
0
0
0
0
0
1.0498e-13
0
0
0
0
1.28665e-16
0
0
-1.14834e-14
0
3.06546e-14
0
0
0
0
0
-2.68094e-16
0
0
0
0
0
0
0
0
0
0
0
0
0
0
0
0
0
0
0
0
0
0
0
0
0
0
0
0
0
0
0
0
0
0
0
0
2.18931e-14
0
0
0
0
0
0
0
0
0
0
0
0
3.13868e-08
4.24716e-08
0
0
0
0
0
0
0
0
0
0
0
0
0
1.65542e-16
0
0
3.06852e-08
0
0
0
0
-1.85167e-16
0
0
0
0
0
0
0
0
0
0
0
0
0
0
0
0
0
0
0
0
0
0
0
5.38568e-08
5.81071e-15
0
-5.75373e-17
4.04364e-17
0
0
0
0
0
0
0
0
0
0
0
0
0
0
0
0
0
0
0
0
0
0
0
0
0
0
0
0
4.2271e-08
0
0
0
0
0
0
0
3.61077e-17
0
0
0
0
0
0
0
0
0
0
0
0
-1.13901e-14
2.04239e-14
0
0
7.36777e-14
0
0
0
0
0
0
0
0
5.00784e-16
0
0
0
0
0
0
0
0
0
0
0
0
0
0
0
0
0
0
0
0
0
-6.67975e-16
4.76752e-16
0
0
0
0
0
0
0
0
0
0
0
0
0
0
0
0
0
0
0
0
-1.73746e-15
0
0
0
0
0
0
0
0
0
0
0
0
0
0
0
0
0
0
0
0
0
0
0
0
0
0
0
0
4.24745e-08
-5.7805e-17
0
0
0
0
0
0
0
0
-3.03519e-16
2.27179e-15
0
0
0
0
0
0
0
0
0
0
0
0
0
0
0
0
0
-8.98371e-17
0
0
0
0
0
0
0
0
0
0
0
0
0
0
0
0
0
0
-4.3327e-15
7.45656e-16
0
0
0
0
0
0
0
0
0
0
0
0
3.82304e-08
-2.38227e-16
0
-3.90189e-08
0
4.2271e-08
5.71038e-17
0
-1.28121e-16
0
0
0
0
0
0
0
0
0
0
0
0
4.63116e-08
0
0
0
0
0
0
0
0
0
1.60401e-14
0
0
0
0
0
0
0
0
4.73689e-08
0
0
0
0
0
0
0
3.49848e-17
0
0
0
0
0
0
0
0
0
0
0
0
0
0
0
0
0
0
0
5.48041e-16
0
0
0
0
0
0
0
0
0
1.25631e-16
0
0
0
0
0
0
0
0
0
0
0
0
0
0
0
0
-1.77129e-15
0
0
0
0
0
0
0
0
0
0
1.22764e-16
0
0
0
1.08808e-16
3.71731e-08
0
0
0
0
0
0
0
0
0
0
0
0
-2.67437e-16
0
0
0
0
4.82469e-08
0
0
0
0
0
0
0
0
-2.37222e-15
0
0
0
0
0
0
0
3.62951e-08
0
0
0
0
0
0
0
0
0
0
0
0
0
0
0
0
0
0
0
0
0
0
0
0
0
0
0
0
0
0
0
0
0
0
0
0
0
0
0
0
0
0
0
0
0
0
0
0
0
0
0
0
3.49609e-17
0
0
0
0
0
0
0
0
0
0
0
0
0
0
0
0
0
0
0
0
0
2.83204e-14
0
0
0
0
0
0
4.00639e-08
0
0
0
0
0
0
0
0
0
0
0
0
0
0
0
0
0
0
0
0
0
0
0
0
0
0
0
0
0
0
0
0
0
0
0
0
0
0
0
0
0
0
0
0
0
0
0
0
0
0
0
0
0
0
0
0
0
0
0
0
-5.87161e-16
-4.70793e-16
0
0
0
0
0
0
0
0
0
0
0
0
0
0
0
0
0
0
0
0
2.99009e-14
0
0
0
-7.49073e-15
-7.24972e-16
0
0
0
0
0
0
0
0
0
1.82651e-14
0
0
0
6.90973e-16
0
0
0
0
0
0
0
0
0
0
0
0
0
1.53654e-29
0
0
-6.94427e-15
0
0
0
0
0
0
0
0
0
0
0
0
2.43734e-16
4.02175e-08
0
0
0
0
0
0
0
0
1.2732e-15
0
0
0
0
0
0
0
0
0
0
0
0
0
0
0
0
0
0
0
0
0
2.4195e-16
0
0
0
0
-9.70186e-16
2.24308e-15
0
0
0
0
0
0
0
0
0
0
0
0
0
0
0
1.76741e-17
0
0
0
0
4.81775e-15
3.79819e-08
0
3.87891e-08
0
0
0
0
0
6.49811e-14
-9.41599e-15
0
0
0
0
1.02336e-30
0
0
0
0
4.43245e-08
0
0
-8.76726e-18
0
-2.03383e-16
0
0
0
0
0
0
-8.05613e-15
0
3.81857e-15
0
0
0
0
0
0
0
0
0
0
0
0
0
0
0
0
4.25527e-08
0
0
0
0
0
9.90826e-18
4.36351e-08
0
0
0
6.89155e-14
-7.84191e-15
5.16338e-08
0
0
0
0
4.18172e-08
0
0
0
0
-2.771e-16
0
4.09069e-08
0
0
0
1.43106e-16
0
0
0
3.21355e-14
0
-7.5825e-16
0
0
-2.75962e-16
4.27248e-08
0
0
0
0
0
0
0
0
0
0
0
0
0
0
0
0
0
0
0
0
0
-1.95406e-16
0
4.65601e-08
0
0
0
0
-4.20704e-08
0
0
0
0
0
0
0
0
0
0
0
0
4.2271e-08
6.27632e-14
0
0
0
0
0
0
0
0
0
0
0
0
0
0
0
0
0
0
0
0
0
0
0
0
0
0
0
0
0
0
0
0
0
0
0
0
0
0
0
0
0
0
0
0
0
0
0
0
0
0
0
0
0
0
0
0
0
0
0
0
0
4.60373e-14
0
0
0
1.64273e-17
0
0
0
0
0
0
0
0
0
0
0
0
0
-4.52069e-15
0
0
0
0
0
-1.52717e-16
0
-1.24184e-14
0
0
0
0
0
0
0
0
2.44552e-16
0
0
0
-6.8565e-17
0
-2.72547e-16
0
0
0
0
0
0
0
0
0
0
0
0
0
0
0
-1.24846e-16
0
0
0
0
0
0
0
0
0
0
0
0
0
0
0
0
0
0
0
0
0
8.33064e-17
-7.29183e-16
0
0
0
0
0
0
-3.77325e-14
0
0
0
0
0
0
0
0
0
0
0
0
0
0
0
0
0
0
5.93829e-15
0
0
0
0
0
0
0
0
0
4.2271e-08
0
0
0
0
3.88086e-16
-1.01797e-15
0
0
0
0
0
0
0
0
0
0
0
0
0
1.40991e-17
0
0
0
0
0
-4.69243e-08
0
0
0
0
0
-7.21176e-14
7.68269e-30
0
-2.63398e-16
0
0
0
0
0
0
0
6.75336e-14
0
0
0
0
0
0
0
0
0
0
0
0
0
0
0
0
0
0
0
0
-2.76322e-17
0
0
0
0
0
0
0
0
0
0
0
0
0
0
0
0
0
0
0
0
0
0
-4.20675e-08
0
0
0
0
0
0
0
0
0
0
0
0
0
0
0
0
0
0
0
0
0
0
0
0
0
0
0
0
0
0
-4.0062e-16
0
6.03036e-16
0
0
0
0
0
0
-3.05536e-16
4.07039e-14
0
0
0
0
0
0
0
0
0
0
0
0
0
0
0
0
0
0
0
0
0
0
0
0
0
0
0
0
0
0
0
0
0
0
0
0
0
0
0
0
0
0
0
1.33707e-15
0
0
0
0
0
0
0
0
0
0
0
0
0
0
0
0
0
0
0
0
0
0
0
0
0
0
0
0
0
0
1.13907e-16
4.44781e-08
0
0
0
0
0
1.12638e-14
0
-6.46846e-16
0
0
0
0
0
0
0
-3.76635e-15
5.24824e-15
0
0
0
0
2.05585e-16
4.19941e-17
0
0
0
0
0
0
0
-8.04967e-15
0
0
0
0
0
0
0
0
0
0
0
0
0
0
0
0
0
0
0
0
0
0
0
0
-2.24084e-16
0
0
0
0
5.37131e-16
-8.60333e-16
0
0
0
0
0
0
0
0
-7.63541e-16
0
0
0
0
0
0
0
0
0
0
0
0
0
0
0
0
0
0
0
0
0
0
0
0
0
0
0
0
0
-3.48108e-15
0
0
0
0
0
0
0
0
0
-5.11679e-31
0
0
0
0
0
0
0
0
0
0
0
0
0
0
0
0
0
0
0
0
0
0
0
0
0
0
0
0
0
0
0
0
0
1.74429e-16
0
0
0
0
0
0
0
0
0
0
0
0
0
0
0
-9.90179e-17
0
0
0
0
0
1.6944e-16
0
0
0
0
3.71166e-15
-4.95306e-15
-2.1845e-14
0
0
0
0
0
0
0
0
0
0
0
0
-1.70542e-16
0
0
0
0
0
0
0
0
0
0
0
0
0
0
0
0
-3.0897e-16
0
0
0
0
0
0
0
0
0
0
0
0
0
0
0
0
0
0
0
0
4.69243e-08
0
0
0
0
0
0
0
0
0
4.84966e-17
0
0
0
0
0
0
0
0
0
0
0
0
0
-2.21299e-14
0
0
0
0
0
0
0
0
0
0
0
0
0
0
-5.70152e-16
0
0
0
0
0
0
0
0
0
0
0
0
0
0
0
0
0
0
0
4.45353e-17
0
0
7.38596e-15
4.37975e-17
-3.60462e-17
0
0
0
0
0
0
0
0
0
2.96272e-14
0
0
-3.35412e-16
0
0
0
0
0
0
0
0
0
0
0
0
0
0
0
0
0
0
0
0
0
0
0
0
0
0
0
0
0
0
0
0
0
0
0
0
0
0
0
0
0
0
0
0
0
0
0
0
0
0
0
0
0
0
0
0
0
0
1.249e-16
0
0
0
0
0
0
0
6.86172e-16
0
0
0
0
0
0
0
-5.54285e-14
2.19767e-15
0
0
0
0
0
0
0
0
0
0
0
0
0
0
0
0
0
0
0
0
-9.75815e-17
0
0
0
0
8.16642e-15
0
0
0
0
0
0
0
-1.2797e-14
0
0
0
0
0
-1.28183e-15
0
0
0
0
-7.52386e-16
1.3198e-15
0
0
0
0
0
0
0
0
0
0
0
0
0
0
0
0
0
0
0
0
0
0
0
-1.08079e-14
0
-4.32308e-17
-6.42998e-16
0
0
0
0
0
0
0
0
0
0
0
0
0
0
0
0
0
0
0
0
0
0
0
0
0
0
0
0
0
0
0
0
0
0
0
0
0
0
0
0
0
0
0
0
0
0
0
0
0
-7.12225e-15
0
0
0
0
0
0
0
0
0
-6.63349e-14
4.49519e-17
0
0
0
0
0
0
-7.66734e-18
0
-2.66198e-17
0
0
0
0
0
0
0
-6.17886e-17
0
0
0
0
0
1.52306e-17
0
0
0
0
0
0
0
0
0
0
0
0
0
0
0
5.42502e-17
0
0
0
0
0
0
1.79188e-17
0
0
0
0
0
0
0
0
0
0
0
0
0
0
0
0
0
0
0
0
0
0
0
0
0
0
-4.58353e-16
0
0
0
0
0
0
0
0
0
0
0
0
0
0
1.83761e-16
0
0
0
0
0
0
0
0
0
0
0
0
0
0
0
0
0
0
0
0
0
0
0
0
0
0
0
0
0
0
0
0
0
0
0
0
0
0
0
0
0
0
0
0
0
0
0
0
0
0
0
0
0
0
0
0
0
0
0
0
0
0
0
0
0
0
0
0
0
0
0
0
0
-9.54532e-16
0
1.82659e-15
0
0
0
0
0
0
0
0
0
0
0
0
0
0
0
0
0
-3.29082e-08
0
0
0
0
0
0
0
0
0
0
0
0
0
0
6.39208e-15
-1.71217e-14
0
0
0
0
0
0
0
0
0
0
0
0
0
0
0
0
0
0
0
0
0
0
0
0
0
0
0
0
0
0
0
0
0
0
0
0
0
0
0
0
0
0
0
0
0
0
0
0
0
4.20826e-16
0
0
0
0
0
0
0
0
0
0
0
9.19888e-17
-3.12459e-15
-3.88369e-14
0
0
0
0
0
0
0
0
0
0
0
0
0
0
0
1.09212e-16
0
0
0
0
0
0
0
0
4.19893e-08
0
-2.08298e-16
0
0
0
0
-3.9637e-16
4.76952e-16
0
0
0
0
0
0
0
0
0
2.5584e-31
0
0
0
0
0
0
0
0
0
0
0
0
0
3.98258e-16
0
0
0
0
0
0
0
0
0
0
0
0
0
0
0
0
0
0
0
0
0
0
0
0
0
0
0
0
0
0
0
0
0
0
0
0
0
0
-1.40907e-16
0
5.20009e-17
0
0
0
0
0
0
0
2.01379e-16
0
0
4.50158e-33
0
0
0
0
0
0
0
0
0
0
0
0
0
0
0
0
0
0
0
0
0
1.03677e-16
0
0
0
0
0
0
0
0
0
0
0
0
0
0
0
0
0
0
0
0
0
0
0
0
0
0
0
0
0
0
0
0
0
0
0
0
0
0
5.57411e-16
0
)
;

boundaryField
{
    frontback
    {
        type            empty;
        value           nonuniform List<scalar> 0();
    }
    topbottom
    {
        type            calculated;
        value           uniform 0;
    }
    outlet
    {
        type            calculated;
        value           nonuniform List<scalar> 0();
    }
    inlet
    {
        type            calculated;
        value           uniform 0;
    }
    walls
    {
        type            calculated;
        value           nonuniform List<scalar> 
135
(
1.69084e-07
1.69084e-07
1.69084e-07
1.69084e-07
1.69084e-07
1.69084e-07
1.69084e-07
1.69084e-07
1.69084e-07
1.69084e-07
1.69084e-07
1.69084e-07
1.69084e-07
1.69084e-07
1.69084e-07
1.69084e-07
1.69084e-07
1.69084e-07
1.69084e-07
1.69084e-07
1.69084e-07
1.69084e-07
1.69084e-07
1.69084e-07
1.69084e-07
1.69084e-07
1.69084e-07
1.69084e-07
1.69084e-07
1.69084e-07
1.69084e-07
1.69084e-07
1.69084e-07
1.69084e-07
1.69084e-07
1.69084e-07
1.69084e-07
1.69084e-07
1.69084e-07
1.69084e-07
1.69084e-07
1.69084e-07
1.69084e-07
1.69084e-07
1.69084e-07
1.69084e-07
1.69084e-07
1.69084e-07
1.69084e-07
1.69084e-07
1.69084e-07
1.69084e-07
1.69084e-07
1.69084e-07
1.69084e-07
1.69084e-07
1.69084e-07
1.69084e-07
1.69084e-07
1.69084e-07
1.69084e-07
1.69084e-07
1.69084e-07
1.69084e-07
1.69084e-07
1.69084e-07
1.69084e-07
1.69084e-07
1.69084e-07
1.69084e-07
1.69084e-07
1.69084e-07
1.69084e-07
1.69084e-07
1.69084e-07
1.69084e-07
1.69084e-07
1.69084e-07
1.69084e-07
1.69084e-07
1.69084e-07
1.69084e-07
1.69084e-07
1.69084e-07
1.69084e-07
1.69084e-07
1.69084e-07
1.69084e-07
1.69084e-07
1.69084e-07
1.69084e-07
1.69084e-07
1.69084e-07
1.69084e-07
1.69084e-07
1.69084e-07
1.69084e-07
1.69084e-07
1.69084e-07
1.69084e-07
1.69084e-07
1.69084e-07
1.69084e-07
1.69084e-07
1.69084e-07
1.69084e-07
1.69084e-07
1.69084e-07
1.69084e-07
1.69084e-07
1.69084e-07
1.69084e-07
0
1.69084e-07
1.69084e-07
1.69084e-07
1.69084e-07
1.69084e-07
1.69084e-07
1.69084e-07
1.69084e-07
1.69084e-07
1.69084e-07
1.69084e-07
1.69084e-07
1.69084e-07
1.69084e-07
1.69084e-07
1.69084e-07
1.69084e-07
1.69084e-07
1.69084e-07
1.69084e-07
1.69084e-07
0
)
;
    }
    procBoundary0to1
    {
        type            processor;
        value           nonuniform List<scalar> 
104
(
0
-5.09995e-14
0
0
0
0
0
0
0
0
0
0
0
0
0
0
0
0
0
0
0
0
0
0
0
0
0
0
0
0
0
0
0
0
0
0
0
0
0
0
0
0
0
0
0
0
0
0
0
3.8348e-14
0
0
0
0
0
0
0
0
0
0
0
0
0
0
0
0
-4.30449e-15
-1.28039e-16
0
-1.76504e-14
0
0
0
0
0
0
0
0
0
0
0
0
0
0
3.07701e-14
0
2.53138e-14
0
0
0
-6.79598e-15
0
0
0
0
0
0
0
0
-5.31552e-08
0
0
0
0
)
;
    }
    procBoundary0to2
    {
        type            processor;
        value           nonuniform List<scalar> 
83
(
0
0
0
0
0
0
0
0
1.9828e-16
0
5.88966e-17
0
0
0
-1.04269e-15
-1.33487e-16
0
0
0
0
-8.66237e-15
0
0
0
0
1.15565e-16
0
0
0
0
1.72919e-15
0
0
0
0
0
0
0
0
0
0
-9.08948e-15
0
0
0
0
-1.89011e-14
0
3.60892e-15
0
0
7.07314e-17
0
0
3.53433e-16
0
0
0
0
-1.56628e-16
0
0
6.33397e-08
0
0
-2.95104e-15
0
-1.49555e-14
-1.07324e-16
0
1.13337e-16
0
0
0
0
-1.79211e-14
0
0
0
4.1633e-15
0
0
0
)
;
    }
}


// ************************************************************************* //
