/*--------------------------------*- C++ -*----------------------------------*\
| =========                 |                                                 |
| \\      /  F ield         | OpenFOAM: The Open Source CFD Toolbox           |
|  \\    /   O peration     | Version:  v2012                                 |
|   \\  /    A nd           | Website:  www.openfoam.com                      |
|    \\/     M anipulation  |                                                 |
\*---------------------------------------------------------------------------*/
FoamFile
{
    version     2.0;
    format      ascii;
    class       surfaceScalarField;
    location    "300";
    object      meshPhi;
}
// * * * * * * * * * * * * * * * * * * * * * * * * * * * * * * * * * * * * * //

dimensions      [0 3 -1 0 0 0 0];
oriented        oriented;


internalField   nonuniform List<scalar> 
20537
(
0
0
0
-5.44211e-17
0
1.42783e-17
0
0
0
0
0
0
0
0
0
0
0
0
1.78565e-15
1.11859e-14
0
0
0
0
0
0
0
0
0
0
0
0
0
0
0
0
0
0
0
0
0
0
1.96324e-15
1.92029e-14
1.60416e-13
0
0
0
0
0
0
0
0
0
0
0
0
0
0
0
0
0
0
0
0
0
0
0
0
0
0
0
0
0
0
0
-7.47994e-08
5.11902e-31
0
0
0
0
0
0
0
0
0
0
0
0
0
0
0
0
0
0
0
0
0
0
0
0
0
0
0
0
0
0
0
0
0
0
0
0
0
0
0
0
0
0
0
0
0
0
0
0
0
0
0
0
0
0
0
0
0
0
0
0
0
0
0
0
0
0
2.69437e-14
-6.84278e-29
-1.31329e-14
-3.44001e-14
0
3.66104e-14
0
0
0
0
0
0
0
0
0
0
0
0
0
0
0
0
0
0
0
0
0
0
0
0
0
0
0
0
0
0
0
0
0
0
0
0
0
0
0
0
4.92432e-16
-1.49763e-16
0
0
0
2.34662e-16
-1.07279e-14
4.28314e-14
8.08391e-15
0
0
0
-2.59078e-14
0
-4.28147e-14
0
0
0
0
0
0
0
0
3.54969e-17
-1.20302e-16
6.51629e-14
-8.90742e-15
0
0
0
0
0
0
0
-1.21245e-15
-9.59468e-17
0
0
0
6.92725e-15
-1.45227e-15
0
0
0
0
0
0
0
0
0
0
0
0
0
0
0
0
0
0
0
0
0
0
0
0
0
0
0
0
0
0
0
0
0
0
0
9.29983e-17
2.98609e-16
-3.27741e-15
0
0
0
0
0
0
0
0
0
0
0
0
0
0
0
0
0
0
0
0
0
0
-7.60461e-15
5.55445e-15
0
0
0
0
0
0
0
0
0
0
0
3.19323e-14
2.04493e-16
0
0
0
0
0
0
0
0
0
0
0
0
0
0
0
0
0
0
0
0
0
0
0
-2.16497e-15
3.04169e-15
0
0
0
0
0
0
0
0
0
0
0
0
0
0
0
0
0
2.44551e-14
0
0
0
0
0
0
0
0
0
-1.64457e-15
-3.8417e-15
0
0
0
3.46079e-15
-3.04801e-16
3.65604e-14
0
0
0
0
0
0
0
0
0
0
0
0
0
0
0
0
0
0
-1.47471e-14
0
0
0
0
-1.18385e-13
-6.11131e-14
0
0
0
0
0
0
0
0
0
0
0
0
0
0
0
0
4.89539e-16
2.31998e-15
0
0
0
0
0
0
0
0
0
0
0
0
0
0
0
0
0
0
0
0
0
0
0
0
0
0
0
-5.74947e-17
5.83344e-18
0
0
0
0
0
0
0
0
0
0
0
0
0
0
0
0
0
0
0
0
0
0
0
0
0
0
0
0
0
0
0
0
0
0
0
0
0
0
0
0
0
0
0
0
0
0
0
3.03434e-17
9.08433e-16
0
0
0
0
0
0
0
0
0
0
0
0
0
0
0
0
0
0
5.08198e-14
0
0
0
0
0
0
0
0
0
0
0
0
0
0
0
0
0
0
0
0
0
0
0
0
0
0
0
0
0
0
0
0
0
0
0
0
0
0
0
0
0
0
0
0
0
0
0
0
0
0
0
0
0
0
0
0
0
0
2.80044e-14
0
0
0
0
0
0
0
0
0
0
0
0
0
0
0
0
0
0
-9.08054e-16
7.58215e-18
0
0
0
0
0
0
0
0
0
0
0
0
0
0
0
0
0
0
0
0
0
0
0
0
0
0
0
0
0
0
0
0
0
0
0
0
0
0
0
0
0
0
0
0
0
0
0
0
0
0
0
0
0
0
0
0
0
0
0
0
0
0
0
0
0
0
0
0
0
0
-7.72083e-18
4.53036e-08
7.64863e-08
0
0
0
0
0
0
0
0
0
0
0
0
0
0
0
0
0
0
0
0
0
0
0
0
0
0
0
0
0
0
0
0
0
0
0
0
0
0
0
0
0
0
0
0
0
0
0
0
0
0
0
0
0
0
0
0
0
0
0
0
0
0
0
0
0
0
0
0
0
0
0
0
0
0
0
0
0
0
0
0
0
0
0
0
0
0
0
0
0
0
0
0
-1.07103e-15
0
0
0
0
0
0
0
0
0
0
0
0
0
0
0
0
0
0
0
0
0
0
0
0
0
0
0
0
0
0
0
0
0
0
0
0
0
0
0
0
0
0
0
0
0
0
0
0
0
0
0
0
0
0
0
0
0
0
0
0
3.4711e-17
1.79778e-16
0
0
0
0
0
0
6.32739e-16
0
-6.54915e-29
0
0
0
0
0
0
0
0
0
0
0
0
0
0
0
0
0
0
0
0
0
0
0
0
0
0
0
1.08581e-13
0
0
0
0
0
0
0
0
0
0
0
0
0
0
0
0
0
3.99264e-17
0
1.67959e-17
0
0
0
4.24222e-14
2.65613e-14
0
0
0
0
0
0
0
0
0
0
0
0
0
1.98172e-18
0
0
-1.54614e-16
4.88902e-17
-5.23218e-14
0
0
0
0
0
0
0
0
0
0
0
0
0
0
0
0
1.06662e-14
4.65322e-14
0
0
0
0
0
0
0
0
0
0
-6.92546e-16
5.38374e-17
0
0
0
0
0
0
0
0
0
-2.02047e-16
0
0
0
0
0
0
0
0
0
2.34623e-17
-4.99205e-16
-1.01023e-16
0
0
0
0
0
0
0
0
0
0
0
0
0
0
-3.06022e-14
-8.59921e-15
0
0
0
9.35047e-14
0
-8.36008e-14
0
0
0
0
0
0
0
0
0
0
0
-1.01043e-16
0
-2.33124e-16
0
0
-7.1902e-15
-6.57618e-15
0
0
0
0
0
0
0
0
0
0
0
0
0
0
0
0
0
0
0
0
0
0
0
0
0
0
0
0
0
0
0
0
0
0
0
0
0
0
0
0
0
0
0
0
0
0
0
0
0
0
0
0
0
0
0
0
0
0
0
0
0
0
0
0
0
0
0
-1.85296e-14
0
1.01784e-16
0
0
0
0
0
-1.09112e-16
0
0
0
-3.86856e-14
0
0
0
0
0
0
0
0
0
0
0
0
0
0
0
0
0
0
0
0
0
0
0
0
0
0
0
0
7.99973e-17
2.67343e-17
0
0
0
0
0
0
0
0
0
0
0
0
0
0
0
0
0
0
0
0
1.12213e-14
1.53284e-16
-1.05488e-16
0
0
0
0
0
-9.64682e-16
-3.50858e-17
0
0
0
0
0
0
0
0
0
0
0
0
-4.45843e-15
0
-9.92927e-16
0
0
0
0
0
0
0
0
0
0
0
0
0
0
0
0
0
0
0
0
0
0
0
0
0
0
0
-7.66756e-14
5.74737e-15
0
0
0
0
0
0
0
0
0
0
0
0
0
0
0
0
0
0
0
0
0
0
0
0
0
0
-1.34913e-15
0
0
0
0
0
0
0
0
0
0
0
0
0
-7.77659e-18
0
-8.08949e-18
0
0
0
-1.42482e-17
-2.34045e-19
0
0
0
0
0
0
0
0
0
0
0
0
0
-7.6329e-14
3.1412e-16
0
0
-2.86302e-14
2.35079e-17
0
-4.28877e-15
-4.73998e-14
0
0
0
0
0
0
0
0
0
0
0
0
0
0
0
0
0
0
0
0
0
0
0
-2.73095e-15
1.22772e-15
0
-5.02066e-17
0
0
0
0
0
0
0
0
0
0
0
-9.43845e-15
-1.68929e-13
0
0
-1.25652e-17
-1.85838e-16
0
0
0
0
0
0
0
0
0
0
0
0
0
0
0
0
0
0
0
0
0
0
0
0
0
0
0
0
0
0
0
0
4.53075e-14
-5.14839e-14
0
0
0
0
0
0
0
0
0
0
0
0
0
0
1.05642e-16
0
0
0
0
0
0
0
0
0
0
0
0
1.15682e-16
0
0
0
0
0
0
0
0
2.16491e-15
0
0
0
0
0
0
0
0
0
0
0
0
0
0
0
0
0
0
0
0
0
0
0
0
0
0
0
0
0
0
2.13711e-16
-7.22604e-15
0
-1.44841e-16
0
0
0
0
0
0
0
0
0
0
0
0
0
0
0
0
0
0
0
0
0
0
0
0
0
0
0
0
0
0
0
0
0
0
0
0
0
0
0
0
1.01395e-14
-9.95029e-16
7.1374e-16
0
0
0
0
0
0
2.05434e-16
0
0
0
0
0
0
0
0
0
0
0
0
0
0
0
0
0
0
0
0
0
0
0
0
0
0
0
0
0
0
0
0
0
0
0
0
0
0
0
-6.23268e-16
2.68826e-15
0
0
0
0
0
0
0
0
0
0
0
0
0
0
0
0
0
0
0
0
0
0
0
0
0
0
0
0
0
0
0
0
0
0
0
0
0
0
0
0
0
0
0
0
0
0
0
0
0
0
0
0
0
0
0
0
0
0
0
0
0
0
0
0
0
0
0
0
0
0
0
0
0
0
0
-5.76917e-15
0
0
0
0
-7.17624e-16
2.4309e-15
0
0
0
-2.64639e-14
0
1.36172e-14
0
0
0
0
0
0
0
0
0
0
0
0
0
0
0
0
0
0
0
0
0
0
0
0
0
0
0
0
-2.51005e-17
0
6.90727e-17
0
0
0
0
0
0
0
0
0
0
0
-2.83297e-17
0
-3.39493e-17
0
0
0
0
0
2.04292e-16
0
0
0
0
0
0
0
0
0
2.48341e-14
0
0
0
0
0
0
0
0
0
0
0
0
0
0
0
0
0
0
0
0
0
0
0
0
0
0
0
0
0
0
0
0
0
0
0
0
3.53091e-14
0
-1.53133e-17
1.62143e-15
0
0
0
0
0
0
0
0
0
0
0
0
0
0
0
0
0
0
0
0
0
0
0
0
0
0
0
0
0
0
0
0
0
0
0
0
0
0
0
0
0
0
0
-1.31515e-15
-9.13152e-17
0
0
0
0
0
0
0
0
0
0
0
0
0
0
0
0
0
0
0
0
0
0
0
0
0
0
0
0
0
0
0
0
0
0
0
0
0
0
0
0
0
0
0
0
0
0
0
0
0
0
0
0
-1.68988e-14
0
0
0
0
0
0
1.98391e-13
-4.74503e-15
0
0
0
0
0
0
0
0
0
0
0
0
0
0
0
0
0
0
0
0
0
0
0
0
0
0
0
0
0
0
0
0
0
0
0
0
0
0
0
0
0
0
0
0
0
0
0
0
0
0
0
0
0
0
0
0
0
0
0
0
0
0
0
0
0
-9.29883e-17
-7.98222e-14
0
0
0
0
0
0
0
0
0
0
0
0
0
0
0
0
0
0
0
0
0
0
0
0
-9.05987e-15
-6.75364e-16
1.78649e-16
0
6.34503e-17
0
0
0
0
0
0
0
0
0
0
0
0
0
0
0
0
0
0
0
0
0
0
0
0
0
0
0
0
0
0
0
0
0
0
0
0
0
-8.99916e-16
-1.23911e-16
0
0
0
0
0
9.95482e-16
3.41734e-16
0
-8.80386e-16
0
0
0
0
0
0
0
0
0
0
0
0
0
0
0
0
0
0
0
0
0
0
0
0
0
0
0
0
4.66598e-15
6.26367e-18
0
0
0
-2.92821e-17
3.35665e-16
0
0
0
0
0
0
0
0
0
0
0
0
0
0
0
0
0
0
0
0
1.10247e-14
0
1.38333e-16
1.97458e-14
3.63704e-14
0
0
0
0
0
0
0
0
0
0
0
0
0
0
0
0
0
-7.84293e-15
2.05126e-15
0
0
0
0
1.17961e-14
0
0
0
0
0
0
0
0
-1.64237e-16
0
0
0
0
0
0
0
0
0
0
0
0
0
0
0
0
0
-1.45553e-15
0
-1.6412e-14
0
0
8.61275e-14
-2.3318e-14
4.50449e-16
2.14658e-18
0
0
0
0
0
0
0
0
0
0
0
0
0
0
0
0
0
0
0
0
0
0
0
0
0
0
0
0
0
0
0
0
0
0
0
0
0
0
0
0
0
0
0
0
0
0
0
0
0
0
0
0
0
0
0
0
0
0
0
0
0
0
0
0
0
0
0
0
0
0
0
0
0
0
0
0
0
0
0
0
0
0
-1.46796e-14
4.88419e-14
0
0
0
0
0
0
0
0
0
0
0
1.6503e-16
1.07666e-15
-1.67179e-16
0
0
2.76377e-16
0
0
0
0
0
0
0
0
0
0
0
-2.55826e-31
0
0
0
0
2.23177e-16
0
0
0
-8.45129e-16
-1.23957e-17
-3.99287e-17
0
0
0
0
0
0
0
-2.42012e-15
0
0
0
0
0
0
0
4.01339e-14
0
0
0
0
0
0
0
0
0
0
0
0
0
-8.9417e-15
3.80938e-14
0
0
0
0
0
0
0
0
0
0
0
0
0
0
0
0
0
0
0
0
0
0
0
0
0
0
0
0
0
0
0
0
0
0
0
0
0
0
0
0
2.85013e-15
0
0
-2.40802e-15
-1.98984e-16
0
0
0
0
0
0
0
0
0
0
0
-7.72337e-17
0
5.55999e-17
0
0
0
0
0
0
0
0
0
0
0
0
0
0
0
0
0
0
0
0
0
0
0
0
0
0
0
0
0
0
0
0
0
0
0
0
0
0
0
0
0
-6.14507e-16
0
0
0
0
0
0
0
0
0
0
0
3.20659e-17
8.49171e-18
0
0
0
0
0
0
1.44479e-14
0
9.37283e-15
0
0
0
0
0
0
0
0
0
0
0
0
-2.07309e-16
-2.79857e-15
0
0
0
0
0
0
0
0
1.02622e-16
-9.81284e-18
0
0
0
0
0
0
0
0
0
0
0
0
0
0
0
0
0
0
0
0
0
0
0
0
0
0
0
0
0
0
-8.7603e-15
0
0
0
0
0
0
0
0
0
0
0
-1.1344e-15
4.53918e-17
0
0
0
0
0
0
0
0
0
0
0
0
0
0
0
0
0
-6.042e-15
0
0
0
0
0
-4.63396e-16
4.10997e-16
0
0
0
0
0
0
0
0
0
0
0
0
0
0
0
0
0
0
0
0
0
0
0
0
0
0
0
0
0
0
0
0
0
0
0
0
2.78619e-15
1.75173e-15
1.02031e-30
0
0
0
0
0
0
0
0
0
0
0
0
0
0
0
1.13967e-16
-2.19142e-16
1.04611e-16
0
0
0
0
0
0
0
0
0
0
0
0
0
0
0
0
0
0
0
0
0
0
0
0
0
0
0
0
0
0
0
0
0
0
0
0
0
0
0
-5.51883e-16
0
4.40206e-17
3.93102e-17
-1.85503e-16
0
0
0
0
0
0
0
0
0
0
2.65599e-16
0
0
0
0
0
-5.51021e-18
2.19092e-17
0
0
3.05259e-15
-1.0253e-30
0
0
0
0
0
0
0
0
0
0
0
0
0
0
0
0
0
0
0
0
0
0
0
0
0
0
0
0
0
0
0
0
0
0
1.07841e-17
4.31006e-18
1.58095e-17
0
0
0
0
0
0
0
0
0
0
0
0
0
0
0
0
0
0
0
0
0
0
0
0
0
0
0
0
0
0
0
8.3855e-14
-1.91968e-14
0
0
0
0
0
0
0
-5.80512e-17
0
-9.06587e-16
0
0
0
0
0
0
0
0
0
0
0
0
0
0
0
0
0
0
0
0
0
0
6.09934e-17
0
0
0
0
0
0
0
0
0
0
0
0
0
0
5.41201e-15
0
0
0
-3.53758e-18
0
0
0
0
1.33295e-13
0
-4.08988e-14
0
0
0
0
0
0
0
0
0
0
0
0
0
0
-3.3698e-17
2.06453e-17
0
0
0
0
0
0
0
0
0
0
-1.62749e-15
2.69281e-15
0
0
5.52588e-17
0
0
0
0
0
0
0
0
0
0
0
0
0
0
0
0
0
3.81624e-14
0
0
0
-5.41639e-16
0
0
0
0
0
0
0
0
0
0
0
0
0
0
0
-1.67269e-15
-7.72692e-17
0
0
0
0
0
0
0
0
0
0
0
0
0
0
0
0
0
0
0
0
0
0
0
0
0
0
0
0
0
0
0
0
0
0
0
0
0
0
0
0
-9.40218e-14
1.12108e-14
0
0
0
0
0
0
0
0
0
0
0
0
0
0
0
0
0
0
0
0
0
0
0
0
0
0
0
0
0
0
0
0
0
0
0
0
0
0
0
0
0
0
2.63074e-16
0
-4.33951e-16
0
0
0
-2.85928e-14
-1.22854e-13
0
0
0
0
0
0
0
0
0
0
0
0
0
0
0
0
0
0
0
0
0
0
0
0
0
0
0
0
0
0
0
0
0
0
0
0
0
0
0
0
0
0
0
0
8.40617e-15
0
0
0
0
5.17922e-14
7.79933e-14
0
0
0
0
0
0
0
0
0
0
0
0
0
2.63498e-28
-5.42892e-14
0
0
0
0
0
0
0
0
0
0
0
0
0
0
0
0
0
0
0
0
0
0
0
0
0
0
0
0
0
0
0
0
0
0
0
0
0
0
0
0
0
0
0
0
0
0
0
0
0
0
0
0
0
0
0
0
0
0
0
0
0
0
1.24673e-15
0
0
0
0
0
0
0
0
0
0
0
0
0
0
0
0
0
0
0
0
0
0
0
0
0
0
0
0
0
0
0
0
0
0
0
0
0
0
0
0
0
0
0
0
0
0
0
0
0
0
0
0
0
0
0
0
0
0
0
0
0
6.89871e-16
0
0
0
0
0
0
0
0
0
0
0
0
0
0
0
0
0
1.19685e-32
9.2751e-16
0
0
0
0
0
0
0
0
0
0
0
0
0
0
0
0
0
0
0
0
0
0
0
0
0
1.01082e-15
-3.34257e-17
2.87373e-17
0
0
0
0
0
0
0
0
0
0
0
0
9.12468e-15
0
0
0
0
0
0
0
0
0
0
0
0
0
0
0
0
0
0
0
0
0
0
0
0
0
0
0
0
0
0
0
0
0
0
0
0
0
0
0
0
0
0
0
0
0
0
0
0
0
0
2.76208e-17
0
0
0
-8.57493e-15
1.30217e-28
0
0
0
0
0
0
0
0
0
0
0
0
0
0
0
0
0
0
0
0
0
0
0
3.00215e-17
-1.78778e-16
0
0
0
0
0
-2.04774e-15
2.55826e-31
0
9.62093e-16
-6.30245e-18
0
0
0
0
0
0
-1.30217e-28
3.17915e-15
0
0
0
0
0
0
0
0
0
0
-5.46389e-17
-5.06458e-17
0
0
7.64701e-16
-7.60612e-15
0
0
0
0
0
0
0
0
0
0
0
0
0
0
0
0
0
0
0
0
0
0
0
0
0
0
0
0
0
0
0
0
0
0
0
0
0
0
0
0
0
0
0
0
0
0
0
0
0
0
6.4173e-15
0
-6.59672e-15
0
0
0
0
0
0
0
0
0
0
0
1.20729e-14
0
0
0
0
0
0
0
0
0
0
0
0
0
0
0
4.5344e-15
0
0
0
0
0
0
0
0
0
0
0
0
0
0
0
0
0
0
0
0
0
0
0
0
0
0
0
0
0
0
0
0
0
0
0
0
0
0
0
0
0
0
0
0
0
0
0
0
0
0
0
0
0
0
0
0
0
0
0
0
0
0
0
0
0
0
0
0
0
0
0
0
0
0
0
0
0
0
0
0
0
0
0
0
0
0
0
0
0
0
0
0
0
0
0
0
-1.05094e-16
0
0
0
0
0
0
1.85492e-16
2.85827e-16
-3.0032e-14
0
0
0
0
0
0
0
0
0
0
0
0
0
0
0
0
0
0
0
0
0
0
0
0
-2.41217e-15
0
0
0
0
0
0
0
0
0
0
0
0
0
0
0
0
3.95102e-14
-2.0928e-15
0
0
0
0
0
0
0
-1.69877e-17
0
0
0
0
0
0
0
0
0
0
0
0
0
0
0
0
0
0
0
0
0
2.99047e-17
3.45705e-17
0
0
0
0
0
0
0
0
0
0
0
0
4.61022e-17
0
0
0
0
0
0
0
3.11087e-14
0
0
0
0
0
0
0
0
0
0
0
0
0
0
0
0
0
0
0
0
0
0
-3.88401e-18
0
0
0
0
0
0
0
0
0
0
0
0
0
0
0
2.51667e-16
0
-2.50558e-15
0
0
0
0
0
0
0
0
0
1.44899e-13
-2.83085e-14
-1.44288e-15
0
-1.01846e-16
0
0
0
0
0
0
0
0
0
0
-8.72166e-15
0
0
0
0
0
0
0
0
0
0
0
0
0
0
0
-1.86787e-15
0
-1.30143e-16
0
0
0
0
0
0
0
0
0
0
0
0
0
0
0
0
0
0
-2.20884e-16
0
0
0
0
0
3.16106e-16
0
0
0
0
0
0
0
0
0
-1.54263e-16
0
0
0
0
0
0
0
0
0
0
0
0
0
0
0
0
-1.74483e-16
0
0
0
0
0
0
0
0
0
0
0
0
0
0
0
0
0
0
0
0
0
0
0
0
0
0
0
0
0
0
-2.05387e-17
-5.05327e-17
0
0
8.50666e-18
-1.04236e-16
0
0
0
0
0
0
0
0
0
0
0
0
0
0
0
0
0
0
0
0
0
0
0
0
0
0
0
0
0
0
0
0
0
0
0
0
0
0
0
0
0
0
0
0
0
0
0
0
0
0
0
0
0
0
0
0
0
0
0
-4.7015e-14
0
0
0
0
0
0
0
0
0
0
0
0
0
0
0
0
1.15701e-17
0
0
0
0
0
0
0
0
0
0
0
0
0
0
0
0
0
0
0
0
0
0
0
0
0
0
0
0
0
0
0
0
0
0
0
0
0
0
0
0
0
0
0
0
0
0
0
0
0
0
0
0
0
0
0
0
0
0
0
0
0
0
0
0
0
0
0
0
0
0
-3.73509e-17
0
0
0
0
0
0
0
0
0
0
0
0
1.13627e-13
0
-2.73213e-14
0
0
0
0
0
0
0
0
0
0
0
0
0
0
0
0
0
0
0
0
0
0
0
0
0
0
0
0
0
0
0
0
-3.7004e-17
0
0
0
0
0
0
0
0
0
0
0
0
-1.5599e-15
3.26285e-16
4.07402e-16
0
0
0
0
0
0
0
0
0
0
0
0
0
0
0
0
0
0
0
0
0
0
0
0
0
0
0
0
0
0
0
0
0
0
0
0
0
0
0
0
0
0
0
0
-6.82327e-17
4.34678e-17
0
0
0
0
0
0
0
0
0
0
0
0
0
0
0
0
0
0
0
0
0
0
0
0
0
0
0
0
0
0
0
0
0
0
0
0
0
0
0
0
0
0
0
0
0
0
0
0
0
0
0
0
0
0
0
0
-9.25284e-16
2.43898e-16
0
0
-2.75836e-15
1.88901e-15
0
0
0
0
0
0
0
-1.449e-16
0
0
0
0
0
0
0
0
0
0
-1.1766e-15
0
0
0
0
0
0
0
0
0
0
0
0
0
0
0
0
0
0
0
0
0
0
0
0
0
0
0
0
0
0
0
0
0
0
0
0
0
0
0
0
0
0
0
1.23939e-17
0
0
0
0
0
0
0
0
0
0
0
0
0
0
0
0
0
0
0
0
0
0
0
0
0
0
0
0
0
0
0
0
0
0
0
0
0
0
0
0
0
0
0
0
0
0
0
1.53906e-17
0
0
0
0
0
0
0
0
0
0
0
0
0
0
0
0
0
0
0
0
0
0
-3.34061e-14
3.85425e-15
0
0
0
0
0
0
0
0
0
0
1.84857e-16
9.09816e-16
0
0
0
0
-5.65043e-16
-6.63851e-16
0
0
0
-3.65652e-17
0
0
0
0
0
0
0
0
0
0
0
-1.26746e-15
0
0
0
0
0
0
0
0
0
0
0
0
0
0
0
0
0
0
0
0
0
0
0
0
0
0
0
-1.2424e-16
0
0
0
0
0
0
0
0
0
0
0
0
0
0
0
0
0
0
0
0
0
0
0
0
0
0
0
0
-1.53055e-15
2.06274e-15
0
0
0
0
0
0
0
0
0
0
0
-7.2821e-16
0
0
3.53446e-14
-2.52584e-14
0
0
0
0
0
0
0
0
0
0
0
0
0
0
0
0
0
-1.24011e-14
4.00484e-14
0
0
0
0
0
0
0
0
0
0
0
0
0
0
-1.39849e-16
0
0
0
0
0
0
0
0
0
0
0
0
0
0
0
0
0
0
0
0
0
0
-4.15585e-15
-6.79632e-16
0
0
0
0
0
0
0
0
0
8.01098e-16
-2.55826e-31
0
0
0
0
0
6.85885e-14
0
0
0
0
0
0
0
0
0
0
0
0
0
0
0
0
0
0
0
0
0
0
0
0
0
0
0
0
0
0
0
0
0
0
0
0
0
0
-5.65834e-17
0
0
0
0
0
0
0
0
0
0
0
0
0
0
0
0
0
0
0
0
0
0
0
0
0
0
0
0
0
0
0
0
0
0
-1.89645e-17
0
0
0
0
0
0
0
0
0
-7.83452e-14
0
0
0
0
0
0
0
0
0
0
0
0
0
0
0
0
0
0
0
-1.32443e-14
-7.61842e-17
0
0
0
0
0
0
0
0
0
0
0
0
0
0
0
0
0
5.48777e-17
0
0
0
0
0
0
0
0
0
0
0
0
0
0
0
0
0
0
0
0
0
0
0
0
0
0
-8.19891e-16
0
0
0
0
0
0
0
0
0
4.19508e-15
-7.75585e-15
0
0
0
-1.31961e-15
0
1.57042e-15
0
0
0
0
0
0
0
0
0
0
0
0
0
0
0
0
0
0
0
0
-5.48347e-16
0
0
2.25901e-14
0
0
0
-7.79379e-18
2.15384e-17
0
0
0
0
0
0
0
0
0
0
0
0
0
0
0
0
0
0
0
0
0
0
0
0
0
0
0
0
-5.14925e-15
-1.84973e-15
0
0
0
0
0
0
0
0
0
0
0
0
0
7.79722e-14
7.21959e-16
0
0
0
0
0
0
0
0
-7.87779e-15
0
0
0
0
0
0
0
0
0
0
0
0
-1.71805e-16
0
0
0
0
0
0
0
0
0
0
0
0
0
0
0
0
0
0
0
0
0
0
0
0
0
0
0
0
0
0
0
0
0
0
0
0
0
0
0
0
0
0
0
0
0
0
0
0
0
0
0
0
0
0
9.48371e-18
-2.04149e-17
0
0
0
0
0
0
0
0
0
0
0
0
0
0
0
0
0
0
0
0
0
0
0
0
0
-6.37898e-14
0
8.24902e-14
0
0
0
0
0
0
0
0
0
0
0
0
0
0
0
0
0
0
0
0
0
0
0
0
0
0
0
0
0
0
0
-3.6047e-17
3.93799e-17
0
0
0
0
0
0
0
0
-9.62587e-17
0
0
0
0
0
0
0
0
0
0
0
0
0
0
0
0
0
0
0
0
0
0
0
0
0
0
0
0
0
0
0
0
0
-1.61591e-14
0
0
0
0
0
0
0
0
0
0
0
0
0
0
0
0
0
0
0
0
0
0
0
0
0
0
0
0
0
0
0
0
0
0
0
0
-5.98217e-14
0
4.33706e-14
0
0
0
0
0
0
0
0
0
0
0
0
0
0
0
0
0
0
0
0
0
0
0
0
0
7.52929e-14
3.94596e-14
0
0
0
0
0
0
0
0
0
0
0
0
0
0
0
0
0
0
-1.47842e-16
8.32094e-15
0
0
0
0
0
0
0
0
0
0
0
0
0
0
0
0
0
0
0
0
0
0
0
0
0
0
-1.00746e-15
0
0
4.27913e-15
0
0
0
0
0
0
0
1.5454e-15
0
0
0
0
0
0
0
0
0
0
0
0
0
0
0
0
0
0
0
0
0
0
0
0
0
0
0
0
0
0
-5.12005e-16
0
0
0
0
0
0
0
0
0
0
0
0
0
0
0
0
0
0
0
0
0
0
0
0
0
0
0
0
0
0
0
0
0
0
0
0
0
0
0
0
0
-3.51919e-17
0
-1.18346e-15
0
0
0
0
0
0
0
0
0
0
0
0
0
0
0
0
0
0
0
0
0
0
0
0
-9.19116e-16
0
0
0
0
2.60812e-17
2.02501e-18
0
0
0
0
0
0
0
0
0
0
0
0
0
0
0
0
0
0
0
0
0
0
0
0
0
2.18754e-15
0
0
0
0
0
0
0
0
0
0
0
0
1.19167e-15
0
0
0
0
0
0
0
0
0
0
0
0
0
0
0
0
0
0
0
0
0
0
0
0
0
0
0
0
0
0
0
0
0
0
0
0
0
0
0
0
0
0
0
0
0
0
0
0
0
0
0
0
0
0
0
0
0
0
0
0
0
-1.17397e-16
0
0
0
0
0
0
0
0
0
0
0
0
0
0
0
0
0
0
0
0
0
0
0
1.96275e-15
0
0
0
0
0
0
0
0
0
0
0
0
0
0
0
0
0
0
0
0
0
1.47827e-15
0
0
0
0
0
0
-3.88484e-15
0
-1.5097e-15
0
0
0
-1.33046e-17
-2.29655e-17
0
0
0
0
0
0
0
-3.11593e-17
8.00168e-17
0
0
0
0
0
0
0
0
0
0
0
0
0
0
0
0
0
0
0
0
0
0
0
0
0
0
0
0
0
0
0
0
0
0
0
0
0
0
0
0
0
0
0
0
0
0
0
-8.16251e-30
1.93812e-15
0
0
0
-2.77691e-15
0
0
0
0
0
2.56568e-17
0
2.6113e-17
0
0
1.8577e-16
-6.70643e-14
0
1.33224e-13
0
0
0
0
0
0
0
0
0
0
0
0
0
0
0
0
0
0
0
0
0
0
0
0
0
0
0
0
1.16883e-15
-5.10913e-17
1.41746e-15
-5.21684e-16
0
0
0
0
0
0
0
0
0
0
0
0
0
0
0
0
0
0
0
0
0
0
0
0
0
0
0
0
0
0
0
0
0
0
0
0
0
0
-5.40966e-15
-2.90367e-16
-4.13591e-16
0
0
0
0
1.4405e-16
0
0
0
0
0
0
0
0
0
0
0
0
0
0
0
0
0
0
0
0
0
0
0
0
0
0
0
0
0
0
0
0
0
0
0
0
0
0
0
0
5.37644e-15
0
6.34321e-16
-8.53402e-16
0
0
0
0
0
0
0
0
0
0
0
0
0
0
0
0
0
0
0
0
0
0
0
0
0
1.13293e-15
-5.814e-16
0
0
0
0
0
0
0
0
0
0
0
0
0
0
0
0
0
0
0
0
0
0
0
0
0
0
0
0
0
0
0
0
0
0
0
0
0
0
0
0
0
0
0
0
0
5.2247e-17
1.49632e-15
0
0
0
0
0
0
0
7.41837e-16
0
0
0
0
0
0
0
0
0
0
0
0
0
0
0
0
0
0
0
0
0
0
0
0
-3.24907e-16
0
0
0
0
0
0
0
1.32838e-16
-2.14892e-16
0
0
0
0
0
0
0
0
0
0
0
0
0
0
0
0
0
0
0
0
0
0
0
0
0
0
0
0
0
0
0
0
0
0
0
0
0
0
0
0
0
0
0
2.74432e-15
0
0
0
0
0
-3.27673e-14
0
0
0
0
0
0
0
0
0
0
0
0
0
0
0
0
0
0
0
0
0
0
0
0
0
0
0
0
0
0
0
0
0
0
0
0
0
0
0
0
0
0
0
0
0
0
0
0
0
0
0
0
0
0
0
0
0
0
-1.17195e-15
1.12713e-15
0
0
0
0
0
0
0
0
0
0
0
0
0
0
0
0
0
0
0
0
0
0
0
0
0
0
0
0
0
0
0
0
0
0
0
0
0
0
0
0
0
0
0
0
0
0
0
0
0
0
0
0
0
0
0
0
0
0
0
4.31073e-15
-9.6057e-16
0
0
0
0
-2.31022e-15
8.67089e-15
1.03043e-16
-2.20002e-16
0
0
0
0
0
0
0
0
0
0
0
0
0
0
0
0
0
0
0
0
0
0
0
0
0
0
0
0
0
0
0
0
0
0
0
0
0
0
0
0
0
0
0
0
0
0
0
0
0
0
0
0
0
0
0
0
0
0
0
0
0
0
0
0
0
0
0
0
0
0
0
0
-8.60823e-16
4.06928e-30
0
0
0
0
0
0
0
0
0
0
0
0
0
0
0
0
0
0
0
0
0
0
0
0
2.17889e-16
0
1.949e-14
0
1.68772e-16
-4.70278e-17
0
0
0
0
0
0
0
0
0
0
0
0
0
0
3.62671e-15
0
0
0
0
0
0
0
0
0
0
0
0
0
0
0
0
0
0
0
0
0
0
0
0
0
0
0
0
0
0
0
0
0
0
0
0
0
0
0
0
0
0
0
0
0
0
0
0
0
0
0
0
0
0
0
0
0
0
0
0
0
0
0
0
0
0
0
0
0
0
0
0
0
0
0
0
0
0
0
0
0
0
0
0
6.08114e-18
0
0
0
0
0
7.00362e-14
0
0
0
0
0
0
0
0
0
0
0
0
0
0
0
0
0
0
0
0
0
0
0
0
0
0
0
0
0
0
0
0
0
0
0
0
0
0
0
0
0
0
0
0
0
0
0
0
3.1916e-32
0
0
0
0
0
0
0
0
0
0
0
0
0
0
0
0
0
0
0
0
0
0
0
0
0
6.4641e-14
0
0
0
0
0
0
0
0
0
0
0
0
0
0
0
0
0
0
6.6694e-17
0
0
0
0
0
0
0
0
0
0
0
0
0
0
0
0
0
0
0
0
0
0
0
0
0
0
0
0
0
0
0
0
0
0
0
0
0
0
0
0
0
0
0
0
0
0
0
0
0
0
2.16652e-17
0
0
0
0
0
0
0
0
0
0
0
0
0
0
0
0
0
0
0
0
0
0
0
0
0
0
0
0
0
0
0
0
0
0
0
0
0
0
0
0
0
0
0
0
0
0
0
0
0
0
0
0
0
0
0
0
0
0
0
0
0
0
0
0
0
5.66534e-16
-1.29532e-16
0
0
0
0
0
0
0
1.65825e-16
-2.60989e-16
0
0
0
0
0
0
0
0
0
0
0
0
0
0
0
0
0
1.03518e-13
-4.39875e-14
0
0
0
0
0
0
0
0
0
0
0
0
0
0
0
0
0
0
0
0
0
9.20864e-16
1.79101e-16
-1.0994e-16
0
0
0
0
0
0
0
0
0
0
0
0
0
0
0
0
-8.11075e-15
5.22448e-15
0
0
0
0
0
0
0
0
0
0
0
-1.35334e-16
-1.24561e-17
-3.43247e-15
0
0
0
0
0
0
0
0
0
0
0
0
0
0
0
0
0
-2.51955e-15
0
2.65022e-15
0
0
0
0
0
0
0
0
0
0
0
0
0
0
0
0
0
0
0
0
0
0
0
0
2.85458e-17
0
0
0
0
0
-2.02278e-15
0
0
-2.26319e-17
0
0
0
0
0
0
0
0
0
-9.02167e-15
-1.21784e-14
0
0
-1.10108e-16
0
1.64263e-15
0
0
0
0
0
0
0
0
0
0
0
0
0
0
0
0
0
0
0
0
0
0
0
0
0
0
0
0
0
0
0
0
0
0
0
0
0
0
0
0
0
0
0
0
0
0
0
0
0
0
0
0
0
0
0
0
0
0
0
0
0
0
0
0
0
0
0
0
0
0
0
5.22045e-15
-7.18341e-16
0
0
0
0
0
0
0
0
0
0
0
0
0
0
0
0
0
0
0
0
-2.19157e-17
-6.59456e-17
0
0
0
0
0
0
0
0
-2.794e-14
0
0
0
0
0
0
0
0
0
0
0
-4.7529e-15
-1.6325e-29
0
0
0
0
0
0
0
0
0
0
0
0
0
0
0
0
0
0
0
0
0
0
0
0
0
0
0
0
0
0
0
0
0
0
0
0
0
0
0
0
0
0
0
0
0
0
0
-1.11857e-15
0
0
0
0
0
0
0
0
0
0
0
0
0
0
0
0
0
0
0
0
0
0
0
0
0
0
0
0
0
0
0
0
0
0
0
0
0
0
0
0
0
0
0
0
0
0
0
0
0
0
0
0
0
0
0
0
0
0
0
2.80207e-17
0
0
0
0
0
-9.13052e-15
0
0
0
0
1.57277e-16
0
0
0
0
0
0
0
0
0
0
0
0
0
0
0
0
0
0
0
0
0
0
0
0
0
0
0
0
0
0
0
0
0
0
0
0
0
0
0
0
0
0
0
0
0
0
0
0
0
0
0
0
0
0
0
0
0
0
0
0
0
0
0
0
0
0
0
0
0
0
0
0
0
0
0
0
0
0
0
0
0
-4.07641e-14
0
0
0
9.3671e-17
-3.38078e-17
0
0
0
0
0
0
0
0
0
0
0
0
0
0
0
0
0
0
0
0
0
0
0
0
0
0
0
0
0
0
0
0
0
0
0
-1.25622e-15
0
0
0
1.82376e-15
1.50182e-16
0
0
0
0
0
0
0
0
-4.68355e-14
0
0
0
0
0
0
0
0
0
0
0
0
0
0
0
0
0
0
0
0
0
0
0
0
3.7228e-14
0
0
0
0
-2.13178e-15
0
0
0
0
0
0
0
0
0
0
0
-5.10905e-31
-7.34481e-18
0
0
0
0
-1.94222e-14
0
0
0
0
0
3.35508e-14
4.49419e-14
0
0
0
0
0
0
0
0
0
0
0
0
0
0
0
0
0
0
0
0
0
0
0
0
0
0
0
0
1.53142e-15
-2.96164e-16
0
0
0
0
0
0
0
0
0
0
0
0
0
0
0
0
1.381e-17
0
0
0
0
0
0
0
0
0
0
0
0
0
0
0
0
0
0
0
0
0
0
0
0
0
0
0
0
0
0
0
1.10531e-15
0
0
0
0
0
0
0
0
0
0
0
0
0
0
0
0
0
0
0
0
0
0
0
0
0
0
0
0
0
0
0
0
0
0
0
0
0
0
0
0
0
0
0
-7.08924e-14
-2.23684e-14
1.29305e-13
-4.68925e-16
-1.17841e-14
0
0
0
0
0
0
0
0
0
0
0
0
0
0
0
0
0
0
0
0
0
0
0
0
0
0
0
0
0
0
0
0
0
0
0
4.28241e-17
0
0
0
0
-1.01945e-13
-4.31357e-14
0
0
0
0
0
0
0
0
0
0
0
0
0
0
0
0
0
0
0
0
0
0
0
0
0
0
0
0
0
0
0
-4.9609e-14
0
0
0
0
0
0
0
0
0
0
0
0
0
0
0
0
0
0
0
0
2.89024e-16
0
0
0
0
0
0
0
0
0
0
0
0
0
0
0
0
0
0
0
0
0
0
0
0
0
0
0
0
-3.51589e-16
-7.06317e-15
0
0
0
0
0
0
0
0
0
0
0
0
0
0
0
0
0
0
0
0
0
0
0
-1.3156e-16
1.88149e-16
0
0
0
0
0
0
0
0
0
1.88631e-16
4.83839e-17
-3.44486e-17
0
0
0
0
0
0
0
0
0
0
0
0
0
0
0
0
0
0
0
0
0
0
0
1.95164e-16
0
0
0
0
0
0
0
0
0
0
0
0
0
0
-3.41076e-14
0
0
0
0
0
0
0
0
0
0
0
0
0
0
0
0
0
0
0
0
0
0
0
0
0
0
0
0
0
0
0
0
0
0
0
0
0
6.92617e-15
-3.93005e-14
0
-2.93584e-14
0
0
0
0
0
0
0
0
0
0
0
0
0
0
0
0
0
0
0
0
0
0
0
0
0
0
0
0
0
0
0
0
0
0
0
0
0
0
0
-4.29192e-15
-3.62531e-15
0
0
0
0
0
0
0
0
0
0
0
0
0
0
0
0
0
0
0
0
0
0
0
0
0
0
0
0
0
0
0
0
0
0
0
0
0
0
0
-1.85207e-16
0
0
0
0
0
0
0
0
0
0
0
0
0
0
0
0
0
0
0
0
0
0
0
0
0
0
0
0
0
0
0
0
0
0
0
0
0
-1.97808e-14
-4.03301e-14
1.25477e-13
0
6.8896e-15
2.80508e-14
0
0
0
0
0
0
0
0
0
0
0
0
0
1.09816e-13
0
0
0
0
0
3.27108e-16
-3.05738e-16
0
0
0
0
0
0
0
0
0
0
0
0
0
0
0
0
0
7.77596e-14
4.12488e-15
0
1.13749e-14
0
0
0
2.8453e-15
-1.43944e-15
0
0
0
0
0
0
0
0
0
0
0
0
0
0
0
0
0
0
0
0
0
-4.60648e-17
-3.33732e-16
0
0
0
0
0
0
0
0
0
0
0
0
0
0
0
0
0
0
0
0
0
0
0
0
0
0
0
0
0
0
0
0
0
0
0
0
0
0
0
0
0
0
0
0
0
0
0
0
0
0
0
0
0
0
0
0
0
0
0
0
0
-1.70947e-15
-9.08127e-14
0
0
0
0
0
0
0
0
0
0
-8.42891e-17
-2.44613e-16
2.35526e-17
0
0
0
0
-6.85875e-15
0
0
0
0
2.55337e-14
-1.69962e-16
2.59797e-16
-1.02318e-15
0
0
0
0
0
0
0
0
-6.35323e-15
0
0
0
0
0
0
0
0
0
0
0
0
0
0
0
0
0
0
0
0
0
0
0
0
0
0
0
0
0
0
0
0
0
0
0
0
0
0
0
0
0
0
0
0
0
0
0
0
0
0
0
0
0
0
0
0
0
0
0
0
-4.87212e-16
-3.11502e-14
0
0
0
0
0
0
0
0
0
0
0
0
0
0
0
0
0
0
0
0
0
0
0
0
0
0
0
0
0
0
0
0
0
0
0
0
0
0
0
0
0
0
0
9.867e-17
0
0
0
0
0
0
0
0
0
0
0
0
0
0
0
0
0
0
0
0
0
0
0
0
0
0
0
0
0
0
0
0
0
2.15202e-14
0
0
0
0
0
0
0
0
0
0
0
0
0
0
0
0
0
0
0
0
0
0
0
0
0
0
0
0
0
0
0
0
0
0
0
0
0
0
-5.21312e-17
0
0
0
0
0
0
0
0
0
0
0
0
0
0
0
0
2.83635e-14
0
0
0
0
0
0
0
0
0
0
0
0
0
0
0
0
0
0
0
0
8.37437e-17
0
0
0
-2.27225e-14
1.64755e-14
0
0
0
0
0
0
0
0
0
0
0
0
0
0
-9.7659e-16
1.02371e-15
0
0
0
0
0
0
0
0
0
0
0
0
0
0
-1.13378e-15
0
0
0
0
0
-2.28853e-14
0
-1.47522e-15
0
0
0
0
0
1.7508e-14
1.1639e-13
-1.75248e-14
0
0
0
0
0
0
0
0
0
0
0
0
0
0
0
0
0
0
0
0
0
0
0
0
0
0
0
0
0
0
0
0
0
0
0
0
0
0
0
7.00525e-16
-1.18606e-14
0
0
0
0
0
0
0
0
0
0
0
0
0
0
0
0
0
0
0
0
0
0
0
0
0
0
0
-3.64316e-17
0
0
0
0
0
0
0
3.70602e-17
0
0
0
0
0
0
0
0
0
0
0
0
0
0
0
0
0
0
0
0
0
0
0
0
0
0
0
0
0
0
0
0
0
0
0
0
0
0
0
0
0
0
0
0
0
0
0
0
0
0
0
0
0
0
0
0
0
0
0
0
0
0
0
0
0
0
0
0
0
0
0
0
0
7.09473e-14
0
0
0
0
0
0
-9.4122e-17
1.97014e-16
0
0
0
0
0
0
0
0
0
0
0
0
0
0
0
0
0
0
0
0
0
0
0
0
0
0
0
0
0
0
0
0
0
0
0
0
0
0
0
0
0
0
0
0
1.14462e-13
-6.76099e-15
0
0
0
0
0
0
0
0
0
0
0
0
0
0
-3.86244e-14
0
8.35813e-15
-3.50331e-16
0
0
0
0
0
0
0
0
0
0
0
0
0
0
0
0
0
0
0
0
0
0
0
0
0
0
0
0
0
0
0
0
0
0
0
0
0
0
0
0
0
0
0
0
0
0
0
0
0
0
0
0
0
0
0
0
0
0
0
0
0
0
0
0
0
0
0
0
0
0
0
0
0
0
0
0
0
0
0
0
0
0
0
0
0
0
0
0
0
0
0
0
0
0
0
0
0
0
0
0
0
0
0
0
2.22838e-15
6.39419e-15
0
0
0
0
3.55981e-17
-7.82396e-18
0
0
0
0
0
0
0
0
0
0
0
0
0
0
0
0
0
0
0
0
0
0
0
0
0
0
0
0
0
-3.09316e-14
0
0
0
0
0
0
0
0
0
0
0
0
0
0
0
0
0
0
0
0
0
0
0
0
-6.91601e-15
-6.91545e-14
0
0
0
0
0
0
0
0
0
0
0
0
0
0
0
0
0
0
0
0
0
0
0
0
0
0
0
0
0
0
0
0
0
0
0
0
0
-7.38523e-16
0
0
0
0
0
0
0
0
0
0
-9.36789e-15
0
1.80715e-14
0
0
0
0
0
0
0
0
0
0
1.22207e-16
0
0
0
0
0
0
0
0
0
0
0
1.29386e-13
-3.63694e-14
0
0
0
0
0
0
0
0
0
0
0
0
0
0
0
0
0
0
0
0
0
0
0
0
0
0
0
0
0
0
0
0
0
1.7536e-16
-5.48414e-18
0
0
0
0
0
0
0
0
0
0
0
0
0
0
0
0
0
0
0
0
0
0
0
0
0
0
0
-8.11914e-17
0
0
0
0
0
0
0
0
0
0
0
0
0
0
0
0
0
0
0
0
0
0
0
0
0
0
0
0
0
0
0
0
0
0
-1.18039e-17
-2.94689e-17
0
0
0
0
0
0
0
0
0
0
0
0
0
0
0
0
0
0
0
0
0
0
0
0
0
0
0
0
0
0
0
0
0
0
0
0
0
0
0
0
0
0
0
0
0
0
0
0
0
0
0
0
0
-1.62327e-16
7.70881e-15
9.0575e-17
0
0
0
0
0
0
0
0
0
3.62126e-14
8.25841e-14
0
0
0
0
0
0
0
0
0
0
0
0
0
0
0
0
0
0
0
0
0
0
0
0
0
0
0
0
0
0
0
0
8.53876e-15
0
0
7.91645e-15
0
0
0
0
0
0
0
0
0
0
0
0
0
-2.86325e-16
0
0
0
0
0
0
0
0
0
0
0
0
0
0
0
0
0
0
0
0
0
0
0
0
0
0
0
0
0
0
0
0
0
0
0
0
0
0
0
0
0
0
0
0
0
0
0
0
0
0
0
0
0
0
-1.40279e-17
-5.43936e-18
3.15052e-14
1.79578e-14
0
0
0
0
0
0
0
0
0
0
0
0
0
0
0
0
0
0
0
0
0
0
0
0
0
0
0
0
0
0
0
0
0
0
0
0
0
0
0
0
0
0
0
0
0
0
0
0
0
0
0
5.4041e-14
3.8268e-17
0
0
0
0
0
0
0
0
0
0
0
0
0
0
0
0
0
0
0
0
0
0
0
0
0
0
0
0
0
0
0
-3.90049e-15
0
0
-2.02142e-15
3.99638e-15
-3.07586e-16
0
0
0
0
0
0
0
0
0
0
0
0
0
0
0
0
0
0
0
0
0
0
0
0
0
0
0
0
0
-2.72927e-14
3.91186e-14
0
0
0
0
0
0
-2.32529e-15
0
0
0
0
0
0
0
0
0
0
0
0
0
0
0
0
0
0
0
0
0
0
-1.21763e-16
0
0
0
0
0
0
0
0
0
0
0
0
0
0
0
0
0
0
0
0
0
0
0
0
0
0
0
0
0
0
0
0
0
0
0
0
0
0
0
0
0
0
0
0
0
0
0
0
0
0
0
0
0
0
0
0
0
0
0
0
0
0
0
0
0
0
0
0
0
0
0
0
0
0
0
0
0
0
0
0
0
0
0
0
0
0
0
0
0
0
0
0
0
0
0
0
0
0
0
0
0
0
0
0
0
0
0
0
0
0
0
0
0
0
-1.16465e-14
0
0
0
0
0
0
0
0
0
0
0
0
0
0
0
0
0
0
0
0
0
0
0
0
0
0
0
0
0
0
0
-1.49312e-14
0
0
0
0
0
0
0
0
0
0
0
0
0
0
0
0
0
0
0
0
0
0
6.37083e-16
0
0
0
0
0
-1.23947e-16
0
0
0
0
0
0
0
0
0
0
0
0
0
0
0
0
0
0
0
0
0
0
0
0
0
0
0
0
0
0
0
-1.65189e-14
0
0
0
0
0
0
0
0
0
0
0
0
0
0
0
0
0
0
0
0
0
0
0
-1.17952e-17
4.12691e-17
0
0
0
0
0
0
0
0
0
0
5.84676e-17
0
0
0
0
0
0
0
0
0
0
0
0
0
0
0
0
0
0
0
-5.52024e-15
0
0
0
0
0
0
0
0
0
0
0
0
0
0
0
0
0
0
0
0
0
0
0
0
0
0
0
0
0
0
0
4.54889e-17
-2.85434e-15
0
0
0
0
0
0
0
0
0
0
0
0
0
0
0
0
0
0
0
0
0
0
0
0
0
0
0
0
0
0
0
0
0
0
0
0
0
0
0
0
0
0
3.10006e-15
0
-5.52543e-16
0
0
0
0
0
0
0
0
0
0
0
0
0
0
0
0
0
0
0
0
0
8.59843e-15
0
0
0
0
0
0
0
0
0
0
0
0
0
0
0
1.51847e-16
-9.69898e-17
0
0
0
0
0
0
0
0
0
0
0
0
0
0
0
2.83308e-14
0
0
-1.96052e-17
0
3.67438e-14
1.28329e-14
1.90702e-14
-4.90456e-17
0
0
0
0
7.0052e-14
0
0
0
0
0
0
0
0
0
0
0
0
0
0
0
0
0
0
0
0
0
0
0
0
0
0
0
0
0
0
0
0
0
0
0
0
0
0
0
0
0
0
0
0
0
0
0
0
0
0
0
0
0
0
0
0
0
0
0
0
0
0
0
0
0
0
0
0
0
0
0
0
0
0
0
0
0
0
0
0
0
0
0
0
0
0
0
0
0
0
0
0
0
0
0
0
0
0
0
0
0
0
0
0
0
0
0
0
0
0
0
0
0
0
0
0
0
0
0
0
0
0
0
0
0
1.13169e-17
0
0
0
0
0
0
0
0
0
0
0
0
0
0
0
0
0
0
0
0
0
0
0
0
0
0
0
0
0
0
0
0
0
0
0
0
0
0
0
0
0
0
0
0
0
0
0
0
0
0
0
0
0
0
0
0
0
0
0
0
0
0
0
0
0
0
0
0
0
0
0
0
0
0
0
0
0
0
0
0
0
0
0
0
0
0
0
0
0
0
0
1.15624e-14
4.09574e-14
0
-3.08903e-16
0
0
0
0
0
0
0
0
0
0
0
0
0
0
0
0
0
0
0
0
0
0
0
0
0
0
0
0
0
0
0
0
0
0
0
0
0
0
0
0
0
0
0
0
0
0
0
0
0
0
8.3911e-17
0
0
0
0
0
0
0
0
0
0
0
0
0
0
0
0
0
0
0
0
0
0
0
0
0
0
0
0
0
0
0
0
0
0
0
0
0
0
0
0
0
0
0
0
0
0
1.20466e-14
0
-8.18653e-15
0
0
0
0
0
0
0
0
0
0
0
0
0
0
0
3.35626e-17
4.13741e-17
0
0
0
0
0
2.21788e-16
0
0
0
0
0
0
0
0
0
0
0
0
0
0
0
0
0
0
0
0
0
0
0
0
0
0
0
0
0
0
0
0
0
0
0
0
0
0
0
0
0
-2.391e-16
0
0
0
0
0
0
0
0
-1.66446e-14
0
0
0
0
0
0
0
0
0
0
0
0
0
0
0
0
0
0
0
0
0
0
0
0
0
0
0
0
0
0
0
0
0
0
0
0
0
0
0
0
0
0
0
0
0
0
0
0
1.76027e-17
5.4547e-17
0
0
0
0
0
0
0
0
0
0
0
0
0
0
0
-1.41388e-17
0
0
0
0
0
0
0
0
0
0
0
0
0
0
0
0
0
0
0
0
0
0
0
0
0
0
0
0
0
0
0
0
0
0
0
0
0
0
0
0
-2.15027e-16
0
0
0
0
0
0
0
0
0
0
0
0
0
0
0
0
7.10573e-17
-2.0396e-17
0
0
0
0
0
0
0
0
0
0
0
0
0
0
0
0
0
0
0
0
0
0
-5.04531e-17
-1.39948e-15
-5.86864e-15
0
0
0
0
0
0
0
0
0
0
0
0
0
0
0
0
0
0
0
0
0
0
0
0
0
0
0
0
0
0
0
0
0
0
0
0
0
0
0
0
0
0
0
0
0
0
0
0
0
0
0
0
0
0
0
0
0
0
0
0
0
0
0
0
0
0
0
0
0
0
0
0
0
0
0
0
0
0
0
0
0
0
0
0
0
0
0
0
0
0
0
0
0
0
0
0
0
0
1.62571e-16
-4.31973e-17
-1.16985e-16
0
0
0
0
0
0
0
0
0
0
0
0
0
0
0
0
0
0
0
0
0
0
0
0
0
0
0
0
0
0
0
0
0
0
0
0
0
0
0
0
0
0
0
0
0
0
0
0
0
0
0
0
0
0
0
0
0
0
0
0
0
0
0
0
0
0
0
0
0
0
0
0
0
0
0
0
0
0
0
0
0
0
0
0
0
0
0
0
0
0
0
0
0
0
0
0
0
0
0
0
0
0
0
0
0
0
0
0
0
0
-1.28246e-14
0
0
0
0
0
0
0
0
0
0
0
0
0
0
0
0
0
0
0
0
0
0
0
0
0
0
0
0
0
0
0
0
0
0
0
0
0
0
0
0
0
0
0
0
0
0
0
0
0
0
0
0
0
0
0
0
0
0
0
0
0
0
0
0
0
0
0
0
0
0
0
7.95528e-17
0
0
3.01649e-14
0
0
0
0
0
0
0
0
0
0
0
0
0
0
0
0
0
0
0
0
0
0
0
0
0
0
0
0
0
0
0
0
0
0
0
0
0
0
0
0
0
0
0
0
0
0
0
0
0
0
0
0
0
0
0
0
0
0
0
0
0
0
0
0
0
0
0
0
0
0
0
0
0
0
0
0
0
0
0
0
0
0
0
0
0
0
0
0
0
0
0
0
-4.56058e-14
-5.53706e-14
0
0
0
0
0
0
0
0
0
0
0
0
0
0
0
0
0
0
0
0
0
0
0
0
0
0
0
0
0
0
0
0
0
0
0
0
0
0
0
0
0
0
0
0
0
0
0
0
0
0
0
0
0
0
0
0
0
0
0
0
0
0
0
0
0
0
0
0
0
0
0
0
0
0
0
0
0
0
0
0
-6.53e-29
0
0
0
0
0
0
0
0
0
0
0
0
0
0
0
0
0
0
0
0
0
0
0
0
0
0
0
0
0
0
0
0
0
7.4377e-15
0
0
0
0
0
0
0
0
0
0
0
0
0
0
0
0
0
0
0
0
0
0
0
0
0
0
0
0
0
0
0
0
0
0
0
0
0
0
0
-6.36669e-17
0
0
0
0
0
0
0
0
0
0
0
0
0
0
0
0
0
0
0
0
0
0
0
0
0
0
0
0
0
0
0
0
0
0
0
0
0
0
0
0
0
0
0
0
0
0
0
0
0
0
0
0
0
0
0
0
0
0
0
0
0
0
0
0
0
0
0
0
0
0
0
0
0
0
0
0
0
0
0
0
0
0
0
0
0
0
0
0
0
0
0
0
0
0
0
0
0
0
0
0
0
0
0
0
0
0
0
0
0
0
0
0
0
3.07699e-17
0
0
0
3.50535e-14
0
0
0
0
0
0
0
0
0
0
0
0
0
0
0
0
0
0
0
0
0
0
0
0
0
0
0
0
0
0
0
0
0
0
0
0
0
0
0
0
0
0
0
0
0
0
0
0
0
0
0
0
0
0
0
0
0
0
0
0
0
0
0
0
0
0
0
0
0
0
0
0
0
0
0
0
0
0
0
0
0
0
0
0
0
0
0
0
0
-6.15193e-15
0
0
0
0
0
0
0
0
0
0
0
0
0
0
0
0
0
0
0
0
3.1565e-14
0
0
0
0
0
0
0
0
0
0
0
0
0
0
0
-6.54915e-29
0
0
0
0
0
0
0
0
0
0
0
0
0
0
0
0
5.04525e-16
2.5957e-14
0
0
0
0
0
0
0
0
0
0
0
0
0
0
-3.18108e-14
0
0
0
0
0
0
0
0
0
0
0
0
0
0
0
0
0
0
0
0
0
0
0
0
0
0
0
0
0
0
0
-2.95796e-17
0
0
0
0
0
0
0
0
0
0
0
0
0
0
0
0
0
0
0
0
0
-4.68398e-16
0
0
0
0
0
0
0
0
0
0
0
0
0
0
0
0
0
-2.50236e-14
-5.45447e-14
0
0
0
0
0
0
0
0
0
0
0
0
0
0
0
0
0
0
0
-1.14544e-16
0
0
0
0
0
0
0
0
0
0
0
0
0
0
0
0
0
0
0
0
0
0
0
0
0
0
0
0
0
0
0
0
0
0
0
0
0
0
0
0
0
0
0
0
0
0
0
0
0
0
0
0
0
0
0
0
0
0
0
0
0
0
0
0
0
0
0
0
0
0
0
0
0
0
0
0
0
0
0
0
0
0
0
0
0
0
0
0
0
-2.9519e-17
4.12148e-17
0
0
0
0
0
0
0
0
0
0
0
0
0
0
0
0
0
0
0
0
0
0
0
0
0
0
0
0
0
0
0
0
0
0
0
0
0
0
0
0
0
0
0
0
0
0
0
0
0
0
0
0
0
0
0
0
0
0
0
0
0
0
0
0
0
0
0
0
0
0
0
0
0
0
0
0
0
0
0
0
0
0
0
0
0
0
0
0
0
0
0
0
0
0
0
0
0
0
0
0
0
0
0
0
0
0
0
0
0
0
0
0
0
0
0
0
0
0
0
0
0
0
0
0
0
0
0
0
0
0
0
0
0
0
0
0
0
0
0
0
0
0
0
0
0
0
0
0
0
0
0
0
0
0
0
0
0
0
0
0
0
0
0
0
0
0
0
0
0
0
0
0
0
0
0
0
0
0
0
0
0
0
0
0
0
0
0
2.62234e-14
0
-8.80981e-14
0
0
0
0
0
9.52954e-17
0
0
0
0
0
0
1.17248e-14
1.33422e-13
0
0
0
0
0
0
0
0
0
0
0
0
0
0
0
0
0
0
0
0
0
0
0
0
0
0
0
0
0
0
0
0
0
0
0
0
0
0
0
0
0
0
0
0
0
0
0
0
0
0
0
0
0
0
0
0
0
0
0
0
0
0
0
0
0
0
0
0
0
0
0
0
0
0
0
0
0
0
0
0
0
0
0
0
0
0
0
0
0
0
0
0
0
0
0
0
0
0
0
0
0
0
0
0
0
0
0
0
0
0
0
0
0
0
0
0
0
0
0
0
0
0
0
0
0
0
0
0
0
0
0
0
0
0
0
0
0
0
0
0
0
0
0
0
0
0
0
0
0
0
0
0
0
-3.08602e-17
-6.77449e-18
0
0
0
0
0
0
0
0
0
0
0
0
-3.794e-15
0
0
0
0
9.74432e-18
-1.62418e-16
0
0
0
0
0
0
0
0
0
0
0
0
0
0
0
0
0
0
0
0
0
0
5.02075e-14
1.3259e-14
0
0
0
0
0
0
0
0
0
0
0
0
0
0
0
0
0
0
0
-1.77089e-16
2.51552e-16
0
0
0
0
0
0
0
0
0
0
0
0
0
0
0
0
0
0
0
0
0
0
0
0
0
0
0
0
0
0
0
0
0
0
0
0
0
0
0
0
0
0
0
0
0
0
0
0
0
0
0
0
0
0
0
0
0
0
0
0
0
0
0
0
0
0
0
0
0
0
0
0
0
0
0
0
0
0
0
0
2.67256e-15
6.32255e-14
0
0
0
0
0
0
0
0
0
0
0
0
0
0
0
0
0
0
0
0
0
0
0
0
0
0
0
0
0
0
0
0
0
0
0
0
0
0
0
0
0
0
0
0
0
0
0
0
0
0
0
0
0
0
0
0
0
0
0
0
0
0
0
0
0
0
0
0
0
0
0
0
0
0
0
0
0
0
0
0
0
0
0
0
0
0
0
0
0
0
0
0
0
0
0
0
0
0
0
0
0
0
0
0
0
0
0
0
0
0
0
0
0
0
0
0
0
0
0
0
0
0
0
0
0
0
0
0
6.59043e-14
0
-3.92183e-28
0
0
0
0
0
0
0
0
0
0
0
0
0
0
0
0
0
0
0
0
0
0
0
0
0
0
0
0
0
0
0
0
0
0
0
0
0
0
2.53159e-14
-3.70907e-14
0
0
0
0
0
0
0
0
0
0
0
0
0
0
0
0
0
0
0
0
0
0
0
0
0
0
0
0
0
4.18241e-16
0
6.45644e-15
0
0
0
0
0
-2.07325e-17
0
0
0
0
0
0
0
0
0
0
0
0
0
0
0
0
0
0
0
0
0
0
0
0
0
0
0
0
0
0
0
0
0
0
0
0
0
0
0
0
0
0
0
0
0
0
0
0
0
0
0
0
0
0
0
0
0
0
0
0
0
0
0
0
0
0
0
0
0
0
0
0
0
0
0
0
0
0
0
0
0
0
0
0
0
0
0
0
0
0
0
0
0
0
0
0
0
0
0
0
0
0
0
0
0
0
0
0
0
0
0
0
0
0
0
0
0
0
0
0
0
0
0
0
0
0
0
0
0
0
0
0
0
0
0
0
0
0
0
0
0
0
0
-1.26366e-15
5.16278e-14
0
0
0
0
0
0
0
0
0
0
0
0
0
0
0
0
0
0
0
0
0
0
0
0
0
0
0
0
0
0
0
0
0
0
0
0
0
0
0
0
0
0
0
0
0
0
0
1.16279e-17
0
0
0
0
0
0
0
0
0
0
0
0
0
0
0
0
0
0
0
0
0
0
0
0
0
0
0
0
0
0
0
0
0
0
0
0
0
0
0
0
0
0
0
0
0
0
0
0
0
0
0
0
0
0
0
0
0
0
0
0
0
0
0
0
0
0
0
0
0
0
0
0
0
0
0
0
0
0
0
0
0
0
0
0
0
0
0
0
0
0
0
0
0
0
0
0
0
0
0
0
0
0
0
0
0
0
0
0
0
0
0
0
0
0
0
0
0
0
0
0
0
0
0
0
0
0
0
0
0
0
0
0
0
0
0
0
0
0
0
0
0
0
0
0
0
0
0
0
0
0
0
0
0
0
0
0
0
0
0
0
0
0
0
0
0
0
0
0
0
0
0
0
0
0
0
0
0
0
0
0
0
0
0
0
0
0
0
0
0
0
0
0
0
0
0
0
0
0
0
0
0
-3.60541e-17
0
0
0
0
0
0
0
0
0
0
0
0
0
0
0
0
0
0
0
0
0
0
0
0
0
0
0
0
0
0
0
0
0
0
0
0
0
0
0
0
0
0
0
0
0
0
0
0
0
0
0
0
0
0
0
0
0
0
0
0
0
0
0
0
0
0
0
0
0
0
0
0
0
0
0
0
0
0
0
0
0
0
0
0
0
0
0
0
0
0
0
0
0
0
0
0
0
0
0
0
0
0
0
0
0
0
0
0
0
0
0
0
0
0
0
0
0
0
0
0
0
0
0
0
0
0
0
0
0
0
0
0
0
0
0
0
0
0
0
0
0
0
0
0
0
0
0
0
0
0
0
0
0
0
0
0
0
0
0
0
0
0
0
0
0
0
0
0
0
0
0
0
0
0
0
0
0
0
0
0
0
0
0
0
0
0
0
0
0
0
0
0
0
0
0
0
0
0
0
0
0
0
0
0
0
0
0
0
0
0
0
0
0
0
0
0
0
0
0
0
0
0
3.49178e-14
0
0
0
0
0
0
0
0
0
0
0
0
0
0
0
0
0
0
0
0
0
0
0
0
0
0
0
0
0
0
0
0
0
0
0
0
0
0
0
0
0
0
0
0
0
0
0
0
0
0
0
0
0
0
0
0
0
0
0
0
0
0
0
0
0
0
0
0
0
0
0
0
0
0
0
0
0
0
0
0
0
0
0
0
0
0
0
0
0
0
0
0
0
0
0
0
0
0
0
0
0
0
0
0
0
0
0
0
0
0
0
0
0
0
0
0
0
0
0
0
0
0
0
0
0
0
0
0
0
0
0
0
0
0
0
0
0
0
0
0
0
0
0
0
0
0
0
0
0
0
0
0
0
0
0
0
0
0
0
0
0
0
0
0
0
0
0
0
0
0
0
0
0
0
0
0
0
0
0
0
0
0
0
0
0
0
0
0
0
0
0
0
0
0
0
0
0
0
0
0
0
0
0
0
0
0
0
0
0
0
0
0
0
0
0
0
0
0
0
0
0
0
0
0
0
0
0
0
0
0
0
0
0
0
0
0
0
0
0
0
0
0
0
0
0
0
0
0
0
0
0
0
0
0
0
0
0
0
9.888e-15
0
0
0
0
0
0
0
0
0
0
0
0
0
0
0
0
0
0
0
0
0
0
0
0
0
0
0
0
0
0
0
0
0
0
0
0
0
0
0
0
0
0
0
0
0
0
0
0
0
0
0
0
0
0
0
0
0
0
0
0
0
0
0
0
0
0
0
0
0
0
0
0
0
0
0
0
0
0
0
0
0
0
0
0
0
0
0
0
0
0
0
0
0
0
0
0
0
0
0
0
0
0
0
0
0
0
0
0
0
0
0
0
0
0
0
0
0
0
0
0
0
0
0
0
0
0
0
0
0
0
0
0
0
0
0
0
0
0
0
0
0
0
0
0
0
0
0
0
0
0
0
0
0
0
0
0
0
0
0
0
0
0
0
0
0
0
0
0
0
0
0
0
0
0
0
0
0
0
0
0
0
0
0
0
0
0
0
0
0
0
0
0
0
0
0
0
0
0
0
0
0
9.59334e-14
0
0
0
0
0
0
0
0
0
0
0
0
0
0
0
0
0
0
0
0
0
0
0
0
0
0
0
0
0
0
0
0
0
0
4.75811e-17
0
0
0
0
0
0
0
0
0
0
0
0
0
0
0
0
0
0
0
0
0
0
0
0
0
0
0
0
0
0
0
0
0
0
0
0
0
0
0
0
0
0
0
0
0
0
0
0
0
0
0
0
0
0
0
0
0
0
0
0
0
0
0
0
0
0
0
0
0
0
0
0
0
0
0
0
0
0
0
0
0
0
0
0
0
0
0
0
0
0
0
0
0
0
0
0
0
0
0
0
0
0
0
0
0
0
0
0
0
0
0
0
0
0
0
0
0
0
4.29498e-14
0
-3.26979e-29
0
0
8.05451e-14
1.43125e-15
0
0
0
0
0
0
0
0
0
0
0
0
0
0
0
0
0
0
0
0
0
0
0
0
0
0
0
0
0
0
0
0
0
0
0
0
0
0
0
0
0
0
0
0
0
0
0
0
0
8.13078e-17
0
0
0
0
0
0
0
0
0
0
0
0
0
0
0
0
0
0
0
0
0
0
0
0
0
0
0
0
0
0
0
0
0
0
0
0
0
0
0
0
0
0
0
0
0
0
0
0
0
0
0
0
0
0
0
0
0
0
0
9.48224e-15
0
0
0
0
0
0
0
0
0
0
0
0
0
0
0
0
0
0
0
0
0
0
0
0
0
0
0
0
0
0
0
0
0
0
0
0
0
0
0
0
0
0
0
0
0
0
0
0
0
0
0
0
0
0
0
0
0
0
0
0
0
0
0
0
0
0
0
0
0
0
0
0
0
0
0
0
0
0
0
0
0
0
0
0
0
0
5.84796e-16
0
0
0
0
0
0
0
0
0
0
0
0
0
0
0
0
0
0
0
0
0
0
0
0
0
0
0
0
0
0
0
0
0
0
0
0
0
0
0
0
0
0
0
0
0
0
0
0
0
0
0
0
0
0
0
0
0
0
0
0
0
0
0
0
0
0
0
0
0
0
0
0
0
0
0
0
0
0
0
0
0
0
0
0
0
0
0
0
0
0
0
0
0
0
0
0
0
0
0
0
0
0
0
0
0
0
0
0
0
0
0
0
0
0
0
0
0
0
0
0
0
0
0
0
0
0
0
0
0
0
0
0
0
0
0
0
0
0
0
0
0
0
0
0
0
0
0
0
0
0
0
0
0
0
0
0
0
0
0
0
0
0
0
0
0
0
0
0
0
0
0
0
0
0
0
0
0
0
0
0
0
0
0
0
0
0
0
0
0
-2.82257e-17
0
0
0
0
0
0
0
0
0
0
0
0
0
5.74773e-17
0
0
0
0
0
0
0
0
0
0
0
0
0
0
0
0
0
6.62079e-14
0
0
0
0
0
0
0
0
0
0
0
0
0
0
0
0
0
0
0
0
0
0
0
0
0
0
0
-2.6486e-16
-1.17954e-17
0
0
0
0
0
0
0
0
0
0
0
0
0
0
0
0
0
0
0
0
0
0
0
0
0
0
0
0
0
0
0
0
0
0
0
0
0
0
0
0
0
0
0
0
0
0
0
0
0
0
0
0
0
0
0
0
0
0
0
0
0
0
0
0
0
0
0
0
0
0
0
0
0
0
0
0
0
0
0
0
0
0
0
0
0
0
0
0
0
0
0
0
0
0
0
0
0
0
0
0
0
0
0
0
0
0
0
0
0
5.14281e-14
0
0
0
0
0
0
0
0
0
0
0
0
0
0
0
0
0
0
0
0
0
0
0
0
0
0
0
0
0
0
0
0
0
0
0
0
0
0
0
0
0
0
0
0
0
0
0
0
0
0
0
0
0
0
0
0
0
0
0
0
0
0
0
0
0
0
0
0
0
0
0
0
0
0
0
0
0
0
0
0
0
0
0
0
0
0
0
0
0
0
0
0
-3.26655e-14
0
0
0
0
0
0
0
0
0
0
0
0
0
0
0
0
0
0
0
0
0
0
0
0
0
0
0
0
0
0
0
0
0
-5.99174e-17
-3.98296e-16
0
0
0
0
0
0
0
0
0
0
0
0
0
0
0
0
0
0
0
0
0
0
0
0
0
0
0
0
0
0
0
0
0
0
0
0
0
0
0
0
0
0
0
0
0
0
0
0
0
0
0
0
0
0
0
0
0
0
0
0
0
0
0
0
0
0
0
0
0
0
0
0
0
0
0
0
0
0
0
0
0
0
0
0
0
0
0
0
0
0
0
0
0
0
0
0
0
0
0
0
0
0
0
0
0
0
0
0
0
0
0
0
0
-2.29166e-17
0
0
-7.5264e-17
0
0
0
0
0
0
0
0
0
0
0
0
0
0
0
0
0
0
0
0
0
0
0
0
0
0
0
0
0
0
0
0
0
0
0
0
0
0
0
0
0
0
0
0
0
0
0
0
0
0
0
0
0
0
0
0
0
0
0
0
0
0
0
0
0
0
0
0
0
0
0
0
0
0
0
0
0
0
0
0
0
0
0
0
0
0
0
0
0
0
0
0
0
0
0
0
0
0
0
0
0
0
0
0
0
0
0
0
0
0
0
0
0
0
0
0
7.31945e-14
2.25703e-14
0
0
0
0
0
0
4.11024e-17
0
0
0
0
0
0
0
0
0
3.09657e-14
0
0
0
0
0
0
0
0
0
0
0
1.31621e-14
1.01652e-14
0
0
0
0
0
0
0
0
0
0
0
0
0
0
0
0
0
0
0
0
0
0
0
0
0
0
0
0
0
0
0
0
0
0
0
0
0
0
0
0
0
0
0
0
0
0
0
0
0
0
0
0
0
0
0
0
0
0
0
0
0
0
0
0
0
0
0
0
0
0
0
0
0
0
0
0
0
0
0
0
0
-1.72034e-16
0
0
0
0
0
0
0
0
0
0
0
0
0
0
0
0
0
0
0
0
0
0
0
0
0
0
0
0
0
0
0
0
0
0
0
0
0
0
0
0
0
0
0
-4.5117e-17
0
-5.31994e-17
0
0
0
0
0
0
0
0
0
0
0
0
0
0
0
0
0
0
0
0
0
0
0
0
-5.8657e-17
-5.7421e-17
0
0
0
0
0
0
0
0
0
0
0
0
0
0
0
0
0
0
0
0
0
0
0
0
0
0
0
0
0
0
0
0
0
0
0
0
0
0
0
0
0
0
0
0
-4.16181e-16
0
0
0
0
0
0
0
0
0
0
0
0
0
0
0
0
0
0
0
0
0
0
0
0
0
0
0
0
0
0
0
0
7.80214e-14
0
0
0
0
0
0
0
0
0
0
0
0
0
0
0
0
0
0
0
0
0
0
0
0
0
0
0
0
0
0
0
0
0
0
0
0
0
0
0
0
0
0
0
0
0
0
0
0
0
0
0
0
0
0
0
0
0
0
0
0
0
0
0
0
0
0
0
0
1.22304e-15
0
0
0
0
0
0
0
0
0
0
0
0
0
0
0
0
0
0
0
0
0
0
0
0
0
0
0
0
0
0
0
0
0
0
0
0
0
0
0
0
0
0
0
0
0
0
0
0
0
0
0
0
0
0
0
0
0
0
0
0
0
0
0
0
0
0
0
0
0
0
0
0
0
0
0
0
0
0
0
0
0
0
0
0
0
0
0
0
0
0
0
0
0
0
0
0
0
0
0
0
0
0
0
0
0
0
0
0
0
0
0
0
0
0
0
0
0
0
0
0
0
0
0
0
0
0
0
0
0
0
0
0
0
0
0
0
0
0
0
0
0
0
0
0
0
0
0
0
0
0
0
0
0
0
0
0
0
0
0
0
0
0
0
0
0
0
0
0
0
0
0
0
0
0
0
0
0
0
0
0
0
0
0
0
0
0
0
0
0
0
0
0
0
0
0
0
0
0
0
0
0
0
0
0
0
0
0
0
0
0
0
0
0
0
0
0
0
0
0
0
0
0
0
-7.94563e-15
0
0
0
0
0
0
0
0
0
0
0
0
0
0
0
0
0
0
0
0
0
0
0
0
0
0
0
0
0
0
0
0
0
0
0
0
0
0
0
0
0
0
0
0
0
0
0
0
0
0
0
0
0
0
0
0
0
0
0
-4.98001e-16
0
0
0
0
0
0
0
0
0
0
0
0
0
0
0
0
0
0
0
0
0
0
0
0
0
0
0
0
0
0
0
0
0
0
0
0
0
0
0
0
0
0
0
0
0
0
0
0
1.37267e-13
0
0
0
0
0
0
0
0
0
0
0
0
0
0
0
0
0
0
0
0
0
0
0
0
0
0
0
0
0
0
0
0
0
0
0
0
0
0
0
0
0
0
0
0
0
0
0
0
0
0
0
0
0
0
0
0
0
0
0
0
0
0
0
0
0
0
0
0
0
0
0
0
0
0
0
0
0
0
0
0
0
0
0
0
0
0
0
0
0
0
0
0
0
0
0
0
0
0
0
0
0
9.17246e-14
0
0
0
0
0
0
0
0
0
0
0
0
0
0
0
0
0
0
0
0
0
0
0
0
0
0
0
0
0
0
0
0
0
0
0
0
0
0
0
0
0
0
0
0
0
0
0
0
0
0
0
0
0
0
0
0
0
0
0
0
0
0
0
0
0
0
0
0
0
0
0
-1.04647e-16
0
0
0
0
0
0
0
0
0
0
-1.08461e-15
6.45588e-16
0
0
0
0
0
0
0
0
0
0
0
0
0
0
0
0
0
0
0
0
0
0
0
0
0
0
0
0
0
0
0
0
0
0
0
0
0
0
0
0
0
0
0
0
0
0
0
0
0
0
0
0
0
0
0
0
0
0
0
0
0
0
0
0
0
0
0
0
0
0
0
0
0
0
0
0
5.14185e-14
0
0
0
0
0
0
0
0
0
0
0
0
0
0
0
0
0
0
0
0
0
0
0
0
0
0
0
0
0
0
0
0
0
-6.68584e-16
0
-4.66736e-16
0
0
0
0
0
0
0
0
0
0
0
0
0
0
0
0
0
0
0
0
0
0
0
0
0
0
0
0
0
0
0
0
0
0
0
0
0
0
0
0
0
0
0
0
0
0
0
0
0
0
0
0
0
0
0
0
0
0
0
0
0
0
0
0
0
0
0
0
0
0
0
0
0
0
0
0
0
0
0
0
0
0
0
0
0
0
0
0
0
0
0
0
0
0
0
0
0
0
0
0
0
0
0
0
0
0
0
0
0
0
2.4896e-14
2.2459e-15
0
0
0
0
0
0
0
0
0
0
0
0
0
0
0
0
0
0
0
0
0
0
0
0
0
0
0
0
0
0
0
0
0
0
0
0
0
0
0
0
0
0
0
0
-4.14672e-14
0
0
0
0
0
0
0
0
0
0
0
0
0
0
0
0
0
0
0
0
0
0
0
0
0
0
0
0
-2.93186e-15
0
0
0
0
0
-5.64795e-15
0
0
0
0
0
0
0
0
0
0
0
0
0
0
0
0
0
0
0
0
0
0
0
0
0
0
0
0
0
0
0
0
0
0
0
0
0
0
0
0
0
0
0
1.86877e-15
-1.59278e-15
0
0
0
0
0
0
0
0
0
2.99883e-14
-4.07278e-14
0
0
0
0
0
0
0
0
0
0
0
8.4067e-14
-8.43035e-14
0
0
0
0
0
0
0
0
0
1.4634e-15
0
0
0
0
0
0
0
0
0
0
0
0
0
0
0
0
0
0
0
0
0
0
0
0
0
0
0
0
0
0
0
0
0
0
0
0
0
0
2.01761e-17
-1.12952e-17
4.25577e-16
-1.46528e-15
0
0
0
0
0
0
0
0
0
0
0
0
0
0
0
0
0
0
0
0
0
0
0
0
0
0
0
0
0
0
0
0
0
0
0
0
0
0
0
0
0
0
0
0
0
0
0
0
0
0
0
0
0
0
0
0
0
0
0
0
0
0
0
0
0
0
0
0
0
0
0
0
0
0
0
1.96689e-16
0
0
0
0
-1.5298e-16
0
0
0
0
0
0
0
0
0
0
0
0
0
0
0
0
0
0
0
0
0
0
0
0
0
0
0
0
0
0
0
0
0
0
0
0
0
0
0
0
0
0
0
0
0
0
0
0
0
0
0
0
0
0
0
0
0
0
0
4.43654e-14
0
7.57019e-15
0
0
0
0
0
0
0
0
0
0
0
0
0
0
0
-2.09191e-14
0
0
-2.97582e-15
0
0
0
0
0
0
0
0
0
0
0
0
0
0
0
0
0
0
0
0
0
0
-9.01453e-14
0
7.79758e-14
0
0
0
0
0
0
0
0
0
0
0
0
0
0
0
0
0
0
0
0
0
0
4.6858e-14
0
0
0
0
0
0
0
0
0
0
0
0
0
0
0
0
0
0
0
0
0
0
0
0
0
0
0
0
0
0
0
0
0
0
0
0
0
0
0
0
0
0
0
0
0
0
0
0
0
0
0
0
0
0
0
0
0
0
0
0
0
0
0
0
0
0
0
0
0
0
0
0
0
0
0
0
0
0
0
0
0
0
0
0
0
0
0
0
0
0
0
0
0
0
0
0
0
0
0
0
0
0
0
0
0
0
0
0
0
0
0
0
0
0
0
0
0
0
0
0
0
0
0
0
0
0
0
0
0
0
0
0
0
0
0
0
1.51809e-14
0
0
0
0
0
0
0
0
0
0
-1.02901e-16
6.75064e-17
0
0
0
0
0
0
0
0
0
0
0
0
0
0
0
0
0
0
0
-2.89358e-16
0
0
0
0
0
0
0
0
0
0
0
0
0
0
0
0
0
0
0
0
0
0
2.31043e-16
0
0
0
0
0
0
0
0
0
0
0
0
0
0
0
0
0
0
0
4.31549e-17
9.17305e-16
0
0
0
0
0
0
0
0
-4.86561e-17
8.09006e-17
0
0
0
-2.95923e-15
-3.97291e-14
0
0
0
0
-3.03994e-16
0
0
0
0
0
0
0
0
0
0
0
0
0
0
0
0
0
0
0
0
0
0
0
0
0
0
0
0
0
-2.1367e-14
0
0
0
0
0
0
0
0
0
0
0
0
0
0
0
0
0
0
0
-3.61984e-15
0
0
0
0
0
0
0
-1.20591e-13
0
0
0
0
0
0
0
0
0
0
5.93899e-14
0
0
0
0
0
0
0
0
0
0
0
0
0
0
0
0
0
0
0
0
0
0
0
1.11766e-13
0
0
0
0
0
-7.76232e-18
-1.73964e-16
0
0
0
0
1.39911e-15
0
0
0
0
0
0
0
0
0
0
0
0
0
0
0
0
0
0
0
0
0
0
0
0
0
-1.34696e-14
0
0
0
0
0
0
0
0
0
0
0
-6.38893e-15
0
0
0
-3.88295e-14
0
0
0
0
0
0
0
0
0
0
0
0
0
0
0
-5.35783e-14
0
0
0
0
0
0
0
0
0
0
0
0
0
0
2.13256e-14
0
0
0
0
0
0
0
0
0
7.93508e-17
9.41576e-15
3.4305e-14
0
0
0
0
0
0
0
0
0
0
0
0
0
0
0
0
0
0
0
0
0
0
0
0
0
-6.98284e-15
-2.30297e-16
0
0
0
0
0
0
0
0
0
0
1.44553e-16
0
0
0
0
0
0
0
0
0
0
0
0
0
0
0
0
0
0
0
0
0
0
0
0
0
0
5.81178e-15
-2.03064e-15
0
0
0
0
0
0
0
0
0
0
0
0
0
0
0
0
0
0
0
0
0
0
0
0
6.68683e-14
0
0
0
0
0
0
0
0
0
0
0
0
-7.2997e-16
0
0
0
0
0
0
0
0
0
0
0
0
0
0
0
0
0
0
0
0
0
0
0
0
0
0
0
0
0
-5.61947e-16
7.73472e-15
0
0
0
0
0
0
0
0
0
0
0
0
0
0
0
0
0
0
0
0
0
0
0
0
0
0
0
0
0
0
0
0
0
1.19867e-14
0
0
0
0
0
0
0
0
0
0
0
0
0
0
0
0
0
6.21273e-16
-1.25846e-16
2.88831e-14
0
0
0
0
0
0
0
0
0
0
0
0
0
0
0
0
-1.19966e-15
0
0
0
0
0
0
0
0
0
0
0
0
0
0
0
0
0
0
0
0
0
0
0
0
0
0
0
0
0
0
0
0
0
0
0
0
0
0
0
0
0
0
0
0
0
0
0
0
0
1.45725e-17
-5.22752e-17
-2.22247e-14
0
0
0
0
0
0
0
0
0
0
3.83547e-17
0
0
0
0
0
0
0
0
0
0
0
0
0
0
0
0
0
0
0
0
0
0
0
0
0
0
0
0
0
0
0
0
0
0
7.79249e-14
0
0
0
0
0
0
0
0
0
0
0
0
0
0
0
0
0
0
0
0
0
0
0
0
0
0
0
3.92597e-14
0
0
0
0
0
0
0
0
0
0
0
0
0
0
0
0
0
0
0
0
0
0
0
5.06057e-15
0
0
0
0
0
0
0
0
0
0
0
0
0
0
0
0
0
0
0
0
0
0
0
0
1.01165e-16
0
-1.0482e-16
0
0
0
0
0
0
0
0
0
0
0
0
0
0
0
0
-2.15965e-16
0
0
0
0
0
0
0
0
0
0
0
0
-4.0628e-15
0
0
0
0
0
0
0
0
0
0
0
0
0
0
0
0
0
0
0
0
0
0
0
0
0
0
0
0
0
0
0
0
0
0
0
0
0
0
-7.47994e-08
8.62894e-08
-8.62894e-08
8.5259e-08
-8.5259e-08
0
0
0
0
0
0
3.35851e-17
-2.15879e-16
0
0
0
0
0
0
0
0
0
0
0
0
0
0
0
0
0
0
0
0
7.47407e-08
-7.47407e-08
0
0
0
0
0
0
0
0
0
0
0
0
0
0
8.10611e-08
-8.10611e-08
0
0
0
0
0
0
0
0
0
0
0
0
0
-4.53036e-08
-4.53036e-08
-4.53036e-08
-4.53036e-08
-4.71737e-08
-4.34335e-08
-5.89329e-08
-3.16744e-08
-4.53036e-08
-4.53036e-08
-4.28264e-08
-4.77808e-08
-4.90981e-08
-4.15091e-08
0
0
0
0
0
0
-9.32763e-18
1.63602e-16
0
0
0
0
0
0
0
0
0
0
0
0
0
0
0
0
4.30878e-17
0
0
0
0
0
0
0
0
0
2.46009e-16
-2.75494e-16
0
0
0
0
0
0
0
0
0
0
0
0
0
0
0
0
0
0
0
0
0
-1.09187e-14
1.31367e-14
0
0
0
0
0
0
0
0
0
0
0
0
0
0
0
0
0
0
0
0
0
0
0
0
0
0
0
0
0
0
0
0
0
0
0
0
0
0
0
0
0
0
0
0
0
-1.96532e-15
5.02054e-14
4.9152e-15
0
0
0
0
0
0
0
0
0
0
0
0
0
0
0
0
0
0
0
0
0
-6.71715e-17
2.14017e-14
0
0
0
0
0
0
0
0
0
0
0
0
0
0
0
0
0
4.07927e-17
0
6.97709e-14
0
0
0
0
0
0
0
0
0
0
0
0
0
0
0
0
0
-8.06549e-16
0
0
0
0
0
0
0
0
0
0
0
0
0
0
0
0
0
0
0
0
0
0
0
0
0
0
0
0
0
0
0
0
0
0
0
0
0
0
0
0
0
0
-5.91283e-14
0
0
6.90265e-15
0
0
0
0
2.58816e-16
-1.86202e-16
0
0
0
0
8.3979e-15
-3.80891e-15
0
-5.58603e-17
0
0
0
9.09229e-14
0
0
0
0
0
0
1.29573e-14
0
0
0
0
0
0
0
0
0
0
0
-8.21153e-15
0
0
0
0
0
0
0
0
0
0
0
6.53019e-17
-1.18499e-15
-4.53036e-08
-4.53036e-08
0
0
0
0
0
0
0
0
0
0
0
0
0
0
0
0
0
0
0
0
0
0
0
0
0
0
0
0
0
0
0
-1.8898e-16
0
0
0
0
0
0
0
-3.40706e-08
-5.65366e-08
-4.56686e-08
-4.49386e-08
0
0
0
0
0
0
0
0
0
0
0
0
0
9.4676e-17
0
0
0
0
0
0
0
0
0
0
0
0
0
0
0
0
0
1.2293e-16
0
0
0
0
0
0
0
-5.13095e-08
-3.92977e-08
0
0
0
0
0
0
0
0
0
-5.05872e-08
-4.002e-08
0
0
0
0
0
0
0
0
0
0
0
0
0
0
0
0
0
0
3.21909e-14
0
0
0
-4.02365e-15
0
0
0
0
0
0
0
0
0
0
0
0
0
0
-4.53036e-08
-4.53036e-08
0
0
0
0
0
0
0
0
0
0
0
0
0
-4.54966e-08
-4.51106e-08
0
0
0
-1.20702e-15
-8.39499e-17
0
0
0
0
0
0
0
0
-8.87618e-15
0
-4.70913e-08
-4.35159e-08
0
0
0
0
0
0
0
0
0
0
0
0
0
0
0
0
0
0
0
0
0
0
0
0
0
0
0
0
0
0
0
0
0
0
0
0
0
0
0
0
0
0
0
0
0
0
0
0
0
0
0
0
0
0
0
0
0
0
0
1.17174e-14
0
0
0
0
0
0
0
0
0
0
0
0
0
0
0
0
0
0
0
0
0
0
0
-5.11059e-08
-3.95013e-08
0
0
-7.99435e-08
7.99435e-08
1.78498e-14
-3.88494e-15
0
0
0
0
0
0
0
0
0
0
0
0
0
0
0
0
-8.40433e-08
8.40433e-08
0
0
0
0
0
0
0
0
0
0
0
0
0
0
0
0
-2.44951e-14
0
0
0
0
0
1.09822e-14
0
0
0
0
0
0
0
0
0
0
0
0
0
0
0
-2.4795e-15
0
0
0
0
0
0
0
0
0
0
0
0
0
-4.22374e-08
-4.83698e-08
0
0
0
0
0
0
0
0
0
0
0
0
0
0
0
0
0
0
0
0
0
-1.35484e-14
-6.84624e-15
0
0
0
0
0
0
0
0
1.05428e-15
0
0
0
0
0
0
0
0
0
0
0
0
0
0
0
0
0
0
0
0
0
0
0
0
0
0
0
0
0
0
0
0
0
0
0
0
0
0
0
0
0
0
0
0
0
0
0
0
0
0
0
9.14594e-17
0
0
0
0
0
0
0
0
0
0
0
0
0
0
0
-8.13128e-08
8.13128e-08
7.75869e-08
-7.75869e-08
0
0
0
0
0
0
0
0
0
0
0
0
0
0
0
0
0
0
0
0
0
0
0
0
0
0
8.98145e-08
-8.98145e-08
0
0
0
0
0
0
0
-5.42855e-08
-3.63217e-08
0
-8.23721e-08
8.23721e-08
0
0
0
0
0
0
0
0
0
0
0
0
0
0
0
0
0
0
0
0
0
0
0
-2.13103e-16
0
0
0
0
0
0
0
0
0
0
0
0
0
0
0
0
0
0
0
-2.10332e-16
8.22217e-17
0
0
0
0
0
0
0
0
0
0
0
0
-2.55328e-31
0
0
0
0
1.41463e-14
0
0
0
0
0
0
0
0
0
0
0
0
0
0
0
0
0
0
0
0
4.86433e-14
0
0
0
0
0
0
0
0
0
0
0
-4.67397e-08
-4.38675e-08
0
-6.14155e-15
0
0
0
0
0
0
0
0
1.60209e-16
0
0
0
0
0
0
0
0
0
0
0
0
0
0
0
0
0
0
0
0
0
0
0
0
0
0
-5.02563e-08
-4.03509e-08
0
0
0
0
0
0
0
0
0
0
0
0
0
0
0
0
0
0
0
0
0
0
0
0
0
0
0
0
0
0
0
0
0
0
0
0
0
0
0
0
0
0
0
0
0
0
0
0
0
0
-3.86752e-17
0
0
0
0
0
0
0
0
0
0
2.35874e-15
-1.53643e-16
0
0
0
0
0
0
0
2.48398e-16
0
0
0
0
0
0
0
0
0
0
0
0
-7.36699e-17
0
0
0
0
0
0
0
0
0
0
0
-5.80752e-17
-3.06735e-16
0
0
0
0
0
0
0
0
0
0
0
0
6.66296e-16
0
0
0
0
0
0
0
0
0
0
0
0
0
0
0
0
0
0
0
0
0
-1.99104e-15
0
0
0
0
0
0
0
0
0
0
0
0
0
-1.8012e-16
-1.14989e-16
-1.37001e-17
1.166e-16
1.52451e-15
0
0
0
0
0
0
0
0
0
0
0
0
0
0
0
0
0
0
0
0
0
0
0
0
0
0
0
0
0
0
0
0
0
0
0
0
0
0
0
0
0
0
0
0
0
0
0
0
1.94962e-15
-1.01577e-16
-1.92327e-15
-7.84682e-08
7.84682e-08
0
0
0
0
0
0
0
0
0
0
0
0
0
0
0
0
0
0
0
0
0
0
0
0
-4.82107e-15
-1.64686e-29
0
0
0
0
0
0
0
0
0
0
0
2.04608e-17
2.23264e-17
0
0
0
-1.37314e-15
-7.51699e-16
0
0
0
0
0
0
0
0
0
0
0
0
0
0
0
0
0
0
0
0
2.72771e-17
-2.79858e-17
0
0
0
0
0
0
0
0
-2.22483e-16
-7.63296e-15
9.43359e-16
0
0
0
0
1.77496e-17
0
0
0
0
0
0
0
0
0
0
0
0
0
0
0
0
0
0
0
0
0
0
0
0
0
0
0
0
0
0
0
7.9359e-08
-7.9359e-08
0
-9.36739e-17
8.47067e-17
-2.36186e-17
0
0
0
-2.64766e-15
0
0
0
0
0
0
0
0
0
0
0
0
0
0
0
0
0
0
0
0
1.6794e-16
0
0
0
0
0
0
0
0
0
0
0
0
0
0
0
0
0
0
0
0
0
0
0
0
0
0
0
0
0
0
0
0
0
6.49006e-15
8.27257e-16
0
0
0
0
0
0
0
0
0
0
0
0
0
0
0
0
0
0
0
0
0
0
0
0
0
0
0
0
0
0
0
0
0
0
0
0
0
0
0
0
0
0
0
0
2.61755e-14
3.47702e-14
0
0
0
0
0
0
0
0
-7.91861e-08
7.91861e-08
0
0
0
0
0
0
0
0
0
0
0
0
0
0
0
0
0
0
0
0
0
9.34634e-14
-3.19263e-14
0
0
0
0
5.54377e-17
-5.70279e-17
0
0
0
0
0
0
0
0
0
0
7.63704e-08
-7.63704e-08
7.22619e-15
0
0
0
0
0
0
0
0
0
0
0
0
0
0
0
0
0
0
0
0
0
0
0
2.73924e-16
0
0
0
0
0
0
0
0
0
0
0
0
0
0
0
4.97704e-15
1.08454e-17
9.52175e-17
0
0
0
0
0
0
0
0
0
0
0
0
0
0
0
-6.47715e-17
0
0
0
0
0
0
0
0
0
0
0
0
0
0
0
0
0
0
0
0
0
0
0
0
0
0
0
0
0
0
0
0
0
0
0
0
0
0
2.36297e-17
0
0
0
0
0
0
0
0
0
0
0
0
0
0
0
0
0
0
0
0
0
0
0
0
0
0
0
0
0
0
0
0
-2.65583e-16
0
0
0
0
0
0
0
0
0
0
0
0
1.14989e-16
0
0
0
4.29488e-14
0
0
0
0
0
0
0
0
0
0
3.53038e-15
3.63054e-15
0
0
0
0
0
0
0
0
2.5433e-31
0
0
0
0
-1.59084e-15
0
0
0
0
0
0
0
0
-8.757e-17
2.67155e-15
-8.93651e-18
0
4.27997e-16
0
0
0
0
0
0
0
0
0
0
0
0
0
0
0
0
0
0
0
0
0
0
0
0
0
0
0
0
0
0
0
0
0
0
0
0
0
0
0
0
1.50795e-14
0
0
0
0
0
0
0
0
0
0
0
0
0
0
0
1.39054e-14
6.36999e-14
0
0
0
0
0
0
0
6.00249e-17
0
0
0
0
0
0
0
0
0
0
0
0
0
0
0
0
0
0
-5.16551e-15
0
-3.94181e-16
0
0
0
0
0
0
0
0
0
0
0
0
0
0
0
0
0
0
2.0134e-18
0
0
0
-2.50673e-15
0
0
0
0
0
0
0
0
0
0
0
0
-3.96728e-17
0
0
0
0
0
0
0
0
7.37865e-19
0
0
0
0
0
0
0
0
0
0
0
0
0
0
0
0
0
0
0
0
0
0
0
0
0
0
0
-5.64108e-17
0
0
0
4.52072e-16
-2.37421e-17
0
0
0
0
0
0
0
0
0
0
0
0
0
0
0
0
0
0
0
0
0
0
0
-2.50404e-18
0
0
0
0
0
0
0
0
0
0
0
0
0
0
0
0
0
1.30838e-16
-5.19738e-17
0
0
0
0
0
0
0
0
0
-2.69484e-15
0
0
0
0
0
0
0
0
0
0
0
0
0
0
0
0
-3.74622e-17
1.6389e-15
0
0
0
0
0
0
0
9.19956e-15
5.07782e-14
0
0
0
0
0
0
0
0
0
0
1.57237e-15
0
0
-9.36606e-15
0
0
0
0
0
0
0
0
0
0
-1.37709e-17
0
0
0
0
0
0
0
0
0
0
0
0
0
0
0
0
0
0
0
0
0
0
0
0
0
0
0
0
0
0
0
0
0
0
0
0
0
0
0
0
7.71278e-15
0
0
0
0
3.79966e-14
0
0
0
0
0
0
0
0
0
0
0
1.18417e-16
0
0
0
0
0
0
2.67155e-17
1.27371e-17
0
0
0
0
0
0
0
0
0
0
0
0
0
0
0
0
0
0
0
0
0
-4.53036e-08
-4.53036e-08
0
0
0
0
0
0
1.99667e-15
0
0
0
0
1.28073e-15
0
0
8.07796e-08
-8.07796e-08
0
0
0
0
0
0
0
0
0
0
0
0
0
0
0
0
0
0
0
0
0
0
0
0
0
0
0
0
0
0
0
0
0
0
-1.23904e-16
0
7.33472e-14
0
0
0
0
0
0
0
0
0
0
0
0
0
0
0
0
0
0
0
0
0
0
0
0
0
0
0
0
0
0
0
0
9.70265e-16
6.28161e-16
0
0
0
0
0
0
0
0
0
0
0
0
1.19766e-15
8.87007e-17
0
0
0
0
0
0
0
0
0
0
0
0
-1.46563e-14
0
0
0
0
0
0
0
0
1.93815e-15
0
0
0
0
0
0
0
0
0
0
0
0
0
0
1.55633e-17
0
0
0
0
0
0
0
0
-1.10811e-14
-2.74753e-14
0
0
0
1.97255e-17
0
0
0
0
-6.9995e-15
0
0
0
0
0
-8.43056e-18
-3.56192e-17
0
0
0
0
0
0
0
0
0
0
0
0
0
0
0
1.78674e-15
0
0
0
0
0
0
-9.41823e-16
1.95815e-15
0
0
0
0
0
0
-1.867e-15
-1.61506e-15
0
0
0
0
0
-1.62919e-15
1.5972e-15
1.16722e-16
0
0
0
0
0
0
0
0
0
0
0
0
0
4.47822e-17
0
-2.35464e-16
0
0
0
0
0
0
0
0
0
0
0
0
-5.78229e-17
0
0
0
0
1.1098e-17
-2.03586e-17
0
0
0
0
0
0
0
0
0
0
0
3.90472e-17
4.1657e-17
0
0
0
0
0
0
0
0
0
0
0
-1.02877e-15
0
0
0
0
0
0
-2.05531e-15
0
0
0
0
0
0
0
0
0
0
0
0
0
0
0
0
0
0
0
0
0
0
0
9.44644e-16
0
0
0
0
-4.39446e-08
-4.66626e-08
0
-5.26975e-15
-3.34705e-16
1.58263e-15
-7.78969e-17
0
1.16202e-15
0
0
-7.68163e-14
0
0
-4.53036e-08
5.73188e-17
4.14629e-17
0
0
0
0
0
0
0
0
0
0
0
-3.13244e-15
0
0
0
0
0
-3.50904e-17
-1.0523e-16
0
0
-1.41732e-15
0
0
0
0
0
0
0
0
-1.57134e-17
-8.59312e-17
0
0
0
0
0
0
0
0
0
0
0
0
0
0
-2.2945e-16
0
0
0
0
0
0
0
0
0
0
0
0
0
0
0
8.48224e-16
0
0
0
0
5.75459e-16
0
0
0
0
0
0
0
0
0
0
0
0
-1.5006e-16
0
0
0
1.73294e-16
0
0
0
0
0
0
0
0
0
0
5.66323e-17
0
0
0
-2.76498e-14
0
0
0
0
0
0
-5.85966e-16
0
4.17197e-17
0
0
0
0
0
0
0
0
0
0
0
0
-3.15359e-17
0
0
0
0
0
0
0
0
0
0
0
0
0
0
3.96781e-17
0
0
2.25232e-16
0
0
0
0
0
0
0
9.79932e-16
8.60728e-16
0
0
0
0
0
0
0
0
0
0
0
1.90041e-15
0
0
0
0
0
0
0
0
0
0
0
0
0
0
0
-1.69822e-16
0
0
-3.33465e-17
0
0
0
0
0
0
0
0
-9.05991e-16
0
0
0
0
0
0
0
0
0
0
0
0
0
-1.13148e-16
-3.62767e-16
0
0
0
0
0
0
0
0
0
0
0
0
0
2.68511e-15
0
0
0
0
0
0
0
0
0
0
0
0
5.09951e-08
3.59381e-16
-1.59205e-16
0
0
0
0
0
4.76791e-14
0
0
0
0
0
0
0
0
0
0
0
0
0
0
0
0
0
0
0
0
0
0
0
0
0
0
0
0
0
0
0
0
0
0
0
0
0
0
0
0
0
7.35596e-17
0
7.03755e-15
-1.38878e-16
0
0
0
0
0
0
0
-1.05459e-15
-8.22924e-17
0
0
0
0
0
0
0
0
0
0
0
0
0
0
0
0
0
0
0
0
0
0
0
0
0
0
0
0
0
0
0
0
0
0
0
0
0
0
0
0
0
0
0
-3.96121e-08
0
0
0
0
0
0
0
0
0
0
0
0
0
0
0
0
0
0
0
0
0
0
-5.56883e-17
0
-1.40285e-16
1.36384e-16
0
0
0
0
-9.44829e-16
0
0
0
0
0
0
0
0
0
0
0
0
0
0
0
0
0
0
0
0
0
0
0
0
0
0
0
0
0
0
0
0
0
0
0
0
0
0
0
0
0
0
0
0
0
0
0
0
-5.39864e-17
8.17388e-16
0
5.6152e-17
0
1.53197e-29
-2.10254e-16
0
0
0
0
0
0
0
0
0
-4.00888e-17
0
0
0
0
0
-3.67209e-16
0
0
0
0
0
0
0
0
0
0
5.40532e-17
0
0
0
0
0
0
0
0
0
-2.45849e-15
-1.84797e-17
0
0
0
0
0
-3.99964e-17
1.85844e-17
0
0
0
0
0
0
0
0
0
0
0
0
0
0
0
0
0
0
0
0
0
0
0
0
0
0
0
-1.17374e-15
0
0
0
-3.7846e-14
0
0
0
0
0
0
0
0
0
0
0
0
0
0
0
-6.16816e-14
0
0
0
0
-2.87473e-16
1.39937e-16
0
0
0
0
0
0
0
0
-4.82916e-16
2.13348e-15
0
0
0
0
0
0
7.7905e-18
0
0
0
0
0
0
0
0
0
0
-7.79982e-17
0
0
0
0
0
0
0
0
0
3.12606e-14
0
0
0
0
0
0
0
0
0
0
0
-5.85988e-15
0
0
0
0
0
0
0
0
0
0
0
-2.55328e-31
0
0
0
0
-1.70534e-16
3.21436e-17
0
0
0
5.92951e-14
-2.07019e-15
0
0
0
-6.93381e-16
0
0
0
0
0
0
0
0
0
0
0
0
0
3.66753e-16
0
0
0
0
0
0
0
0
0
0
0
0
0
0
0
0
0
0
1.29969e-14
0
0
0
0
0
0
0
0
0
0
0
0
0
0
0
0
2.28321e-17
0
0
0
0
0
0
0
0
0
0
0
0
0
-4.75124e-15
0
0
-3.6091e-17
0
0
0
0
0
0
0
0
0
0
0
0
0
0
0
0
0
0
0
0
0
0
0
0
0
0
0
0
0
0
0
0
0
0
0
-1.33646e-16
7.09393e-17
0
0
5.82028e-16
0
0
0
0
0
0
0
0
0
0
0
0
0
0
0
0
0
0
0
-2.204e-17
0
0
0
0
0
0
0
0
-5.23192e-17
0
0
0
0
0
0
0
0
0
0
0
0
0
0
0
0
0
0
0
0
0
0
0
0
0
0
0
0
0
0
0
0
0
0
0
2.46853e-17
0
0
0
0
0
0
0
0
0
0
0
0
-5.44315e-15
6.12245e-15
0
0
0
0
0
0
0
0
0
0
0
0
0
0
0
0
0
0
0
0
0
0
0
-8.3421e-18
0
0
0
0
-1.6612e-15
0
0
0
0
0
0
0
0
0
0
0
0
0
0
0
0
0
0
0
0
0
0
3.1489e-16
0
0
0
0
0
0
0
0
0
0
0
0
0
0
0
0
0
0
0
0
-9.59485e-17
0
0
0
0
0
0
-4.20274e-14
0
0
0
3.40629e-14
0
0
0
0
0
0
0
0
0
0
0
0
0
0
0
0
0
0
0
0
0
0
0
0
0
0
0
0
0
0
0
0
0
0
0
0
0
0
0
0
0
0
2.72434e-18
0
1.92306e-16
0
0
0
0
0
0
0
0
0
0
0
0
0
0
0
0
0
0
0
0
0
0
0
0
0
0
0
0
0
0
0
0
-1.09093e-14
0
0
0
0
0
0
0
0
0
0
0
0
0
0
0
4.14321e-17
0
6.97399e-14
0
0
0
0
0
1.95606e-17
0
0
0
0
0
0
0
0
0
0
0
0
0
0
0
0
-2.78711e-15
0
0
0
0
0
0
0
0
0
0
0
0
0
0
0
0
0
0
0
0
0
0
0
0
0
0
0
0
0
0
0
0
0
0
0
0
0
0
0
0
0
0
0
0
-8.66373e-17
-2.23644e-16
0
0
0
0
0
0
0
0
0
0
0
0
0
0
0
0
0
0
0
0
0
1.03938e-14
3.90093e-16
0
0
0
0
0
0
0
0
0
0
0
0
0
0
0
0
0
0
0
0
0
0
0
0
0
0
0
0
0
0
0
0
0
0
0
6.841e-14
2.95681e-14
0
0
0
0
0
7.45484e-15
0
0
0
0
-7.55702e-15
0
0
0
0
0
0
0
0
0
0
0
0
0
0
0
0
0
0
0
0
0
0
0
0
0
0
0
0
0
0
0
0
0
0
0
0
0
0
0
0
0
0
0
0
0
0
0
0
0
0
0
-3.0512e-14
0
0
0
0
0
0
-8.77887e-16
4.7097e-14
0
5.59033e-14
0
0
0
0
0
0
0
1.06914e-16
0
-1.11742e-15
-4.11054e-17
0
0
0
0
1.46725e-14
0
0
0
0
3.25749e-15
0
0
0
0
0
0
1.6341e-29
0
0
0
0
0
0
0
0
0
0
0
0
0
0
0
0
0
0
4.13753e-08
0
0
0
4.11549e-16
-7.78964e-15
0
0
0
0
0
0
-9.33362e-18
-2.44933e-17
1.40173e-17
0
0
0
0
0
0
0
0
0
0
0
0
0
0
0
0
0
0
0
0
-1.29617e-15
0
0
0
0
0
0
0
0
0
0
0
0
0
0
0
0
0
0
0
0
0
0
0
0
0
0
0
0
0
-4.55205e-15
-1.92263e-15
0
0
0
0
0
0
0
0
0
0
0
0
0
0
0
0
0
0
1.03418e-15
0
0
0
0
0
0
0
0
0
0
0
0
1.18249e-17
0
0
0
5.07866e-15
0
0
0
0
0
0
0
0
0
0
0
0
0
0
2.89747e-17
0
0
0
0
0
0
0
3.01469e-14
0
0
0
-5.41911e-17
-7.64522e-16
0
0
0
0
0
0
0
0
4.9232e-08
0
0
0
0
0
-1.03559e-16
-2.57322e-31
-5.59695e-15
0
0
0
0
0
0
0
0
0
0
0
0
0
0
4.76608e-14
0
0
0
0
0
0
0
2.99208e-14
0
0
-8.18644e-30
0
0
0
0
0
0
0
0
0
0
0
0
0
0
0
0
0
0
0
0
0
0
0
5.00094e-16
-7.40681e-15
1.32244e-15
0
0
4.64451e-08
0
0
0
0
0
0
0
0
0
0
0
0
0
0
0
0
0
0
0
0
0
0
0
0
5.73917e-08
0
0
0
3.0779e-17
0
0
0
0
0
8.93076e-17
0
0
0
0
0
0
0
0
0
0
0
0
0
0
0
0
0
0
0
0
0
0
0
0
0
0
0
0
0
0
-4.48718e-15
-1.28272e-16
-6.93241e-14
0
0
0
2.37938e-16
-3.50697e-17
0
0
0
0
8.88594e-17
6.24979e-16
0
0
0
0
0
0
0
-5.98326e-08
0
0
-7.93474e-15
-5.84876e-08
0
0
0
1.54262e-15
0
0
0
0
1.81123e-15
0
0
0
0
0
0
0
0
0
0
0
0
0
-9.06877e-17
0
0
0
0
9.22947e-17
0
0
0
0
0
0
0
0
0
0
3.72662e-14
0
0
0
0
0
0
-8.33161e-17
0
0
9.43203e-14
0
0
0
0
0
0
0
0
0
0
0
0
5.98326e-08
0
0
0
0
0
0
0
0
0
8.19331e-14
-3.39125e-14
0
0
0
0
0
0
0
0
-2.04651e-15
0
0
0
0
0
0
-4.26407e-17
0
0
0
0
0
0
0
0
0
0
0
0
0
0
0
-1.6241e-17
0
0
0
0
0
0
0
0
0
0
0
2.10794e-17
0
0
0
0
0
0
0
0
0
0
-7.15841e-16
0
0
0
0
0
5.84876e-08
0
0
0
0
0
0
0
0
0
8.03753e-17
0
0
0
0
0
0
0
0
0
0
0
8.099e-15
0
0
0
0
1.57869e-16
0
0
0
0
-1.37884e-16
0
0
0
0
0
0
0
0
0
0
0
0
0
0
0
0
0
0
0
0
0
0
-3.97613e-18
0
0
0
9.58533e-16
0
0
0
0
0
0
0
-1.35087e-16
0
0
0
0
0
0
0
0
0
0
0
0
0
0
0
0
0
0
0
0
0
0
0
0
0
0
0
0
0
0
0
0
0
0
0
0
0
0
0
0
0
0
0
0
0
0
0
0
6.32958e-14
0
0
0
0
0
0
0
0
0
0
0
0
0
0
0
0
0
0
0
-3.52336e-15
0
0
0
0
0
0
0
0
0
0
0
0
0
0
0
0
0
0
0
0
0
0
0
0
0
0
0
0
0
0
0
0
0
0
0
0
0
0
0
0
0
0
0
0
0
0
0
0
0
0
0
0
0
0
0
0
0
0
0
0
1.04365e-16
-5.87874e-15
0
4.09423e-16
0
0
0
0
0
0
0
0
0
0
0
0
0
1.61422e-14
0
0
0
0
0
0
0
0
-2.04104e-16
0
0
0
0
0
0
0
0
0
0
0
0
0
0
0
0
0
0
-1.93424e-14
-9.89464e-15
0
0
0
0
0
0
0
0
0
0
0
0
0
0
0
0
0
0
0
0
3.64555e-15
-2.97051e-16
0
0
3.0035e-17
0
0
0
0
0
0
0
0
0
0
0
0
0
0
0
0
0
0
0
0
0
0
0
0
0
1.22445e-16
0
0
0
0
0
0
0
1.57573e-16
0
0
0
0
0
0
0
0
0
3.22326e-15
-1.14677e-16
0
0
0
0
0
0
0
0
0
-1.93979e-14
-2.49502e-14
7.3761e-14
0
0
0
0
0
0
0
0
0
7.62672e-15
0
0
0
0
0
0
0
0
2.19422e-16
-1.03233e-16
2.30865e-16
0
0
0
0
0
0
0
0
0
0
0
0
0
0
0
0
0
0
0
0
0
0
0
0
0
0
0
0
0
0
0
0
0
0
0
0
0
0
0
1.80905e-16
-3.68233e-16
0
0
0
-9.76588e-16
0
0
0
0
0
0
0
0
0
0
0
0
0
0
-5.91448e-14
-2.23635e-14
0
0
0
0
0
2.93328e-14
3.72822e-17
0
0
0
0
0
0
0
0
1.27291e-15
0
0
0
0
0
0
0
0
0
0
0
0
0
0
0
0
0
0
0
0
0
0
0
0
0
0
0
0
0
0
0
0
0
0
0
0
0
0
0
0
0
0
0
0
0
0
0
0
0
0
-3.98816e-14
0
0
0
0
0
0
0
0
0
0
0
0
-4.5281e-14
0
0
0
0
0
0
0
0
0
0
0
0
0
0
0
0
-3.32155e-08
0
0
4.3408e-16
0
0
0
0
0
2.92264e-15
0
0
0
0
0
0
0
0
0
0
0
0
0
0
0
0
0
0
0
-8.28693e-15
0
0
0
-1.64118e-15
-4.95854e-14
0
0
0
0
0
0
0
0
0
0
0
0
-2.86535e-17
0
0
0
0
0
0
0
0
0
0
0
0
0
0
0
0
0
0
0
0
0
0
0
0
0
0
0
0
0
-5.87792e-14
0
0
0
0
0
0
0
0
0
0
0
0
0
0
0
0
0
0
0
0
0
0
-4.23228e-15
0
0
0
0
1.63907e-15
0
0
0
0
0
0
0
0
0
0
0
0
0
0
0
6.53166e-14
0
0
0
0
0
0
-4.41621e-08
0
0
0
0
0
0
0
0
0
0
0
0
0
0
0
0
-9.33424e-15
0
0
0
1.16228e-15
-2.3215e-15
0
0
0
0
0
0
0
0
0
-3.51142e-14
2.15665e-14
0
0
0
0
0
0
0
0
0
0
0
0
0
0
0
-6.3771e-18
0
0
0
0
0
1.06898e-14
0
0
0
0
0
0
0
0
0
0
0
-3.16664e-14
-6.54915e-29
0
0
0
0
0
0
0
0
0
0
0
0
0
0
0
0
0
0
0
0
0
0
0
0
-2.1044e-17
0
0
0
0
0
0
0
0
0
0
0
0
0
0
0
0
0
0
0
0
0
0
0
0
0
0
0
0
0
0
0
0
0
0
-6.39674e-15
0
0
0
0
0
0
0
0
0
0
0
0
0
0
0
0
0
0
0
0
0
0
0
0
0
0
0
0
1.07707e-13
0
0
0
0
0
0
0
0
0
0
0
0
0
0
0
0
0
0
0
0
0
-7.65983e-31
0
0
0
0
0
0
0
0
0
0
0
0
0
0
0
0
0
3.15756e-17
0
0
6.58011e-15
0
-1.97932e-16
0
0
0
0
0
0
0
0
0
0
0
0
0
0
0
0
0
0
0
0
0
0
0
0
0
0
0
0
0
0
0
0
0
0
0
0
0
0
0
0
0
0
0
0
0
0
0
1.32476e-15
0
0
0
0
0
0
0
0
0
0
0
0
0
0
0
0
0
0
0
0
0
0
0
0
0
0
0
0
0
0
0
0
0
-5.75254e-14
0
0
0
0
0
0
0
0
0
0
0
0
0
0
0
0
0
-2.90925e-15
0
0
0
0
0
0
0
0
0
0
0
0
0
0
3.02443e-15
0
0
0
0
0
0
0
0
0
7.6195e-16
0
5.74947e-17
0
5.11653e-31
-1.38961e-14
0
0
0
0
0
0
0
0
0
0
0
0
0
0
0
0
0
0
0
0
0
0
0
0
0
0
0
0
0
0
0
0
0
0
0
0
0
0
0
0
)
;

boundaryField
{
    frontback
    {
        type            empty;
        value           nonuniform List<scalar> 0();
    }
    topbottom
    {
        type            calculated;
        value           uniform 0;
    }
    outlet
    {
        type            calculated;
        value           uniform 0;
    }
    inlet
    {
        type            calculated;
        value           nonuniform List<scalar> 0();
    }
    walls
    {
        type            calculated;
        value           nonuniform List<scalar> 
45
(
0
0
0
0
0
1.81214e-07
1.81214e-07
1.81214e-07
1.81214e-07
1.81214e-07
1.81214e-07
1.81214e-07
1.81214e-07
1.81214e-07
1.81214e-07
1.81214e-07
1.81214e-07
1.81214e-07
1.81214e-07
1.81214e-07
1.81214e-07
-9.19915e-16
0
1.81214e-07
0
0
0
1.81214e-07
0
1.81214e-07
1.81214e-07
0
0
0
0
1.81214e-07
0
1.81214e-07
1.81214e-07
1.81214e-07
1.81214e-07
1.81214e-07
1.81214e-07
0
0
)
;
    }
    procBoundary3to1
    {
        type            processor;
        value           nonuniform List<scalar> 
205
(
1.12808e-07
0
0
0
0
0
5.08661e-31
-1.304e-16
0
0
0
0
0
0
0
0
0
0
0
0
0
0
0
-1.94596e-16
5.93344e-15
4.65439e-16
3.20532e-14
7.84683e-17
0
0
0
0
0
2.29742e-15
2.64594e-15
0
0
0
0
0
-5.30491e-15
7.37937e-17
2.38186e-14
0
0
0
0
9.85303e-16
4.24536e-17
-5.93963e-16
0
0
0
0
0
0
0
0
0
0
-9.1189e-15
0
0
0
0
-2.72978e-16
1.22081e-15
0
0
0
0
-1.20439e-14
0
0
0
0
-2.20509e-15
0
0
0
0
0
-1.14592e-15
0
0
0
0
0
0
0
0
0
0
0
0
0
0
0
0
0
0
0
0
0
0
0
0
0
0
0
0
0
0
0
0
0
0
0
0
0
0
-5.76645e-16
0
0
0
0
0
0
0
0
0
0
0
0
0
5.57435e-16
0
0
0
0
0
0
0
0
0
0
0
0
0
0
0
0
0
0
0
0
0
0
0
0
0
0
0
0
0
0
0
-1.91971e-16
0
2.54495e-15
7.58495e-15
0
-1.44944e-15
0
0
1.55955e-14
2.47162e-16
0
0
7.1053e-15
0
0
0
0
0
0
0
0
0
0
0
0
0
0
0
0
0
-6.62876e-16
0
0
0
0
0
0
0
)
;
    }
    procBoundary3to2
    {
        type            processor;
        value           nonuniform List<scalar> 
99
(
0
0
-2.48854e-16
0
0
0
0
0
0
0
0
0
-5.60316e-15
0
0
0
0
0
0
0
0
0
0
0
0
0
0
-3.9966e-15
0
-1.01333e-30
2.61596e-15
0
0
-1.28062e-15
0
0
0
0
0
0
0
0
0
0
2.64904e-14
0
0
0
0
-2.27077e-14
0
0
0
0
0
0
0
0
0
0
0
4.77364e-14
0
0
0
0
0
-7.48731e-14
0
4.94895e-08
0
0
0
0
0
0
0
0
0
0
0
0
0
0
0
0
0
0
0
0
0
0
0
9.77595e-14
5.64268e-14
0
0
0
0
)
;
    }
}


// ************************************************************************* //
