/*--------------------------------*- C++ -*----------------------------------*\
| =========                 |                                                 |
| \\      /  F ield         | OpenFOAM: The Open Source CFD Toolbox           |
|  \\    /   O peration     | Version:  v2012                                 |
|   \\  /    A nd           | Website:  www.openfoam.com                      |
|    \\/     M anipulation  |                                                 |
\*---------------------------------------------------------------------------*/
FoamFile
{
    version     2.0;
    format      ascii;
    class       surfaceScalarField;
    location    "400";
    object      meshPhi;
}
// * * * * * * * * * * * * * * * * * * * * * * * * * * * * * * * * * * * * * //

dimensions      [0 3 -1 0 0 0 0];
oriented        oriented;


internalField   nonuniform List<scalar> 
20673
(
0
0
0
0
0
0
0
0
0
0
0
0
0
0
0
0
0
0
0
0
0
0
0
0
0
0
0
0
0
0
0
0
0
0
0
0
0
-9.84488e-08
0
-5.74103e-08
0
0
0
0
0
0
0
0
0
0
0
0
0
0
0
0
0
0
0
0
0
0
0
0
0
0
0
0
0
0
0
0
0
0
0
0
0
0
0
0
0
0
0
0
0
0
0
0
0
0
0
0
0
0
-6.6809e-17
1.10385e-16
-2.50984e-16
0
0
0
0
0
0
0
0
0
0
0
0
0
0
0
0
0
6.53323e-14
-4.4346e-14
0
0
0
-8.12419e-14
0
1.17167e-13
0
0
0
0
0
0
0
0
0
0
0
0
0
0
1.95805e-16
3.82302e-16
-1.18412e-15
-3.61007e-14
-3.44803e-14
0
0
0
0
0
0
0
3.55861e-17
-2.95191e-18
-2.08067e-16
2.62406e-15
0
0
0
0
0
0
0
0
0
0
0
0
0
0
0
0
0
0
0
0
3.80481e-08
0
0
0
0
0
0
0
1.65146e-17
-1.17821e-14
9.16512e-15
-5.40094e-18
0
0
0
0
0
0
0
0
0
0
0
0
0
0
0
8.97822e-17
0
-1.73614e-16
0
0
0
0
0
0
0
0
0
0
0
0
0
0
0
0
0
0
-5.88282e-16
0
0
0
0
0
0
0
0
0
0
0
0
0
0
0
0
0
-3.51418e-15
0
0
0
0
0
0
0
0
0
0
0
0
0
0
0
2.41605e-17
0
-1.04125e-17
0
0
0
0
0
0
0
0
0
0
-5.74918e-17
3.7361e-16
0
0
0
-5.39155e-15
1.83773e-16
2.88973e-15
0
0
0
0
0
0
0
0
0
0
0
0
0
0
0
0
0
0
0
0
0
-2.92389e-16
0
-2.0391e-16
0
0
0
0
0
0
0
-2.06708e-16
5.41614e-15
0
-2.61603e-17
1.68488e-17
8.53555e-18
0
0
0
0
0
0
6.31352e-16
-6.82668e-17
0
0
0
0
0
0
0
0
0
0
0
0
0
0
0
0
0
0
0
0
0
0
0
3.62262e-14
0
-4.55989e-14
1.19656e-15
0
0
0
0
7.96524e-15
0
0
0
0
0
0
0
0
0
0
0
0
0
-2.66643e-16
-1.62651e-14
2.3579e-15
7.25369e-15
0
0
0
0
0
0
0
0
0
0
0
0
2.5827e-31
4.96563e-14
0
0
0
0
0
0
0
0
0
0
0
0
0
0
0
0
0
-8.22059e-16
6.12007e-16
0
0
0
0
0
0
0
0
0
0
0
0
0
0
0
0
0
-3.70126e-16
4.39955e-17
0
0
0
0
0
2.81307e-17
-2.05447e-17
-6.47932e-18
-3.72594e-14
0
-2.64649e-15
0
0
0
0
0
0
0
0
0
0
0
0
0
0
3.22352e-17
2.22192e-15
0
0
0
-2.78038e-17
-1.13946e-16
-1.72284e-16
0
0
0
0
0
0
0
0
0
0
0
0
0
0
6.05048e-16
-6.76562e-16
0
0
2.56946e-14
6.32603e-15
0
0
0
0
0
0
0
0
0
0
0
0
0
0
0
0
0
0
0
0
0
0
0
0
0
0
0
0
0
0
0
0
0
0
0
0
-1.54478e-16
7.01256e-16
-4.9075e-19
0
0
7.58703e-15
3.86541e-14
0
0
0
0
0
-6.18938e-16
9.52501e-17
0
0
0
0
0
-2.99421e-14
0
0
0
0
0
0
0
0
0
0
0
0
0
0
0
0
0
0
0
0
0
0
0
0
-2.33425e-16
0
6.76678e-17
0
0
0
0
0
0
0
0
0
0
0
0
0
0
0
0
0
0
0
1.10506e-14
0
0
0
0
0
0
0
0
0
0
0
0
0
0
-6.16348e-16
8.72202e-16
0
0
0
0
0
0
0
0
0
0
0
0
0
0
-1.26132e-31
0
0
0
0
0
0
0
4.28612e-16
5.76088e-17
0
-4.05436e-14
0
0
0
0
-5.13602e-16
0
0
0
0
0
0
0
0
0
0
0
0
0
-2.38976e-15
0
0
0
0
0
0
0
0
0
0
1.41645e-16
-1.15348e-16
0
0
0
0
0
0
0
0
0
0
0
0
0
0
0
0
0
0
0
0
0
0
0
0
0
0
0
0
7.87163e-17
1.61341e-16
0
0
0
0
0
0
0
0
0
0
0
9.18397e-17
0
-1.30489e-16
0
0
0
0
0
0
0
0
0
0
0
0
0
0
0
0
0
0
0
0
0
0
0
0
0
-9.53513e-14
0
9.48192e-30
0
0
0
0
0
0
0
0
0
0
0
0
0
0
0
0
0
1.61703e-17
-2.63017e-15
0
0
0
0
0
0
0
0
0
0
0
0
0
0
0
0
0
0
0
0
7.36507e-14
-3.64924e-15
-7.09123e-16
0
0
0
0
0
0
0
0
0
0
0
0
0
0
0
0
0
0
0
0
1.2847e-15
0
-3.34453e-17
0
0
0
0
0
0
0
0
0
0
0
0
0
0
0
0
0
-2.51474e-14
3.57585e-14
0
0
0
0
0
0
0
0
0
0
0
0
0
0
0
0
0
0
0
0
0
0
0
0
0
0
0
0
9.53654e-18
-5.81818e-17
0
0
0
0
0
0
0
0
0
0
0
0
0
0
1.5963e-15
-8.87011e-17
0
5.77222e-18
0
0
0
-2.87801e-16
-1.15413e-16
0
0
0
0
0
0
0
5.54344e-16
0
0
0
0
0
0
0
0
0
0
0
0
0
-1.93918e-16
0
0
0
0
0
0
0
0
0
0
0
0
0
0
0
0
-4.56416e-16
-9.16499e-16
0
0
0
5.0671e-17
-4.18746e-16
0
0
0
0
0
1.31283e-14
0
-1.68932e-14
-1.69427e-17
8.77236e-14
0
0
0
0
0
0
0
0
0
0
-1.39187e-16
-3.33055e-16
0
0
0
0
0
5.40124e-16
-8.98038e-16
-4.55923e-16
0
0
0
0
0
0
0
0
0
0
0
0
0
0
0
0
0
0
0
0
0
0
0
0
0
0
0
0
0
0
0
0
0
0
0
0
-2.1438e-15
-1.26001e-07
9.01818e-08
0
0
-2.26254e-16
-2.60272e-31
0
0
0
0
0
0
6.51716e-17
0
1.06211e-16
-2.09735e-16
0
0
0
0
0
0
0
0
0
0
0
0
0
0
0
0
0
0
0
0
0
0
0
0
0
0
0
3.00799e-16
-1.90506e-17
0
0
0
1.95686e-16
-2.24867e-15
-1.05556e-15
0
0
0
0
2.22081e-15
0
0
0
0
0
0
0
0
0
0
0
0
0
0
0
0
0
0
0
0
0
0
-2.65955e-16
0
0
0
0
0
0
0
0
0
0
0
0
-1.17894e-16
0
-6.72369e-18
0
0
0
0
0
0
0
0
0
0
0
0
0
0
0
4.49012e-16
-7.17279e-17
0
0
0
0
0
0
0
0
0
0
0
0
0
0
0
0
0
0
0
0
0
0
0
0
0
0
0
0
0
0
0
0
0
0
0
0
0
0
0
0
0
0
0
-4.29366e-14
3.53232e-14
0
-1.07103e-15
0
-3.36772e-16
0
0
0
0
0
0
0
0
0
0
0
0
0
0
0
0
0
0
7.10773e-17
0
-1.20284e-16
0
0
0
0
0
0
0
0
0
0
0
0
0
0
0
0
0
-5.66958e-14
1.23276e-13
0
0
0
0
0
0
0
1.52396e-15
5.30678e-16
0
0
0
0
0
0
0
0
0
0
0
0
0
0
0
0
0
0
0
0
0
0
0
0
0
0
0
0
0
0
0
0
0
0
0
0
0
0
0
0
0
0
0
0
0
0
0
0
0
0
0
0
0
0
0
0
-1.18757e-16
0
0
0
0
0
-8.99291e-14
0
0
0
0
-3.11927e-16
0
0
0
0
0
0
0
0
0
0
-3.31158e-14
0
1.23562e-14
0
0
0
0
0
0
0
0
0
0
0
0
0
0
0
0
1.55712e-16
-1.15592e-16
0
0
0
0
0
0
0
0
0
0
0
0
0
0
0
0
0
0
0
0
-3.17256e-14
0
0
0
0
0
0
0
0
0
0
0
0
0
0
0
0
0
0
0
0
0
0
0
0
0
0
0
0
0
0
0
0
0
0
0
1.2405e-14
2.99707e-15
0
0
1.79735e-16
-3.21939e-16
0
0
0
0
0
0
0
0
0
0
0
0
0
0
0
0
0
0
0
0
0
0
0
0
0
0
0
0
0
0
0
0
0
0
0
0
0
0
0
0
0
0
6.993e-18
0
0
0
0
0
0
0
0
0
0
0
0
0
0
0
0
0
0
-3.57901e-16
-7.11383e-16
-4.56818e-16
0
0
0
0
0
0
0
0
0
0
0
0
0
0
0
0
0
0
0
0
0
0
0
0
8.61255e-08
5.03714e-08
0
0
0
0
0
0
0
0
0
0
0
0
0
0
0
0
0
0
0
0
0
0
0
0
0
0
0
0
0
0
0
0
0
0
0
0
0
0
0
0
0
0
0
0
0
0
0
0
4.85518e-15
-3.88035e-14
1.31105e-16
0
0
0
0
0
0
0
0
0
0
0
0
0
0
0
0
0
0
0
0
0
0
0
0
0
0
0
0
0
0
-8.6778e-16
0
0
0
0
0
0
1.33869e-15
0
-1.26463e-15
0
0
0
0
0
0
0
0
6.21093e-18
0
0
0
0
0
0
0
-1.65293e-29
0
0
0
0
0
0
0
0
0
0
0
0
0
0
0
0
0
0
0
0
0
0
0
0
0
0
0
0
0
0
0
0
0
0
0
0
0
0
0
0
1.48868e-15
0
0
0
0
0
0
0
0
-1.36678e-16
0
0
0
0
0
4.32581e-15
2.53325e-16
0
0
0
0
0
0
0
0
0
0
0
0
0
0
0
0
0
0
0
0
0
0
0
0
0
0
0
0
0
0
0
0
-6.82484e-08
2.61057e-16
0
0
0
0
0
0
0
0
0
0
0
0
0
0
0
0
0
0
0
0
0
0
0
0
0
0
0
0
0
0
0
0
0
0
0
0
0
0
0
0
0
0
-3.01164e-14
1.21475e-15
0
0
2.5827e-31
-8.48034e-17
0
0
0
0
0
0
0
0
0
0
0
0
0
0
0
0
0
0
0
0
0
0
0
0
0
0
0
0
0
0
0
0
0
0
9.28996e-14
0
0
0
0
0
0
0
0
0
0
0
0
0
0
0
0
0
0
0
0
0
0
0
0
0
2.45873e-15
0
2.18854e-15
0
0
0
0
0
0
0
0
0
0
0
0
0
0
0
0
0
0
0
0
0
0
0
0
0
0
0
0
0
0
0
0
0
0
0
0
0
0
0
0
-1.96814e-28
0
0
0
0
0
0
0
0
0
0
0
0
0
9.4778e-15
5.3243e-17
0
0
0
0
0
0
0
0
0
0
0
0
0
0
0
0
0
0
0
0
0
0
0
-4.03024e-14
3.39825e-16
0
0
0
0
0
0
-9.72674e-17
1.41898e-16
0
0
0
0
0
0
0
0
0
0
0
0
0
0
0
0
0
0
0
0
0
0
0
0
0
0
0
0
0
0
0
0
0
5.13537e-31
0
0
0
0
0
0
0
0
0
0
0
0
0
0
0
0
0
0
0
0
0
0
0
0
-9.14266e-15
3.06185e-15
6.58242e-16
0
0
0
0
0
0
0
0
0
0
0
0
0
0
0
0
0
0
-2.75518e-14
0
0
0
0
0
0
0
0
0
0
0
0
0
0
1.95743e-16
-2.52944e-16
0
0
0
0
0
0
0
0
0
0
0
0
0
0
0
0
0
0
0
0
0
0
0
0
0
0
0
0
0
0
0
0
0
0
0
0
0
0
0
0
2.10138e-15
-3.54313e-17
0
0
0
0
0
0
0
0
0
0
0
0
0
0
0
0
0
0
0
0
0
0
0
0
0
0
0
0
0
0
0
0
-2.56384e-14
1.12582e-14
0
0
0
0
0
0
-2.8918e-14
-4.31781e-14
0
0
0
0
0
0
0
0
0
0
0
0
0
0
0
0
0
0
0
0
0
0
0
0
0
0
0
0
0
0
0
0
0
0
0
0
0
0
0
0
0
0
0
1.73055e-14
3.59783e-14
0
0
0
0
0
0
0
0
2.05707e-16
0
4.83398e-16
0
0
0
0
0
0
0
0
0
0
0
0
0
0
0
0
0
0
0
-6.88221e-15
-3.25657e-14
-3.00986e-15
0
0
0
0
0
0
0
0
0
0
0
0
0
0
0
0
0
0
0
0
0
0
0
0
0
0
0
2.99533e-14
7.91264e-15
0
0
-2.91816e-14
-9.80619e-15
-2.9766e-16
0
-6.76779e-14
0
0
0
0
0
0
0
4.25499e-16
0
0
0
0
3.94599e-17
-2.42299e-16
0
0
-2.41061e-16
0
0
0
0
0
0
0
0
0
0
2.8594e-16
0
0
0
0
0
0
0
0
0
1.34717e-16
0
0
0
0
0
0
0
0
0
0
0
0
0
0
0
0
0
0
0
-1.04127e-14
-3.14167e-15
0
0
0
0
0
0
0
0
8.4277e-16
0
0
0
0
0
0
0
0
0
-1.52418e-15
0
0
0
0
0
0
0
0
0
0
0
0
0
0
0
0
0
0
0
0
0
0
0
0
0
0
0
0
0
0
-1.02684e-15
0
-2.37816e-14
0
0
0
0
0
0
0
0
0
0
0
0
0
0
0
0
0
0
0
0
0
0
0
0
0
0
0
0
-1.58396e-15
0
-1.02107e-30
0
0
-1.53437e-16
0
0
0
0
0
0
0
0
0
0
0
0
0
0
0
0
0
0
0
0
0
0
0
0
0
0
0
0
0
0
0
2.15875e-16
0
0
0
0
0
0
0
0
0
0
0
0
-9.40689e-15
1.14209e-14
0
0
0
0
0
0
0
0
0
0
0
0
0
0
0
0
0
0
0
0
0
0
0
0
0
0
0
0
0
3.91591e-16
0
0
-4.90238e-15
3.55217e-14
0
0
0
0
0
0
0
0
0
0
0
0
0
0
0
0
0
0
0
0
0
0
0
0
0
0
0
0
0
0
0
0
-1.13518e-15
-4.69455e-14
0
0
0
0
0
0
0
0
0
0
0
0
0
0
0
0
0
0
0
0
0
0
0
0
0
-4.4617e-16
-2.135e-16
0
0
0
1.49762e-15
1.57274e-15
0
0
0
0
0
0
0
0
0
0
0
0
0
0
0
0
0
0
0
0
0
0
0
0
0
0
0
0
0
0
0
0
0
0
0
0
4.80503e-31
0
0
0
0
0
0
0
0
0
0
0
0
0
0
6.39556e-15
-1.21482e-15
0
0
0
0
0
0
0
0
0
1.00772e-15
-9.91102e-16
0
0
0
0
0
0
0
0
0
0
0
0
0
0
0
0
0
0
0
0
0
0
0
0
0
0
0
0
0
0
0
0
0
0
0
0
0
0
0
0
0
0
0
0
0
0
0
0
0
0
0
0
0
0
0
0
0
0
0
0
0
0
0
0
0
0
0
0
-4.14888e-16
-5.84688e-16
0
0
0
3.96574e-16
-7.31175e-16
0
0
0
0
0
0
0
0
0
0
0
0
0
0
0
0
0
0
0
0
0
0
0
0
0
0
0
0
0
0
0
0
0
0
0
0
0
0
0
0
0
0
0
0
0
0
0
0
0
0
0
0
0
0
0
0
0
0
0
0
0
0
0
0
0
0
0
0
0
0
0
0
0
0
0
0
0
0
0
0
0
0
0
0
0
0
0
0
0
0
0
0
0
0
0
0
0
0
0
0
0
0
0
0
0
0
0
0
0
0
0
0
0
0
0
0
0
0
0
0
0
0
0
0
0
0
0
0
0
0
0
0
0
0
0
0
0
0
0
0
0
0
0
0
0
0
0
0
0
0
0
0
0
0
0
0
0
0
0
0
0
0
0
0
2.42689e-14
4.40154e-14
0
0
0
0
0
0
0
0
0
0
0
0
0
0
0
0
0
0
0
0
0
0
0
0
0
0
0
0
0
0
0
0
0
0
0
0
0
0
0
0
0
0
0
0
0
0
0
0
0
0
0
0
0
0
0
0
0
0
0
0
0
0
0
0
0
0
0
0
0
0
0
0
0
0
0
0
0
0
0
0
0
0
0
0
0
0
0
0
0
0
0
0
0
1.82029e-17
0
3.69779e-14
0
0
0
0
0
0
0
0
0
0
0
0
0
0
0
0
0
0
0
0
-2.22043e-15
-7.59876e-16
0
0
0
0
0
0
0
0
0
0
0
0
0
0
0
0
0
0
0
0
0
4.39884e-18
0
0
0
0
0
0
0
0
0
0
0
0
0
0
0
0
3.35741e-17
-2.2534e-16
0
0
0
0
0
0
0
0
6.20264e-16
0
0
0
-6.36069e-16
0
6.14634e-16
0
0
0
0
0
0
0
0
0
0
0
0
0
0
0
0
0
0
0
0
0
0
0
0
0
0
0
0
0
0
0
0
0
0
0
0
6.21277e-16
0
-2.21796e-16
0
0
0
0
1.00468e-15
-1.04216e-15
0
-1.42585e-16
0
0
0
0
0
0
-3.00575e-16
-1.4136e-15
-3.74522e-15
0
0
0
-6.31468e-16
2.89688e-16
0
0
0
0
0
0
0
1.74474e-14
0
0
0
0
0
0
0
1.22403e-16
-7.13328e-17
0
0
0
0
0
0
0
0
0
0
0
0
0
0
0
0
0
0
0
-3.40681e-16
0
-1.15013e-16
0
0
1.38469e-16
1.4368e-16
0
0
0
0
0
0
-2.94219e-16
-1.90489e-16
0
0
0
0
0
0
0
0
0
0
-4.89486e-16
0
2.35407e-16
0
0
0
0
0
0
0
0
0
0
0
0
0
0
0
0
0
0
0
0
0
0
0
-4.28275e-14
0
-2.13735e-16
2.39888e-16
-5.31875e-16
0
0
0
0
0
0
0
0
0
-2.24269e-15
2.61935e-16
-2.32627e-15
0
0
0
0
0
0
0
0
0
0
0
0
0
0
0
0
0
0
0
0
0
0
0
0
0
0
0
6.47349e-17
1.75896e-16
0
0
-2.29723e-15
2.20381e-16
0
0
0
-6.00884e-17
8.7601e-17
8.439e-19
0
0
0
2.28522e-15
0
-3.42334e-15
-3.94279e-14
0
6.10364e-17
0
0
0
0
0
0
0
0
0
0
0
0
0
0
0
0
0
0
0
0
0
0
0
0
0
0
7.98178e-16
0
0
0
0
0
0
0
0
0
0
0
0
0
0
0
0
0
0
0
0
0
0
0
0
0
0
0
0
0
0
0
0
0
0
0
0
0
0
0
0
0
0
0
0
0
0
0
0
0
0
0
0
0
0
0
0
0
0
0
0
0
0
0
0
0
0
0
0
0
0
0
0
0
0
0
0
0
0
0
0
0
0
0
3.12983e-16
0
0
0
0
1.54128e-15
-7.95276e-16
0
0
0
0
0
0
-2.01305e-16
0
2.66642e-17
0
0
0
0
0
0
0
0
-1.42501e-16
0
0
0
0
0
0
0
0
0
0
0
0
0
0
0
0
0
0
0
0
0
-2.30722e-16
0
0
0
0
0
0
0
0
0
0
0
0
0
0
0
0
0
0
0
2.38595e-18
0
0
0
0
0
0
0
0
0
6.65516e-16
-4.24111e-16
0
0
0
0
0
0
0
0
0
-1.55103e-15
0
0
0
0
0
0
-1.43988e-15
-1.04568e-15
0
0
0
0
0
0
0
0
0
0
0
0
0
0
0
0
0
0
0
0
0
8.10963e-18
-5.57456e-19
0
0
0
0
0
0
0
0
0
0
0
0
0
0
0
0
0
-3.77924e-19
1.93216e-17
0
0
0
0
0
0
0
0
0
0
0
0
0
0
0
0
0
0
0
0
0
-4.48539e-16
1.02867e-16
0
0
0
0
0
0
0
0
0
0
0
0
0
0
0
0
0
8.30717e-17
0
0
0
0
1.04395e-14
0
0
0
0
0
0
1.55964e-14
0
0
0
0
0
0
0
0
0
0
0
0
0
0
0
0
0
0
0
0
0
0
0
0
0
0
0
0
0
-6.35396e-16
-2.2082e-16
0
0
0
0
0
0
0
0
0
0
0
0
0
0
0
0
0
0
0
0
0
0
0
0
0
0
0
0
0
0
0
0
0
0
0
0
0
0
0
0
0
0
0
0
0
0
0
0
0
0
0
0
0
0
0
1.61423e-19
-1.28009e-31
-1.75773e-17
0
0
0
0
0
0
0
0
0
0
0
0
0
0
0
0
0
0
0
0
0
0
0
0
0
0
9.40282e-15
0
0
-8.20468e-17
8.15228e-17
0
0
0
0
0
0
-2.00759e-16
0
0
0
0
0
0
0
0
0
0
0
0
0
0
0
0
0
0
0
0
0
0
0
0
0
0
0
0
0
0
0
0
0
0
-4.82863e-16
-1.50263e-16
0
1.5814e-15
5.36194e-17
-5.64969e-17
0
0
0
0
0
0
0
0
0
0
0
0
0
0
0
0
0
0
0
0
0
0
0
0
0
0
0
0
6.77556e-17
0
0
0
0
0
-3.6196e-16
9.36455e-16
0
0
0
0
0
0
0
0
0
0
0
0
0
0
0
0
0
0
-2.39926e-16
0
0
0
0
0
0
0
0
0
0
0
0
0
0
0
0
0
0
0
0
0
0
0
1.67331e-15
-6.30452e-17
0
-1.50469e-17
9.88806e-17
0
0
0
0
0
0
-3.10096e-16
0
0
0
0
0
0
0
-1.00462e-16
0
0
0
0
0
0
0
0
0
0
0
0
0
0
0
0
0
0
0
0
0
0
0
0
0
0
0
0
0
0
0
0
0
0
0
0
0
0
0
0
0
0
0
0
0
0
0
0
0
0
0
0
0
0
0
0
0
0
0
0
0
-4.55431e-14
0
0
0
0
0
0
0
0
0
0
0
0
2.73091e-16
0
0
-1.05335e-16
4.19994e-16
0
0
0
0
0
0
0
0
0
0
0
0
0
0
1.24399e-16
0
0
-2.35843e-15
-1.54188e-15
0
0
0
0
0
0
0
0
0
-1.58133e-14
1.72798e-15
2.89159e-17
0
0
0
0
0
5.62959e-16
-2.38826e-16
0
0
0
0
0
0
0
0
0
0
0
0
0
0
0
0
0
0
0
0
3.0732e-15
5.92821e-17
3.18767e-16
-2.8426e-17
0
0
0
0
0
0
0
0
0
0
0
0
0
0
9.2469e-16
3.89093e-17
0
0
0
0
0
0
0
0
0
0
0
0
0
0
0
0
0
0
0
0
0
0
0
0
0
0
0
0
0
0
0
0
0
0
0
0
0
0
0
0
0
0
0
0
0
0
0
0
0
0
0
0
0
0
-3.22503e-15
0
-4.62854e-15
-2.9637e-15
2.56268e-31
0
0
0
0
0
0
0
0
0
0
0
0
0
0
0
0
0
0
0
0
0
0
0
0
0
0
0
0
0
0
0
0
0
0
0
0
0
0
0
0
0
0
0
0
-9.71243e-16
7.44144e-16
0
0
0
0
0
0
0
0
0
-5.79877e-14
-7.35415e-17
0
0
0
0
0
0
0
0
0
0
0
0
0
0
0
0
0
0
0
0
0
0
0
0
0
0
0
0
0
0
1.58683e-15
0
0
0
0
0
0
-2.62254e-17
1.28384e-31
0
0
1.8504e-14
-7.06112e-14
7.6983e-14
-1.04555e-14
0
0
0
0
0
0
0
0
0
0
0
0
0
0
0
0
0
0
0
0
0
0
0
0
0
0
0
0
0
0
0
0
0
0
0
0
0
0
0
0
0
0
0
0
0
0
0
0
0
0
0
0
0
0
0
0
0
0
0
-1.80377e-16
0
0
0
0
0
9.18438e-14
0
-4.07266e-14
0
0
0
0
-1.42919e-14
0
0
0
0
0
0
0
0
0
0
0
0
0
0
0
0
0
0
0
0
0
0
0
0
0
0
0
0
0
0
0
0
0
0
-1.87346e-16
1.36202e-16
8.93677e-16
0
0
0
0
0
0
0
0
0
0
-1.35585e-16
-6.15589e-16
0
0
0
0
0
0
0
0
0
0
0
0
0
0
0
0
0
0
0
0
-1.27512e-14
0
0
0
0
0
0
0
0
0
0
0
0
0
0
0
0
7.32083e-16
-1.079e-14
0
0
1.11604e-16
0
-4.92472e-16
0
0
0
0
0
0
0
9.14691e-16
0
0
0
0
0
0
0
0
0
0
0
0
0
0
0
0
0
0
0
0
0
0
0
0
0
0
0
0
0
0
0
0
0
4.38329e-17
-3.2476e-17
0
0
0
0
0
0
0
0
0
0
0
0
1.33027e-15
0
0
0
0
0
0
0
0
3.20717e-17
0
0
0
0
0
0
0
0
0
0
0
0
0
0
0
0
0
0
0
0
0
0
0
0
0
0
0
0
-1.28144e-14
0
0
-4.52936e-16
0
0
0
0
0
0
0
0
0
0
0
0
0
0
0
0
0
0
-2.80845e-16
0
0
0
0
0
0
0
0
0
0
0
0
0
0
0
0
0
0
0
0
0
0
0
0
0
0
0
0
0
6.55285e-16
-8.9075e-16
0
0
0
0
0
0
0
0
0
0
0
0
0
0
0
0
0
0
0
0
0
0
0
0
0
0
0
0
0
0
4.68387e-17
-1.11647e-15
-1.38028e-17
0
0
0
0
3.94029e-18
-3.95915e-16
0
0
0
0
5.33203e-16
9.1458e-16
0
0
0
0
0
0
0
0
0
0
0
0
0
0
1.0511e-17
6.17181e-18
0
0
0
0
0
0
0
0
0
0
1.8986e-15
0
0
0
0
0
0
0
0
0
-1.18614e-16
-3.27782e-16
0
0
0
0
0
0
0
0
0
0
0
0
0
0
0
0
0
0
0
0
0
0
0
0
0
0
0
0
0
0
0
0
0
0
0
0
0
0
0
0
0
0
0
0
0
0
0
0
0
0
0
0
0
0
0
0
0
0
0
0
0
0
0
0
0
-3.55436e-17
0
0
0
0
0
0
0
0
0
0
0
0
0
0
0
0
0
0
0
0
0
0
0
0
0
0
0
0
0
0
0
0
0
0
0
0
0
0
0
0
0
0
0
0
0
0
0
0
0
0
1.04204e-16
-3.60904e-16
0
0
0
0
0
0
0
0
0
0
0
0
0
0
0
0
0
0
0
0
0
0
0
1.34654e-16
0
0
0
0
0
0
0
0
0
0
0
0
0
0
0
0
0
0
0
0
0
0
0
0
0
0
0
0
-2.04253e-17
4.6126e-17
0
0
0
0
0
0
0
0
0
0
0
0
0
0
0
0
0
0
0
0
0
0
0
0
0
0
0
0
0
0
0
0
0
0
0
0
0
0
0
0
0
0
0
0
0
0
0
0
0
0
0
-1.89939e-16
-8.6968e-17
0
0
0
0
0
0
0
0
0
0
0
0
0
1.02707e-30
0
0
0
0
0
0
6.1113e-16
1.36577e-16
4.42982e-16
0
0
0
0
0
3.07755e-16
0
0
0
0
0
0
0
0
0
0
0
0
0
0
0
0
0
0
0
0
0
0
0
0
0
0
0
0
0
0
0
0
0
0
0
0
0
0
0
0
0
0
0
0
0
0
0
0
0
0
2.56495e-17
0
0
0
0
0
0
0
0
0
0
0
0
0
0
0
0
0
0
0
0
0
0
0
0
0
0
0
0
0
0
0
0
0
0
0
0
0
0
0
0
0
0
0
0
0
0
0
0
0
5.60262e-17
-4.28841e-17
0
0
0
0
0
0
0
0
0
0
0
0
0
0
0
2.47664e-16
0
0
0
0
0
0
0
0
0
0
0
0
0
0
0
0
0
0
0
0
0
0
0
0
0
0
0
0
0
0
0
0
0
0
0
0
0
0
0
0
0
0
-4.16933e-16
-2.05689e-15
0
0
1.45328e-16
0
0
0
0
0
0
0
0
0
0
0
0
0
0
0
8.34529e-15
2.46017e-29
0
0
0
0
0
0
0
2.6632e-16
0
0
0
0
0
0
0
0
0
0
0
0
-2.11348e-14
-2.4022e-15
0
0
0
0
0
0
0
0
0
0
0
0
0
0
0
0
0
0
0
0
0
0
0
0
0
0
0
0
0
0
0
0
0
0
0
0
0
0
0
0
0
0
0
0
0
0
0
0
0
0
0
0
0
0
2.62731e-17
-7.00266e-16
0
0
0
0
0
0
0
0
0
0
0
0
0
-2.52276e-15
-1.52922e-18
0
0
9.26698e-16
0
0
0
-1.1599e-18
-2.69936e-17
0
0
0
0
0
0
0
-1.76685e-18
-2.56726e-17
0
0
0
0
2.80096e-15
-1.94174e-14
0
0
0
0
0
0
0
0
0
0
0
0
0
0
0
0
0
0
0
0
0
0
0
0
0
0
0
0
0
0
0
0
0
0
0
0
0
0
0
0
0
0
0
0
7.45812e-16
-2.10844e-19
0
0
0
0
0
7.16876e-16
2.48934e-17
0
0
0
0
0
0
0
0
0
0
0
0
0
0
0
0
0
0
0
0
0
0
0
0
0
0
0
0
0
0
0
0
0
0
0
0
0
0
0
0
0
0
1.47484e-16
0
0
0
0
0
0
0
0
0
0
0
0
0
0
-1.54087e-19
-7.9006e-18
0
0
0
0
0
0
0
0
0
0
0
0
0
0
0
0
0
0
0
0
0
1.79105e-17
-8.50604e-17
2.99567e-15
-2.28887e-14
0
8.93861e-14
0
0
0
0
0
0
0
0
0
0
0
0
0
0
0
0
0
0
0
0
0
0
0
0
0
0
0
-2.38097e-16
4.45069e-16
0
1.3325e-08
0
-1.01296e-07
0
0
0
0
0
0
0
0
0
0
0
0
0
0
0
0
0
0
0
-5.25098e-14
4.71129e-14
0
0
0
0
0
0
0
0
0
0
0
0
0
0
0
0
0
0
0
0
0
0
0
0
0
0
0
0
0
0
0
0
0
0
0
0
0
0
0
0
0
0
0
0
0
0
0
0
0
0
0
0
2.9082e-15
0
6.28959e-16
0
0
0
0
0
0
0
0
0
0
0
0
0
0
0
0
0
0
0
0
0
0
-4.78723e-16
-7.46812e-15
0
0
0
0
0
0
0
0
0
0
0
0
0
0
0
0
0
0
0
8.0165e-16
0
0
0
0
0
0
0
0
0
0
0
0
0
0
0
0
0
0
0
0
0
0
0
0
0
0
0
0
0
0
-1.08971e-15
0
0
0
0
0
0
0
0
0
0
0
0
0
0
0
0
0
0
0
0
0
0
1.5916e-15
-1.15992e-15
4.09328e-16
0
0
2.71033e-16
-2.92054e-18
-6.04305e-16
0
0
0
0
0
0
0
0
0
0
0
0
0
0
0
0
0
0
0
0
0
0
0
0
0
0
0
0
0
0
0
0
0
0
0
0
0
0
0
0
0
0
0
0
0
0
0
0
0
0
0
0
0
0
0
0
3.32242e-16
-6.2959e-16
-1.89018e-14
0
0
0
0
0
0
0
0
0
1.83213e-15
-2.33318e-16
6.58437e-18
0
0
0
0
0
0
0
0
0
0
0
0
0
0
0
1.60775e-15
-7.11538e-17
0
0
0
0
0
0
1.66043e-16
-1.76706e-15
0
0
0
0
-1.27604e-14
-1.45456e-14
0
0
0
0
0
0
0
0
0
0
0
0
0
0
9.92177e-18
1.5302e-15
0
0
0
0
-5.63114e-18
0
0
0
0
0
0
0
-8.04325e-19
0
0
0
0
0
0
0
0
0
0
0
0
0
0
0
0
0
0
0
0
0
1.14667e-18
0
0
2.68104e-16
0
0
0
0
0
0
-1.01395e-16
0
0
0
0
0
0
0
0
0
0
-8.66818e-08
0
7.06809e-17
0
0
0
0
0
0
0
0
0
0
0
0
1.26454e-14
0
0
0
0
0
0
0
0
0
0
0
0
0
0
0
0
0
0
0
0
0
0
0
0
0
0
0
0
0
0
0
0
0
0
0
0
1.03812e-16
0
0
0
-5.59911e-16
3.17246e-16
0
0
0
0
-1.38573e-15
0
0
0
0
0
0
0
0
0
0
0
0
0
0
0
0
0
0
0
0
0
0
0
0
0
0
0
6.46356e-17
0
0
0
0
0
0
0
0
2.62448e-16
-1.12663e-16
0
0
1.11881e-15
-2.90611e-16
0
-1.92533e-16
7.78083e-17
1.48197e-16
0
0
0
0
0
0
0
0
1.43139e-17
-1.04169e-15
0
0
0
0
0
0
0
0
0
0
0
0
0
0
0
0
0
0
-1.56063e-16
0
6.35135e-16
-6.06199e-16
0
0
0
0
0
0
0
0
0
6.5283e-17
8.96732e-17
0
0
0
0
0
0
0
0
0
0
-8.51271e-18
0
0
1.6418e-16
0
0
0
1.71815e-15
2.18297e-15
0
0
0
0
0
0
-8.59977e-17
0
0
-1.09219e-17
0
0
0
0
0
0
0
0
0
0
0
0
0
0
0
0
0
0
0
0
0
0
-1.05297e-16
0
2.61762e-17
0
0
0
1.39083e-18
0
0
0
0
0
-1.06307e-16
0
0
0
0
0
0
0
0
0
0
0
0
4.05561e-16
-1.01865e-16
0
0
0
0
0
0
0
0
0
0
0
0
0
0
0
0
0
0
0
0
0
0
0
0
0
0
0
1.35304e-16
0
0
0
0
0
2.3208e-17
1.5431e-15
4.85404e-16
-3.33404e-16
0
0
0
0
-6.70953e-17
-1.26747e-16
4.00337e-17
-2.59949e-16
0
0
0
0
0
0
0
0
0
0
0
0
0
0
0
0
0
0
0
0
0
0
4.54059e-17
0
-1.93656e-14
-6.42717e-16
0
0
0
0
0
0
0
0
0
0
0
0
-1.53347e-16
0
0
0
0
0
0
0
0
0
0
-3.92557e-15
7.41991e-15
0
0
0
0
0
0
0
0
0
0
0
0
0
0
0
0
0
0
0
0
0
0
0
0
0
0
0
0
0
0
0
0
0
5.52507e-17
1.04142e-14
0
1.56585e-15
0
1.80355e-17
0
0
0
0
0
1.81705e-14
-3.39049e-15
0
0
0
0
0
0
2.54266e-31
6.95952e-17
0
0
0
0
0
6.41135e-16
0
0
0
0
0
0
0
0
0
2.93024e-16
1.01875e-15
0
0
0
0
0
0
0
0
0
0
0
0
0
0
0
0
0
0
0
0
-2.75729e-17
0
0
0
0
0
0
0
0
0
0
0
0
0
0
0
0
0
0
0
0
0
0
0
0
0
0
0
0
0
0
0
0
0
0
0
0
0
0
0
0
0
0
0
0
0
0
0
0
0
0
0
0
0
0
0
0
0
0
0
0
0
0
0
0
0
0
0
0
0
0
-1.21859e-15
0
0
0
0
0
0
0
0
0
0
0
0
0
0
0
0
8.60144e-17
0
0
0
0
0
0
0
0
0
0
0
0
0
0
0
0
0
0
0
0
0
0
0
0
0
0
0
0
0
0
0
0
0
0
0
0
0
0
-8.47775e-08
2.28546e-16
0
0
0
0
0
0
0
0
0
0
0
0
0
0
0
0
0
0
-3.85538e-15
0
0
0
0
0
0
0
0
0
0
0
0
0
0
0
0
0
0
0
0
0
0
0
0
0
0
0
-1.07859e-17
0
0
0
0
0
0
0
0
0
0
0
0
0
0
0
0
0
0
0
0
0
0
0
7.20051e-16
3.52908e-15
5.83653e-17
0
0
0
-8.06588e-17
-2.76481e-16
1.58415e-15
1.50798e-14
-6.83321e-15
0
0
0
0
0
0
0
0
0
0
0
0
-6.60901e-16
0
0
0
0
1.58535e-16
0
0
0
9.86165e-14
0
0
0
0
1.59952e-17
0
0
0
-2.36708e-15
2.48961e-15
0
0
0
0
0
0
0
0
0
0
0
0
0
0
0
0
0
-4.13747e-15
0
1.30573e-14
9.278e-17
0
0
0
0
0
1.46318e-16
2.19039e-15
0
0
0
0
0
0
0
0
0
0
0
0
0
0
0
0
0
0
0
-4.56166e-14
-7.95429e-15
0
0
0
0
0
0
0
0
0
0
0
0
0
0
0
0
0
0
0
0
0
0
0
0
0
0
0
0
0
0
0
0
0
0
0
0
0
5.55173e-14
0
-4.00535e-14
2.10654e-16
0
0
0
0
0
0
0
4.93117e-16
0
0
0
-6.652e-17
-1.28138e-31
0
0
0
0
0
0
0
0
0
0
3.49015e-16
0
0
0
0
0
0
6.33633e-15
1.17079e-13
0
0
0
0
0
0
0
0
0
0
0
0
0
0
0
0
0
0
0
0
0
0
0
0
0
0
0
0
0
0
5.52303e-17
0
0
0
0
0
0
0
0
0
0
0
0
0
0
0
0
0
0
0
0
0
0
0
0
0
0
0
0
0
0
0
0
0
0
0
0
-2.62896e-17
0
0
0
0
0
0
0
0
0
0
0
0
0
0
0
0
0
0
0
0
0
0
0
0
0
0
0
0
0
0
0
-8.92554e-16
-2.44502e-14
0
0
0
0
0
0
0
0
0
0
0
0
0
0
0
0
0
0
0
0
0
0
0
0
0
0
-1.28134e-31
0
0
0
0
0
0
0
0
0
0
0
0
0
0
0
0
0
0
0
5.67865e-16
0
0
0
0
0
0
0
0
0
0
0
0
0
0
0
0
0
0
0
0
0
0
0
0
0
0
0
0
0
0
0
0
0
0
0
0
0
0
0
0
2.03643e-17
-1.2361e-15
0
0
9.13552e-16
0
0
0
7.19082e-15
0
0
0
2.18378e-15
0
-2.15521e-15
0
0
0
0
0
0
3.24383e-14
0
0
0
0
0
0
0
0
0
0
0
0
0
0
0
-1.31082e-14
3.77788e-14
0
0
0
0
0
0
0
0
0
0
0
0
0
0
0
0
0
0
0
0
0
0
0
0
0
0
0
0
0
0
0
0
0
0
0
0
0
0
-5.94035e-16
7.95294e-16
0
0
0
0
0
0
0
0
0
0
0
0
0
0
0
0
0
0
0
0
0
0
5.49256e-16
1.08346e-16
0
0
0
0
0
0
0
1.68888e-15
8.34994e-17
0
0
0
0
0
0
0
0
0
0
0
0
0
0
0
0
0
0
0
0
0
0
0
0
0
0
0
0
0
0
0
0
0
0
0
0
0
0
0
0
0
-1.66872e-15
0
0
0
0
0
0
0
0
0
0
0
0
0
0
0
0
0
0
0
0
0
0
0
0
0
0
0
0
0
0
0
0
0
0
0
0
0
0
0
0
0
0
0
0
0
0
0
0
0
0
0
-3.78907e-14
6.32168e-14
0
0
0
0
2.89205e-17
0
0
0
0
0
0
0
0
0
0
-4.77233e-17
0
0
0
0
0
0
0
0
0
0
0
0
0
8.14575e-17
6.03691e-16
0
0
0
0
0
0
0
5.86268e-16
-5.84063e-16
0
0
0
0
0
1.90958e-16
-3.12083e-17
0
0
0
0
0
0
-4.76639e-14
0
-3.22898e-29
0
0
0
0
0
0
0
0
-3.33835e-16
0
0
0
-2.92357e-16
0
0
0
0
0
0
0
0
0
0
0
0
0
0
0
0
0
0
-3.65796e-15
0
0
0
0
0
0
0
0
0
0
0
0
0
0
0
0
0
0
0
0
0
0
0
0
0
0
0
0
0
0
0
0
0
0
3.39921e-16
-2.4345e-15
0
0
0
0
-3.23249e-15
5.7526e-16
0
0
0
0
0
0
0
0
0
0
0
0
0
0
0
0
0
0
0
0
0
0
0
0
0
6.5087e-15
8.0713e-16
0
0
0
0
-7.86433e-17
-2.71062e-17
0
0
0
0
0
0
0
0
0
0
0
0
0
0
0
0
0
0
0
0
0
0
0
0
0
0
0
0
0
0
0
0
0
0
0
0
0
0
0
0
0
0
0
0
0
0
0
0
0
0
0
0
0
0
0
0
0
0
0
0
0
0
0
0
0
0
0
0
0
0
0
0
0
0
0
0
0
0
0
0
0
0
0
0
0
0
0
0
0
0
-8.2334e-17
-3.10061e-16
0
0
0
0
0
0
0
0
0
0
0
0
0
5.65113e-16
0
0
0
0
0
0
0
0
4.68553e-18
0
1.41231e-14
1.30266e-15
-1.87775e-16
1.34011e-15
0
0
0
0
0
0
0
0
0
0
0
0
0
0
0
-7.28746e-17
7.22523e-19
0
0
0
0
0
0
0
0
0
0
0
0
0
0
0
0
-4.63245e-16
0
0
0
0
2.54934e-17
0
0
0
0
0
0
0
0
0
0
0
0
0
0
0
0
6.69146e-17
2.25419e-15
0
0
0
0
3.24721e-17
0
0
0
0
-9.83909e-16
-7.714e-17
0
0
0
0
0
0
0
0
0
0
0
0
0
0
0
0
0
0
0
0
0
0
0
0
0
0
0
0
0
0
0
0
0
0
0
0
0
0
0
0
0
0
0
0
0
0
0
0
0
0
0
0
0
0
0
0
0
0
0
0
0
0
0
0
0
0
0
0
0
0
0
0
0
0
0
0
0
0
0
0
0
0
0
0
0
-2.48395e-16
2.63196e-17
0
0
0
0
0
0
0
0
0
0
0
0
0
0
0
0
0
0
0
0
0
0
0
0
0
0
0
0
0
0
0
0
0
0
0
0
0
0
0
0
0
0
0
0
0
0
0
0
0
0
0
0
0
0
0
0
0
0
0
0
0
0
0
0
-1.00876e-14
8.33658e-17
0
0
0
0
0
0
0
0
0
0
0
0
0
0
0
-4.05047e-16
0
0
0
0
0
0
0
0
0
0
0
0
0
0
0
0
0
0
0
0
0
0
0
0
0
0
0
0
-4.40981e-14
0
-4.36488e-17
-2.81687e-17
0
0
0
0
-2.32934e-17
0
0
0
0
2.72991e-15
0
0
0
-1.04891e-15
0
0
0
0
0
0
0
0
0
0
0
0
0
0
0
0
0
2.24088e-15
0
0
0
0
0
0
0
0
0
0
0
-2.59491e-14
0
0
0
0
0
0
0
0
0
0
0
0
0
0
0
0
0
0
0
0
0
0
0
0
0
0
0
0
-1.63743e-17
0
0
0
0
-5.15998e-15
-6.86684e-15
-4.61206e-16
0
0
0
5.884e-17
0
0
0
0
0
0
0
0
0
0
0
0
0
0
0
0
0
0
0
0
0
0
0
0
0
0
-4.18709e-14
2.35956e-14
0
0
0
0
0
0
0
0
0
0
0
0
0
0
0
0
0
0
0
0
0
0
0
0
0
0
0
0
0
-8.98774e-17
-6.82484e-08
0
0
0
0
0
0
0
0
0
0
0
0
0
0
0
0
0
0
0
-1.55971e-17
0
0
0
0
0
0
0
0
0
0
0
0
0
0
0
0
0
0
0
0
1.67427e-14
-4.14918e-14
0
0
0
0
0
0
0
0
0
0
0
0
0
0
0
0
0
0
0
0
0
0
0
0
0
0
0
0
0
0
0
0
0
0
0
0
0
0
-4.71652e-17
3.73215e-16
0
0
0
0
0
0
0
0
0
0
0
0
0
0
0
0
0
0
0
0
0
0
2.45308e-16
0
9.1241e-17
0
0
0
0
0
0
0
0
0
0
0
0
0
0
0
0
0
0
0
0
0
0
0
0
0
0
0
0
0
0
0
0
0
0
0
0
0
0
0
0
0
0
0
0
0
0
0
0
0
0
0
0
-1.01239e-16
5.5074e-16
0
0
0
-7.91937e-15
2.04682e-15
0
0
0
0
0
0
0
0
0
0
0
0
0
0
0
0
0
0
0
0
0
0
0
4.13008e-15
0
0
0
0
0
0
0
0
0
0
0
0
0
0
0
0
0
0
0
0
0
0
0
0
0
0
-2.87993e-16
1.38503e-16
0
0
0
0
0
0
0
0
0
0
0
0
0
0
0
0
0
0
0
1.32138e-31
0
2.6283e-16
0
0
0
0
0
0
0
0
0
0
0
0
0
4.13627e-15
7.5508e-16
0
0
0
0
0
0
0
0
0
0
0
0
0
0
0
0
0
0
0
0
-1.88327e-15
-3.42523e-15
0
0
0
0
0
0
0
0
0
0
1.73053e-16
-1.30291e-15
0
0
0
0
0
0
0
0
0
0
0
0
0
0
0
0
0
0
0
0
0
0
0
0
0
0
2.84544e-16
0
0
0
0
0
0
0
0
-2.92042e-15
0
0
0
0
0
0
0
0
0
0
0
0
0
0
0
0
0
0
0
0
0
0
0
0
0
0
0
-4.84153e-16
1.99903e-15
0
0
0
0
-1.05711e-30
-2.57259e-15
0
0
0
0
0
0
0
0
0
0
0
0
0
0
0
0
0
0
0
0
0
0
0
0
0
0
0
0
0
0
0
0
0
0
0
0
0
0
0
0
0
0
0
0
0
0
0
0
0
0
0
0
0
0
0
0
0
0
0
0
0
0
0
0
0
0
0
0
0
0
0
0
0
0
0
0
0
0
0
-5.61553e-15
0
0
1.79987e-15
0
-2.61057e-15
0
0
0
0
0
0
0
0
0
0
0
0
0
0
0
0
0
0
-3.96869e-15
3.94062e-15
0
0
0
0
0
0
0
0
0
0
0
0
0
0
0
0
0
0
0
0
0
0
0
0
0
0
0
0
0
0
0
0
0
0
0
0
0
0
0
0
0
0
0
0
0
0
0
0
0
0
0
0
0
0
0
0
0
0
0
0
0
0
0
0
0
0
0
0
-3.37353e-18
0
0
0
0
0
0
0
0
0
0
0
0
0
0
0
0
0
0
0
0
0
0
0
0
0
0
0
0
0
0
0
0
0
0
0
0
0
0
0
0
0
0
0
0
0
0
0
0
0
0
0
0
0
0
0
0
1.26612e-16
-9.86584e-17
0
0
0
0
0
0
0
0
0
0
0
0
0
0
0
0
0
0
0
0
0
0
0
0
0
0
0
0
0
0
0
0
0
0
0
0
0
0
0
0
0
0
0
0
0
0
0
0
0
0
0
0
0
0
0
0
0
0
0
0
0
0
0
0
0
0
0
0
0
0
0
0
0
0
0
0
0
0
0
0
0
0
0
0
0
6.38273e-15
0
0
0
0
0
0
0
0
0
0
0
0
0
0
0
-8.0357e-17
0
0
0
0
0
0
0
0
0
0
0
0
0
0
0
0
1.01559e-14
0
0
0
0
0
0
0
0
0
0
0
0
0
0
0
0
0
0
0
0
0
0
0
0
0
0
0
0
0
0
0
0
0
4.14145e-16
0
0
0
0
0
0
0
0
0
0
0
0
0
0
0
0
0
0
0
0
0
0
0
0
0
0
0
0
0
0
0
0
0
0
0
0
0
0
0
0
0
0
0
0
0
0
0
0
0
0
0
0
0
0
0
0
0
0
0
0
0
0
0
0
0
0
0
0
0
4.55816e-15
0
0
0
0
0
0
0
0
0
0
0
0
0
0
0
0
0
0
0
0
0
0
0
0
0
0
0
0
0
0
0
0
0
0
0
0
0
0
0
0
0
0
0
0
0
0
0
-4.8821e-14
0
0
0
0
0
0
0
0
0
0
0
0
0
0
0
0
0
0
0
0
0
0
0
0
0
0
0
0
0
0
0
0
0
0
0
0
0
0
0
0
0
0
0
0
0
0
0
0
0
0
0
-8.63485e-17
-1.11996e-16
1.37012e-16
0
0
0
0
0
0
0
0
0
0
0
0
0
4.48243e-15
0
0
0
0
0
0
0
0
0
3.95327e-15
0
0
0
0
0
0
0
0
0
0
0
0
0
0
0
0
0
0
0
0
0
0
0
0
0
0
0
0
0
0
0
0
0
0
0
0
0
0
0
0
0
0
0
0
0
-2.63234e-14
1.3613e-17
3.13811e-14
0
0
0
0
0
0
0
0
0
0
0
0
0
2.86353e-15
0
0
0
0
0
0
0
0
-1.01766e-14
1.69046e-14
0
0
0
0
0
0
0
0
0
0
0
-3.7388e-21
7.40691e-17
0
0
0
0
0
0
0
0
0
0
0
0
0
0
-3.61833e-14
0
0
0
0
0
0
0
0
0
0
0
0
0
0
0
0
0
0
0
0
0
0
0
0
0
0
0
0
0
0
0
0
0
0
0
0
0
0
0
0
0
0
0
0
0
0
0
0
0
0
0
0
0
-9.33342e-17
-2.94527e-17
0
0
0
0
0
0
0
0
0
0
0
0
0
0
0
0
0
0
0
0
0
0
0
0
0
0
0
0
0
0
0
0
0
0
0
0
0
1.83739e-15
0
0
0
0
0
0
0
0
0
0
0
0
0
0
0
0
0
0
0
0
0
0
0
0
0
0
0
0
0
0
0
0
0
0
1.51179e-15
-1.97128e-14
0
0
0
0
0
0
0
0
0
0
0
0
0
0
0
0
9.16103e-16
-1.17446e-17
7.21837e-16
0
0
0
0
0
0
0
0
0
0
0
0
0
0
0
0
0
-4.02234e-14
-2.10261e-14
0
-4.2544e-14
0
-1.18352e-14
0
0
0
0
0
0
0
0
0
0
0
0
0
0
0
0
0
0
0
0
0
0
0
8.93792e-17
0
0
0
0
0
0
0
0
0
0
0
0
0
0
0
0
0
0
2.75811e-14
-7.54738e-15
0
0
0
0
0
0
0
0
0
0
0
0
0
0
0
0
0
0
0
0
0
0
0
0
0
0
0
0
0
0
0
0
0
0
9.49437e-15
0
0
0
0
0
0
0
-2.1475e-15
3.71584e-15
-1.81209e-17
0
7.0532e-16
0
0
0
0
0
0
0
0
0
0
0
0
0
0
0
0
0
0
0
0
0
0
0
4.51917e-17
2.22695e-17
0
0
0
0
0
0
0
2.85323e-17
1.53606e-17
0
0
0
1.94544e-17
3.62827e-17
0
0
0
0
0
0
0
0
0
0
0
0
0
0
0
0
0
0
0
0
0
0
0
0
0
0
0
0
0
0
2.16914e-14
0
0
0
0
0
0
0
0
0
0
0
0
0
-6.82782e-16
-4.77814e-16
0
0
0
0
0
0
0
0
0
0
0
0
0
0
0
0
0
0
0
0
0
0
0
0
0
0
0
0
0
-1.13126e-15
0
8.14967e-16
0
0
0
0
0
0
0
0
0
-1.88635e-17
0
0
0
0
0
0
0
0
0
0
0
0
0
0
0
0
0
9.96726e-17
0
0
0
0
0
0
0
0
0
0
0
0
0
0
0
0
0
0
0
0
0
0
0
0
0
0
0
0
0
0
0
0
0
0
0
0
0
0
0
0
0
0
0
0
0
2.73205e-16
-2.31096e-17
0
0
0
0
0
-1.42021e-14
4.95538e-17
0
0
0
1.48597e-17
2.04022e-16
0
0
0
0
0
0
0
0
0
0
0
0
0
0
0
0
2.47111e-17
0
0
0
0
0
0
0
0
3.46893e-17
0
2.33272e-18
0
0
0
0
0
0
0
0
0
-1.01506e-14
0
0
-9.43343e-15
0
0
0
0
0
0
0
0
0
0
0
0
0
0
0
0
0
0
0
0
0
0
0
0
0
0
0
0
0
0
0
0
0
0
0
0
0
0
0
0
0
0
0
0
1.14467e-15
2.65313e-18
0
0
0
0
0
0
0
0
0
0
0
0
0
0
0
0
0
0
0
0
0
0
0
5.66066e-16
0
0
0
0
0
0
0
0
0
0
0
0
0
0
0
0
0
0
0
-4.4597e-16
0
0
0
0
0
0
0
0
0
0
-2.63018e-16
0
0
0
0
0
0
0
-1.10823e-15
1.20716e-15
0
0
0
3.56585e-16
0
0
0
0
1.18912e-16
0
0
0
0
0
0
0
0
0
0
0
0
0
0
0
0
4.22004e-16
-1.12997e-15
0
0
0
0
0
0
0
0
0
0
0
0
0
0
-2.10029e-14
0
0
0
0
0
0
0
0
0
0
0
0
0
0
0
0
0
-1.1976e-16
3.13848e-15
0
0
0
0
0
0
0
2.97781e-16
0
0
-1.30773e-14
0
0
0
0
0
0
0
0
0
0
0
0
0
0
0
0
0
0
0
0
0
0
0
0
0
0
0
0
0
0
0
0
0
0
0
0
0
0
0
0
0
0
0
0
0
0
0
0
0
0
0
0
0
0
0
0
0
0
0
0
0
0
0
0
0
0
0
0
0
0
0
0
0
0
0
0
0
0
0
0
0
0
0
0
0
0
0
0
0
0
0
0
0
0
0
0
0
0
0
0
0
0
0
0
4.75446e-14
-1.8238e-17
0
0
0
0
0
0
0
0
0
0
0
0
-5.89416e-14
0
0
0
0
0
6.47837e-15
9.1164e-16
0
2.30122e-17
0
-5.47652e-16
0
0
0
0
0
0
-1.49263e-14
0
0
0
0
0
0
9.38838e-17
5.98722e-17
0
0
0
0
0
0
0
0
0
0
0
0
0
0
0
0
0
0
0
0
0
0
0
0
0
0
0
0
0
0
0
0
0
0
0
0
0
0
0
0
0
0
0
0
0
0
0
0
0
0
0
0
0
0
0
0
0
0
0
0
0
0
0
0
0
0
0
0
0
0
0
0
0
0
0
0
1.04805e-14
0
0
0
0
0
0
0
0
0
0
0
0
0
0
-2.44486e-16
2.66102e-16
0
0
0
-9.62455e-17
0
0
0
0
0
0
0
0
0
0
0
0
0
-5.07076e-17
9.30385e-17
1.57558e-16
0
-4.68977e-15
0
0
0
0
0
0
0
0
0
0
0
7.11585e-17
0
0
0
0
0
0
0
0
0
0
0
0
0
-2.65546e-15
0
0
0
0
0
0
0
0
0
0
0
0
0
0
0
0
0
0
0
0
0
0
0
0
1.43924e-19
0
0
0
0
0
0
-2.61948e-14
7.60546e-14
0
0
0
0
0
0
0
0
0
0
0
0
0
0
0
0
0
0
0
0
0
0
0
0
0
0
0
0
0
0
0
0
0
0
0
0
0
0
0
0
0
0
0
0
0
0
0
0
0
0
0
0
0
0
0
0
0
0
0
0
0
0
0
0
0
0
0
0
0
0
0
0
0
0
0
0
0
0
0
0
0
0
2.60816e-15
6.74331e-17
0
0
0
0
0
0
0
0
0
0
0
0
0
0
0
0
0
0
0
0
0
0
0
0
0
0
0
0
0
0
0
0
0
0
0
0
0
0
0
0
0
0
0
0
0
0
0
0
0
0
0
0
0
0
0
-1.3727e-16
0
0
0
0
0
0
0
0
0
0
0
0
0
0
0
0
0
0
0
0
0
0
0
0
0
0
0
0
0
0
0
0
0
0
0
0
0
0
0
0
0
0
0
0
0
0
0
0
0
0
0
0
0
0
0
0
0
0
0
0
0
0
0
0
0
0
0
0
0
0
0
0
0
8.31734e-17
0
0
0
0
0
0
0
0
0
0
0
0
0
0
0
0
0
0
0
0
0
0
0
0
0
0
0
0
0
0
0
0
0
0
0
0
0
0
0
0
9.86025e-15
0
0
0
0
0
0
0
0
0
0
0
0
0
0
0
0
0
0
0
0
0
0
0
0
0
0
0
0
0
0
0
0
0
0
0
0
0
0
0
0
0
0
0
0
0
0
0
0
0
0
0
0
0
0
0
0
0
0
0
0
0
0
0
0
0
0
0
0
0
0
0
0
0
0
0
0
0
0
0
0
0
0
0
0
0
0
0
0
0
2.1329e-14
9.85144e-14
0
0
0
0
0
0
0
0
0
0
0
0
0
0
0
0
0
0
0
0
0
0
0
0
0
0
0
0
0
0
0
0
0
0
0
0
0
0
0
0
0
0
0
0
0
0
0
0
0
0
0
0
0
0
0
0
-1.64451e-16
0
2.75907e-16
0
0
0
0
0
0
0
0
0
0
0
0
0
0
0
0
0
0
0
0
0
0
0
0
0
0
0
0
0
-1.25084e-16
0
0
0
0
0
0
0
0
0
0
0
0
0
0
0
0
0
-5.1654e-31
0
0
0
0
0
0
0
0
0
0
0
0
0
0
0
0
0
0
0
0
0
0
0
0
0
0
0
1.46427e-14
3.58278e-14
0
0
0
0
0
0
0
0
0
0
0
0
0
0
0
0
0
0
0
0
0
0
0
0
0
0
0
0
0
0
0
0
0
0
0
0
4.68449e-16
0
0
0
0
0
0
0
0
0
0
0
0
0
0
0
0
0
0
0
0
0
0
0
0
0
0
8.20991e-16
0
0
0
0
0
0
0
0
0
0
9.53442e-16
-1.40306e-16
0
-8.03135e-18
0
0
0
0
0
0
0
0
0
1.65453e-16
0
0
0
0
0
0
0
0
0
0
-3.65519e-16
-1.03077e-16
0
0
0
0
0
0
0
0
0
0
0
0
0
0
0
0
0
0
0
0
0
0
0
0
0
0
0
0
0
0
0
0
0
0
0
0
0
0
0
0
0
0
0
0
0
0
0
0
0
0
0
0
0
0
0
0
0
0
0
0
0
0
0
0
0
0
0
0
0
0
0
0
0
0
0
0
0
0
0
0
0
0
0
0
0
0
0
0
0
0
0
0
0
0
0
0
0
0
0
0
0
0
0
0
0
0
0
0
0
0
0
0
0
0
0
0
0
0
0
0
0
3.34623e-16
0
0
0
0
0
0
0
0
0
0
0
0
0
0
0
0
0
0
0
0
0
0
0
0
0
0
0
0
0
0
0
0
2.76483e-14
0
0
0
0
2.04214e-30
0
0
0
0
0
0
0
0
0
0
0
0
0
0
0
0
0
0
0
0
0
0
9.44583e-15
0
0
0
2.22285e-14
-1.70854e-14
0
0
0
0
0
0
0
0
0
0
0
0
0
0
0
0
0
0
0
0
0
0
0
0
0
0
0
0
0
0
0
0
0
0
-1.11835e-16
1.88871e-16
0
0
0
1.82069e-15
-3.96939e-15
0
0
0
0
0
0
0
0
0
0
0
0
0
0
0
0
0
0
0
0
0
0
0
0
0
0
0
0
8.38211e-15
-4.03111e-14
2.59017e-16
0
0
0
0
0
0
0
0
0
0
0
0
0
0
0
0
-3.34036e-14
0
0
-7.61366e-16
5.18134e-16
0
0
0
0
2.46211e-17
0
0
0
0
0
0
0
0
0
0
0
0
0
0
0
0
-5.38941e-17
0
0
0
0
0
-9.0938e-16
-9.55843e-16
0
0
1.35546e-15
0
0
0
0
0
0
0
0
0
0
0
0
0
0
0
0
0
0
0
0
0
0
0
0
0
0
-3.89276e-16
-1.95001e-16
-8.00766e-16
0
0
0
0
0
0
0
0
0
0
0
0
0
0
0
0
0
0
0
0
0
0
0
0
0
0
0
0
0
0
0
0
0
0
0
0
0
0
0
0
0
0
0
0
0
0
0
0
0
-8.59168e-16
-1.7548e-17
0
0
0
0
0
0
0
0
0
9.52334e-16
1.70389e-14
0
0
0
0
0
0
0
0
0
0
0
0
0
0
0
0
0
0
0
0
0
0
0
0
0
0
0
0
0
0
0
0
0
0
1.07629e-15
0
-4.0962e-15
0
0
0
0
0
0
0
0
0
0
0
0
0
0
0
0
0
0
-1.36453e-16
0
0
0
0
0
0
0
0
0
0
0
0
0
1.95036e-16
0
0
0
0
0
0
0
0
-5.56826e-17
0
0
0
0
0
0
0
0
0
2.32872e-15
0
0
0
0
0
0
0
0
0
0
0
0
0
0
0
0
0
0
0
0
0
0
0
0
0
0
0
0
0
0
0
0
0
-3.58648e-16
0
0
0
0
0
0
0
0
0
0
0
0
0
0
0
0
0
0
0
0
0
0
0
0
0
0
0
0
0
0
0
0
0
6.47378e-14
0
0
0
0
0
0
0
0
0
0
0
0
0
0
0
0
0
0
0
0
0
0
0
0
0
0
0
0
0
0
0
0
0
0
0
3.08987e-16
-3.0743e-16
-1.99071e-16
0
0
0
0
0
0
0
0
0
0
0
0
0
0
0
0
0
0
0
0
0
0
0
0
0
0
0
0
0
0
0
0
0
0
0
0
0
0
0
0
0
0
0
0
0
0
0
0
0
0
0
0
0
0
0
0
0
0
-1.48502e-17
-5.31193e-17
0
0
0
0
0
0
0
0
0
0
2.91958e-15
0
0
0
0
0
0
0
0
0
5.24069e-15
0
0
2.50894e-16
5.04528e-31
0
0
0
0
0
0
0
0
0
0
0
0
0
0
0
0
0
0
0
0
0
0
0
0
0
0
0
0
0
0
0
1.28164e-15
1.29775e-13
1.03311e-15
1.96991e-14
0
0
0
0
0
0
0
0
7.7225e-17
0
0
0
0
0
0
0
0
0
0
0
0
0
0
0
0
0
0
0
0
-1.26751e-14
6.598e-16
-3.60157e-16
0
0
0
0
0
0
0
-2.33241e-15
0
0
0
0
0
0
0
0
0
0
0
0
0
0
0
0
0
0
0
4.16078e-15
0
0
0
0
-6.5811e-17
6.73541e-16
-6.56748e-16
0
-1.03561e-15
8.5105e-18
2.61257e-16
0
0
0
0
0
0
0
0
0
0
0
0
0
0
0
0
0
0
0
0
0
0
0
0
0
0
0
0
0
0
0
0
0
0
0
1.92332e-15
-1.37293e-15
0
0
0
0
0
0
0
0
0
0
0
0
0
7.0273e-16
0
0
0
0
0
0
0
0
0
0
0
0
0
0
0
0
0
0
0
0
0
0
0
0
0
0
0
0
0
0
0
0
0
0
0
0
0
0
0
0
0
0
0
-2.20605e-15
3.44933e-16
0
0
0
0
0
0
0
0
0
0
0
0
0
0
0
0
0
0
0
0
0
0
0
0
0
0
0
0
0
0
0
0
0
0
0
1.10663e-14
0
0
0
0
0
0
0
0
0
0
0
0
-6.79799e-16
0
0
0
0
0
0
0
0
0
0
0
0
0
0
0
0
0
0
0
0
0
0
0
0
0
1.39775e-14
0
0
0
0
0
0
0
0
0
0
0
0
0
0
0
0
0
0
0
0
0
0
0
0
0
0
0
0
0
0
0
0
0
0
0
0
0
0
0
0
0
0
0
0
0
-2.7409e-16
0
0
0
0
0
0
0
0
0
0
0
0
0
0
0
0
0
0
0
0
0
0
0
0
0
0
0
0
0
0
0
0
0
0
-8.66614e-15
-5.10534e-31
0
0
0
0
0
0
0
0
9.68626e-15
0
3.20096e-14
0
0
0
0
0
0
0
0
0
0
0
0
0
0
0
0
0
0
0
0
0
0
0
8.86922e-15
1.75162e-15
0
0
0
0
0
0
0
0
0
0
0
0
0
0
0
0
0
0
0
0
0
0
0
0
0
0
0
0
0
0
0
0
0
0
0
0
0
0
0
0
0
0
0
0
0
0
0
0
0
0
0
0
0
0
0
0
0
0
0
0
0
0
0
0
0
0
0
0
0
0
0
0
0
0
0
0
0
0
0
0
0
0
-3.37277e-15
0
0
0
0
0
0
0
0
0
0
0
0
0
0
0
0
0
0
0
0
0
0
0
0
0
0
0
0
0
0
0
0
0
0
0
0
0
0
0
0
0
0
0
0
0
0
0
0
0
0
0
0
0
0
0
0
0
0
0
0
0
6.74926e-17
0
0
-5.7829e-17
0
0
5.83541e-17
4.24457e-15
0
0
0
0
0
0
0
0
0
0
0
0
0
0
0
0
0
0
0
0
0
0
0
0
0
0
0
0
0
0
0
0
0
0
0
0
0
0
0
0
0
0
0
0
0
0
0
-3.24339e-31
0
0
0
0
0
0
0
0
-3.07679e-17
0
0
0
0
0
0
0
0
0
0
0
0
0
0
0
0
0
0
0
0
0
0
0
0
0
0
0
0
0
4.63211e-16
5.13537e-31
0
0
0
0
0
0
0
0
0
0
0
0
0
0
0
0
0
0
0
0
0
0
0
0
0
0
0
5.45399e-16
0
0
0
0
0
0
0
0
0
0
0
0
0
0
0
0
0
0
0
0
0
0
0
0
0
0
0
7.96596e-17
0
0
0
0
0
0
0
0
0
0
0
0
0
0
0
-4.63194e-16
0
0
0
0
0
0
0
0
0
0
0
0
0
0
0
0
0
0
0
0
0
0
-4.86823e-15
0
0
0
0
0
-1.65433e-14
-2.94567e-14
0
0
0
0
0
0
0
0
0
0
0
0
0
0
0
0
0
0
0
0
0
0
0
0
0
-9.2694e-16
0
0
0
0
0
0
0
0
0
0
0
0
0
0
0
0
0
0
0
0
0
0
0
0
0
0
0
0
0
0
0
0
4.40495e-16
0
0
0
0
0
0
0
0
0
0
0
0
0
0
2.87029e-16
6.90839e-16
0
0
0
0
0
0
0
0
0
0
0
0
0
0
0
0
0
0
0
0
0
0
0
0
0
0
0
0
0
0
0
0
0
0
0
0
0
0
0
0
0
0
0
0
0
0
0
0
0
0
0
0
0
0
0
0
0
0
0
0
0
0
0
0
0
0
0
0
2.68144e-16
0
0
0
0
0
0
0
0
0
0
0
0
0
0
0
0
0
0
0
0
0
0
0
0
0
0
0
0
0
0
0
0
0
0
3.30877e-16
8.43121e-16
0
0
0
0
0
0
0
0
0
0
0
0
5.83549e-16
2.62027e-16
0
0
0
-8.80118e-16
0
0
0
0
0
0
0
0
0
0
0
0
0
0
0
0
0
0
0
0
0
0
0
0
0
0
0
0
0
1.1917e-15
8.79024e-16
0
0
0
0
0
0
5.25113e-16
0
3.63208e-15
0
0
0
0
0
0
0
0
0
0
0
0
0
0
0
0
0
0
0
0
0
0
0
0
0
0
0
0
0
0
0
0
0
0
0
0
0
0
0
0
0
0
0
0
0
0
0
0
0
-1.44423e-15
0
0
0
-3.52448e-14
0
0
0
0
0
0
0
0
0
0
0
0
0
0
0
0
0
0
0
0
0
0
0
0
0
-1.57728e-15
0
0
-5.01126e-15
0
0
0
0
0
0
0
0
0
0
0
0
0
0
0
2.81866e-17
0
0
0
0
0
0
0
0
0
0
0
0
0
0
-4.55091e-14
0
0
0
0
0
0
0
0
0
0
0
0
7.73483e-16
0
0
0
0
0
0
0
0
0
0
0
0
0
0
0
0
0
0
0
0
0
0
0
0
0
0
0
0
0
0
0
0
0
0
0
0
0
0
0
0
0
0
0
0
0
0
0
0
0
0
0
0
0
0
0
0
0
0
0
0
0
0
8.94873e-15
0
0
0
0
0
0
0
0
0
0
0
0
0
0
0
0
2.40563e-15
0
0
0
0
0
0
0
0
0
0
0
0
0
0
0
0
0
0
0
-1.03518e-15
0
0
0
0
0
0
0
0
0
0
4.0586e-16
0
-1.61875e-16
0
0
0
0
0
0
0
0
-4.60358e-14
0
4.03635e-15
0
0
0
0
0
0
0
0
0
0
0
0
0
0
0
0
0
0
0
0
0
5.65569e-17
1.55489e-15
0
0
0
0
0
0
0
0
-9.01659e-17
1.43804e-14
1.97234e-16
7.74697e-17
0
0
0
0
0
0
0
0
0
0
0
0
0
0
0
0
0
0
0
0
0
0
0
0
0
0
8.9506e-14
-1.06301e-13
6.76224e-15
0
0
0
0
0
0
0
0
0
0
0
0
0
0
0
0
0
0
0
0
0
0
0
0
0
0
0
-1.54195e-15
0
0
0
0
0
-4.20088e-14
0
0
0
0
0
0
0
0
0
0
0
0
0
0
0
0
0
0
0
0
0
0
0
0
0
-3.28542e-15
-1.43873e-15
0
0
0
0
0
0
0
0
0
0
5.82722e-15
0
0
0
0
0
0
-6.69044e-16
0
0
0
0
0
0
0
0
0
4.41073e-14
0
0
0
0
0
0
0
0
0
0
0
0
0
0
0
0
0
0
0
0
3.39675e-15
1.60263e-14
0
0
0
0
0
0
0
0
0
0
0
0
0
0
0
0
0
0
0
0
0
0
0
0
0
0
0
0
0
0
0
0
8.3542e-14
0
0
0
0
0
0
0
0
0
2.65398e-14
0
0
0
0
0
0
5.45631e-16
-6.04086e-17
0
0
0
0
0
0
0
0
0
-4.61438e-16
0
0
0
0
0
0
0
0
0
0
0
0
0
0
0
0
0
0
0
0
0
-9.70546e-15
-5.5921e-14
0
0
0
0
0
0
0
0
0
0
0
0
0
0
0
0
0
0
0
0
0
0
0
0
0
0
0
0
0
0
0
0
0
0
0
0
0
0
0
0
0
0
0
0
0
0
0
0
0
0
2.12717e-16
0
-1.1153e-15
-3.94328e-15
0
0
0
0
0
0
0
0
0
0
0
0
0
0
-5.00517e-15
-3.71741e-15
0
0
0
0
0
0
0
0
0
0
0
0
0
0
0
0
0
0
0
0
0
0
0
0
0
0
0
0
0
0
0
0
0
0
0
0
0
0
0
0
0
0
0
0
0
0
0
0
0
0
0
0
0
0
0
0
0
0
0
0
0
0
0
0
0
0
0
0
0
0
0
0
3.79642e-14
4.86456e-14
0
0
0
0
0
0
0
0
0
0
0
0
0
0
0
0
0
0
-2.04011e-16
0
0
0
0
0
-1.64124e-16
0
0
0
0
0
0
-7.84433e-15
3.07628e-14
0
0
0
0
0
0
0
0
0
0
0
0
0
0
0
0
0
-5.69341e-17
0
-1.27649e-16
0
0
0
0
0
0
0
0
0
0
0
0
-2.03932e-16
0
0
0
0
0
0
0
0
0
0
0
0
0
0
0
0
0
0
0
0
0
0
0
0
4.83387e-15
0
0
0
0
0
0
0
0
0
0
0
0
0
0
2.73966e-14
0
0
-9.34075e-15
-9.33125e-17
-2.97385e-17
0
0
0
0
0
0
0
0
0
0
0
0
0
0
0
0
0
0
0
0
0
0
0
0
0
0
0
0
0
0
0
0
0
8.47798e-15
0
0
0
0
0
0
0
0
0
0
0
0
0
0
0
0
0
0
0
0
0
-1.73425e-14
-1.38108e-16
0
1.37221e-16
0
0
0
0
0
0
0
0
0
0
0
0
0
0
0
7.85455e-16
0
0
0
1.96973e-15
0
0
0
0
0
0
0
0
0
0
0
0
0
0
0
2.24111e-15
0
0
0
0
0
0
0
0
0
0
0
0
0
0
0
0
7.19543e-14
0
0
0
0
0
0
0
0
0
0
0
0
0
0
0
0
0
0
0
0
0
0
0
0
0
0
0
0
0
0
0
0
0
0
0
0
0
0
0
0
0
0
0
0
0
0
3.37186e-14
2.3307e-16
0
0
-3.62963e-14
0
0
0
0
0
0
0
0
0
0
0
0
0
0
0
0
0
0
0
0
0
2.64088e-15
0
0
0
0
0
0
0
0
0
0
0
0
0
0
0
0
0
0
0
0
0
0
0
0
-1.4078e-15
0
0
0
0
0
0
0
0
0
0
0
0
0
0
0
0
0
0
0
0
0
0
0
0
0
0
0
0
0
0
0
0
0
0
0
0
0
0
0
-3.58086e-14
0
0
0
0
0
0
0
0
0
0
0
0
0
0
0
0
0
0
0
0
0
0
0
0
0
0
0
0
0
0
0
0
0
0
0
0
0
0
0
0
0
0
0
0
0
0
0
0
-1.96639e-15
0
0
0
0
0
0
0
0
0
0
0
0
0
0
0
1.16133e-15
-7.81053e-16
0
0
0
0
0
0
0
0
0
0
0
0
0
0
0
0
0
-3.72355e-17
-6.57546e-18
0
0
0
0
0
0
0
0
0
0
0
0
0
0
0
0
0
0
0
0
1.90185e-16
0
0
0
0
3.1738e-15
0
0
0
0
0
3.42268e-16
0
1.20532e-15
0
0
0
0
0
0
8.25081e-16
0
0
0
0
0
0
0
1.45057e-19
0
0
-2.50545e-14
4.7512e-16
0
0
0
1.04647e-15
0
0
0
0
0
0
0
0
0
0
0
0
0
0
0
0
0
0
0
0
0
0
0
0
0
0
0
0
0
0
0
0
0
0
0
0
0
0
0
0
0
0
0
0
0
0
0
0
0
0
0
0
0
0
0
0
0
0
0
0
0
0
-1.78727e-16
-2.91528e-17
-3.95586e-14
0
0
0
0
0
0
0
0
0
0
0
0
0
0
0
0
0
0
0
0
0
0
0
0
0
0
0
0
-1.88533e-16
0
0
0
0
0
0
0
0
0
0
0
0
0
0
0
0
0
0
0
0
-1.18287e-18
0
0
0
0
0
0
0
0
0
0
0
0
0
0
0
0
0
0
0
0
0
0
0
0
0
0
0
0
0
0
0
0
0
0
0
0
-5.3573e-18
0
0
0
0
0
0
0
0
0
0
0
0
0
0
1.16858e-14
0
-1.31441e-16
4.94006e-14
7.53122e-14
0
0
0
0
0
0
0
0
0
0
0
0
0
0
0
0
0
0
0
0
0
0
0
0
0
0
0
0
0
0
0
0
0
0
0
0
0
0
0
0
0
0
0
0
0
0
0
0
0
0
0
0
0
0
0
0
0
0
0
0
0
0
0
0
0
0
0
0
0
0
0
1.94231e-16
1.75449e-17
0
0
0
0
0
0
0
0
0
0
0
0
4.72674e-14
1.86131e-14
0
0
0
0
0
0
0
0
0
0
0
0
0
0
1.15105e-16
0
0
0
0
0
0
0
0
0
-4.22205e-14
-4.04376e-14
0
0
0
0
0
0
0
0
0
0
0
0
0
0
-1.97719e-14
0
0
0
8.77703e-17
0
0
0
0
0
0
0
0
0
0
0
0
0
0
0
0
0
0
0
0
0
0
0
0
0
0
0
3.3323e-16
-3.56916e-16
0
0
0
0
0
0
0
2.35546e-17
0
0
0
0
0
0
0
0
0
0
0
0
0
0
0
0
0
0
0
0
0
0
0
0
5.36045e-16
1.51314e-17
0
0
-6.13807e-16
-1.46254e-14
0
0
0
-4.44433e-15
3.58344e-17
0
0
0
0
0
0
0
0
0
0
0
0
0
0
2.55706e-17
0
0
0
0
3.90057e-15
0
0
0
0
0
0
0
0
0
0
0
0
0
0
0
0
0
0
0
0
0
0
0
0
0
0
0
0
0
0
0
0
0
0
0
0
0
0
0
0
0
-4.60974e-17
0
0
0
0
0
0
0
0
0
0
0
0
0
0
0
0
0
0
0
0
0
-1.08434e-14
0
0
0
0
0
0
0
0
0
0
0
0
0
0
0
-1.95188e-14
0
0
0
0
0
0
0
0
0
0
0
0
0
0
0
0
0
0
0
0
0
0
0
0
0
0
0
0
0
0
-5.01896e-17
1.90151e-14
0
0
0
0
0
0
0
8.2326e-15
1.81429e-14
0
-1.02479e-16
1.86181e-15
0
7.71385e-15
0
0
9.84069e-29
0
0
0
0
0
0
0
0
9.97608e-16
0
0
0
0
0
0
0
0
0
0
0
0
0
0
0
4.19026e-16
2.86282e-15
0
0
0
0
0
0
0
0
0
0
0
0
0
0
0
0
0
-1.67675e-14
1.34048e-14
0
0
0
0
0
0
0
0
0
0
0
0
0
0
0
0
0
0
0
0
0
0
0
0
0
0
0
0
0
0
0
0
0
0
0
0
0
0
0
0
0
0
0
0
0
0
0
0
-7.06615e-16
-5.96746e-17
0
0
0
0
0
0
0
0
0
0
0
0
1.0297e-15
3.39444e-15
0
0
0
0
0
0
0
0
0
0
0
0
0
0
0
0
0
0
0
-6.53484e-29
0
0
0
0
0
0
0
0
0
0
0
0
0
0
0
0
0
0
0
0
0
4.89727e-17
2.75021e-17
-2.33521e-17
0
7.87586e-16
0
-4.92801e-15
0
0
0
0
3.8061e-14
0
0
0
0
0
0
0
0
0
0
0
0
0
0
0
0
0
0
0
0
0
0
0
0
0
0
0
0
0
0
0
0
0
0
0
0
0
8.60243e-14
0
0
0
0
0
0
0
0
0
0
0
3.42203e-14
-1.64578e-14
0
0
0
0
0
0
0
0
0
0
0
0
0
0
0
0
0
0
0
0
0
0
0
0
0
0
0
0
0
0
0
0
0
0
-2.3716e-15
0
0
0
0
0
0
7.55388e-16
-1.17861e-15
0
0
-1.43253e-14
0
0
0
0
0
9.06927e-15
0
0
0
0
0
0
0
0
0
0
-7.33988e-18
0
0
0
0
0
0
0
0
0
0
0
0
0
4.36808e-14
0
0
0
0
0
0
0
0
0
0
0
0
0
0
0
0
0
0
0
0
0
0
0
0
0
0
0
0
0
0
0
0
0
8.58452e-15
3.80293e-15
0
0
0
0
0
7.41818e-15
-1.57854e-16
0
0
0
-5.99745e-16
2.03785e-16
0
0
0
0
0
1.41306e-16
0
0
0
0
0
0
0
0
0
3.33871e-14
0
-1.77698e-14
0
0
0
0
0
0
0
0
0
0
0
0
0
0
0
0
0
0
0
0
0
0
0
0
0
0
0
0
0
0
0
0
0
0
0
0
0
0
-9.55844e-15
0
0
0
0
0
0
0
0
0
0
0
0
0
0
0
0
0
0
0
0
0
0
0
0
0
0
0
0
0
0
0
0
0
0
0
0
0
0
0
0
0
0
0
0
0
0
0
0
0
0
0
0
0
0
0
0
0
0
0
0
1.84358e-14
0
0
0
0
0
0
0
0
2.26381e-15
-2.89502e-15
0
0
0
0
0
0
0
0
0
8.44458e-17
0
6.82484e-08
6.82484e-08
6.22368e-08
7.426e-08
7.37725e-08
6.27244e-08
8.71168e-08
4.93801e-08
8.13722e-08
5.51247e-08
6.55183e-08
7.09786e-08
6.39512e-08
7.25457e-08
8.1995e-08
5.45019e-08
6.62534e-08
7.02434e-08
8.41049e-08
5.23919e-08
6.82484e-08
6.82484e-08
6.82484e-08
6.82484e-08
6.79077e-08
6.85892e-08
8.75481e-08
4.89488e-08
6.98767e-08
6.66202e-08
7.90866e-08
8.72184e-08
4.92785e-08
7.77609e-08
5.8736e-08
7.49518e-08
6.15451e-08
5.58444e-08
8.06525e-08
6.82484e-08
8.09603e-08
5.55366e-08
6.96674e-08
6.68295e-08
6.82484e-08
6.82484e-08
6.53366e-08
7.11603e-08
6.90443e-08
6.74526e-08
8.29659e-08
5.3531e-08
5.87695e-08
7.77273e-08
6.0875e-08
7.56219e-08
0
0
0
0
0
0
0
0
0
0
0
0
0
0
0
0
0
0
0
0
0
0
0
0
0
0
0
0
0
0
0
0
0
0
0
0
0
0
0
0
0
0
0
0
0
0
0
0
0
0
0
0
0
0
0
0
0
0
0
-3.9454e-15
0
0
0
0
0
0
0
0
0
0
0
0
0
0
0
0
0
0
0
0
0
0
0
0
0
0
0
0
0
0
0
0
0
0
0
0
0
0
5.94842e-16
0
0
0
1.4575e-15
0
0
0
0
0
0
0
0
0
0
0
0
0
0
0
0
0
0
0
0
0
0
0
0
0
0
0
0
0
0
0
0
0
0
1.65795e-14
2.53766e-15
0
0
0
0
0
0
5.49351e-08
8.15618e-08
5.50563e-08
8.14406e-08
6.83248e-08
6.81721e-08
0
0
0
0
0
6.24514e-08
7.40455e-08
0
8.85176e-08
4.79792e-08
0
0
0
0
0
0
0
0
0
6.91981e-08
6.72988e-08
6.82484e-08
6.82484e-08
0
0
0
0
0
0
6.01718e-15
0
0
0
0
0
0
0
0
0
7.05016e-08
6.59953e-08
0
0
0
0
0
-7.88539e-15
-1.26801e-14
7.27889e-08
6.3708e-08
6.50042e-08
7.14927e-08
0
-3.87179e-15
-4.04361e-15
0
6.06637e-08
7.58331e-08
0
0
0
0
0
0
0
0
0
0
0
0
0
0
0
0
0
0
0
0
0
0
0
0
0
0
8.09326e-08
5.55642e-08
0
0
0
4.72847e-16
0
0
0
0
6.82484e-08
6.82484e-08
0
0
0
0
-1.35611e-14
2.5584e-15
8.77579e-15
6.75684e-08
6.89285e-08
7.30087e-08
6.34881e-08
0
0
0
6.24595e-08
7.40374e-08
0
0
0
0
7.75197e-08
5.89772e-08
0
0
8.18694e-08
5.46275e-08
0
0
0
0
2.63496e-16
-3.94222e-16
0
0
0
2.4642e-16
0
0
0
0
6.94078e-08
6.70891e-08
0
0
0
0
0
0
0
0
0
0
0
0
0
0
0
0
0
6.64854e-08
7.00115e-08
0
0
0
0
7.15285e-08
6.49684e-08
0
6.753e-08
6.89669e-08
0
0
0
0
0
0
0
0
8.71601e-08
4.93368e-08
6.19425e-08
6.57153e-08
7.07815e-08
6.82484e-08
6.82484e-08
6.26496e-08
7.38473e-08
6.82484e-08
6.82484e-08
6.79286e-08
6.85683e-08
0
0
0
0
0
0
0
0
0
0
0
0
0
0
0
0
0
0
0
6.82484e-08
6.82484e-08
-4.60247e-15
6.6827e-08
6.96699e-08
6.98364e-08
6.66605e-08
0
0
0
9.0799e-15
0
0
7.55745e-08
6.09223e-08
0
0
5.7651e-08
7.88459e-08
6.82484e-08
6.82484e-08
0
0
0
0
0
0
6.7025e-08
6.94719e-08
0
0
0
0
0
0
0
7.74698e-08
5.90271e-08
0
0
0
0
0
0
0
0
0
0
0
6.82484e-08
6.82484e-08
0
0
7.42286e-08
6.22682e-08
0
0
0
0
0
0
0
0
3.87587e-15
8.54493e-08
5.10476e-08
0
0
0
6.82484e-08
6.82484e-08
0
6.82484e-08
6.82484e-08
0
8.3154e-08
5.33429e-08
0
0
-1.67883e-14
0
0
0
0
1.02265e-07
1.01512e-07
-1.01512e-07
-1.12343e-07
1.12343e-07
1.24555e-07
-1.24555e-07
-1.29246e-07
1.29246e-07
0
0
0
0
0
0
3.05718e-15
0
0
0
0
0
0
0
3.24835e-16
1.83244e-14
0
0
0
0
0
0
0
0
0
0
0
0
8.4176e-08
5.23208e-08
6.57346e-16
-5.79777e-15
0
0
0
0
0
0
-7.25824e-16
0
0
0
0
0
0
6.82484e-08
6.82484e-08
-4.49114e-15
0
0
0
0
0
0
0
0
0
0
6.41682e-08
7.23287e-08
0
0
0
0
0
3.81431e-15
0
0
-1.71865e-16
0
0
0
7.64494e-08
6.00475e-08
0
0
0
9.36998e-08
4.27971e-08
0
0
-2.39749e-14
4.00706e-15
0
0
0
0
0
0
0
0
0
0
0
0
0
0
7.52047e-08
6.12922e-08
0
1.49338e-14
7.37739e-14
0
0
0
0
0
7.10903e-14
0
0
0
0
6.56168e-08
7.08801e-08
8.59306e-08
5.05663e-08
0
-4.73527e-14
0
0
6.98725e-08
6.66244e-08
0
0
0
0
8.36207e-16
8.06651e-15
0
7.79389e-08
5.8558e-08
0
0
0
0
0
0
0
0
0
0
0
0
0
0
0
0
0
6.39376e-08
7.25593e-08
0
0
0
0
0
0
0
0
0
0
0
0
0
0
0
0
0
6.92146e-08
6.72823e-08
6.82484e-08
6.82484e-08
0
6.92411e-08
6.72558e-08
1.15581e-14
0
0
0
8.84143e-16
-1.08218e-16
0
0
0
0
0
0
0
0
0
2.67487e-15
0
0
0
0
0
0
0
0
0
0
0
0
-4.32652e-16
0
0
0
0
0
0
0
0
0
-2.50238e-16
0
0
0
0
0
0
0
0
0
0
-8.53927e-16
0
0
0
0
0
0
0
0
0
0
0
0
0
2.63776e-16
0
0
0
0
0
0
0
0
0
0
0
0
0
0
0
0
0
0
0
0
0
0
0
0
0
0
0
0
0
0
0
0
0
0
0
0
0
0
0
0
0
0
0
0
0
0
0
0
0
0
-1.1681e-16
0
0
0
6.82484e-08
6.82484e-08
0
0
0
0
0
0
0
0
0
0
0
0
0
0
0
0
0
0
0
0
0
0
0
0
0
0
0
0
0
0
0
0
0
0
0
0
0
0
0
0
-3.46694e-16
0
0
0
0
0
0
0
0
0
0
0
0
0
7.39282e-08
6.25687e-08
6.97872e-08
6.67097e-08
0
0
0
0
0
0
0
0
0
0
0
0
0
0
0
0
0
0
0
0
0
0
0
0
0
0
0
0
0
0
0
0
0
0
0
-4.56049e-17
0
0
0
0
0
0
0
0
0
0
3.30586e-29
4.527e-14
0
0
0
0
0
-1.87995e-14
0
0
0
0
0
0
0
0
0
0
0
0
0
0
0
1.33389e-14
0
0
0
0
0
0
0
0
-1.3153e-17
0
0
7.39164e-08
6.25805e-08
0
0
0
0
0
0
0
0
0
0
0
0
0
0
0
0
0
0
0
0
0
0
0
0
0
0
0
0
0
0
1.13788e-14
-3.26101e-29
0
0
0
0
0
0
0
0
0
0
0
0
0
0
0
0
0
0
0
0
0
0
0
0
0
0
0
0
0
0
0
0
0
0
0
0
0
-3.99697e-15
1.93901e-15
0
0
0
0
0
0
0
0
0
0
0
0
0
0
0
0
0
0
0
0
0
8.39183e-18
0
0
0
0
0
0
0
0
0
7.64552e-08
6.00416e-08
1.62524e-15
0
0
0
0
0
0
0
0
0
0
0
0
0
0
0
6.551e-16
-4.65777e-16
0
0
0
0
0
0
0
0
0
0
0
0
0
0
0
0
0
0
0
0
0
0
-7.56095e-16
-5.90643e-16
-6.54976e-17
0
0
0
0
0
0
0
0
0
0
0
0
0
0
0
0
0
0
0
0
0
0
0
0
0
0
0
0
0
0
-8.45685e-30
0
0
0
0
0
0
0
0
0
0
0
0
3.28687e-15
9.62633e-16
0
0
0
0
0
0
0
-2.59506e-16
-3.92548e-17
1.76075e-14
0
3.9468e-15
0
0
0
-2.80844e-14
7.08295e-08
6.56674e-08
0
0
0
0
0
0
0
0
-6.3189e-14
-1.96193e-14
0
0
1.51626e-16
0
0
0
0
9.00007e-15
0
0
0
0
0
0
0
0
0
3.81617e-18
0
0
0
0
0
0
0
0
0
0
0
0
1.09075e-14
0
0
0
0
-1.18467e-16
0
0
0
0
0
0
0
0
0
0
0
0
0
0
0
0
0
0
0
0
0
0
0
0
0
0
0
0
0
-2.34747e-15
0
1.18301e-15
0
0
0
0
0
0
0
0
0
0
2.22013e-14
0
0
0
0
0
0
0
0
-1.29437e-16
0
0
0
0
0
0
0
0
0
0
0
0
0
0
0
0
0
0
0
0
0
0
0
0
0
0
0
0
0
0
0
0
0
0
-1.52378e-14
3.2349e-15
0
0
0
0
0
0
2.03043e-14
1.65202e-14
0
0
0
0
0
0
0
0
0
0
0
0
0
0
0
0
0
0
1.16108e-07
-1.16108e-07
6.82484e-08
6.82484e-08
0
0
0
0
0
-3.56037e-14
0
0
0
0
0
0
0
0
0
0
0
7.28357e-08
6.36612e-08
0
0
0
0
0
0
0
0
0
0
0
9.53414e-15
0
0
0
0
0
0
0
0
0
0
-4.45296e-16
0
5.28674e-17
0
0
0
0
1.09729e-15
3.3792e-15
0
0
0
0
0
0
0
0
0
0
0
0
0
0
0
0
0
0
-1.03376e-14
0
0
0
0
0
0
0
0
0
0
0
0
0
0
0
0
0
0
0
0
0
0
0
0
-8.3634e-18
0
0
0
0
4.2333e-16
-6.08367e-17
0
0
0
0
0
0
0
-1.44669e-15
0
3.30205e-15
0
0
0
0
0
0
0
0
0
0
0
0
0
0
0
0
0
0
0
-9.78937e-16
0
0
0
2.86201e-14
1.62821e-14
0
0
0
-7.04167e-17
0
0
0
0
0
0
0
0
0
0
0
0
0
0
0
0
0
0
0
0
1.35122e-07
-1.35122e-07
-1.37205e-07
1.37205e-07
0
0
0
0
-1.13533e-07
1.13533e-07
0
0
0
0
0
0
0
-6.67915e-15
0
0
0
0
0
0
0
0
0
0
0
0
0
0
0
0
0
0
0
0
0
0
0
0
0
0
0
0
0
0
0
0
0
0
0
0
0
0
0
0
0
0
0
0
0
0
0
0
0
0
0
0
0
0
0
0
0
0
0
0
0
0
0
0
1.18148e-14
0
0
0
0
0
0
0
0
0
-1.23602e-07
1.23602e-07
0
0
0
0
0
0
0
0
0
0
0
0
0
0
0
1.93779e-15
0
8.50549e-16
0
0
0
0
0
0
0
0
0
0
0
7.47371e-08
6.17598e-08
0
0
0
0
0
0
0
0
0
0
0
0
0
0
0
0
0
0
0
0
0
0
0
0
0
0
0
-1.63528e-14
0
0
0
0
0
0
0
0
0
0
0
0
0
0
0
-1.4471e-15
0
0
0
0
0
0
0
1.28219e-14
0
0
0
0
0
0
0
0
0
0
0
0
0
0
0
0
5.78515e-14
0
0
0
0
0
0
0
0
0
0
0
0
0
0
0
0
0
0
0
0
0
0
-4.75919e-17
2.79573e-16
0
0
0
0
0
0
0
0
0
0
0
0
0
0
6.82484e-08
6.82484e-08
0
0
0
0
0
0
0
0
0
0
0
0
0
0
0
0
0
5.6216e-08
8.02809e-08
0
0
0
0
0
0
0
0
0
0
0
0
0
0
0
0
0
0
0
0
0
0
0
0
0
0
0
0
0
-5.13537e-31
0
0
0
0
0
0
0
0
0
0
-9.26002e-17
0
0
0
0
0
-5.58178e-15
0
0
-5.97214e-15
0
0
0
0
0
0
0
0
0
0
0
0
0
0
0
0
0
0
0
0
0
0
0
0
5.12054e-14
0
0
0
0
0
0
0
0
0
0
0
1.33996e-17
0
0
0
0
0
0
0
0
0
0
0
0
0
0
0
0
7.00394e-08
6.64575e-08
0
0
0
0
0
0
5.8336e-08
7.81609e-08
0
0
0
0
0
-1.3323e-17
-5.95996e-16
9.27938e-17
0
0
0
0
0
0
0
0
0
0
0
0
0
0
0
0
0
0
0
0
0
0
0
0
0
0
0
0
0
0
8.16801e-16
0
-1.15744e-16
0
0
0
0
0
0
0
0
0
0
0
0
0
0
0
0
0
0
0
0
0
0
0
0
0
4.95609e-15
0
2.88997e-15
-3.48442e-16
0
0
0
0
0
0
0
0
0
0
0
0
0
0
0
0
0
0
0
0
0
0
0
0
0
0
0
0
0
0
0
0
0
0
0
-1.201e-07
1.201e-07
0
0
0
0
0
0
0
0
-5.3692e-17
0
0
0
0
0
0
0
0
0
0
0
0
0
0
0
0
0
0
1.91024e-16
0
0
0
0
0
0
0
0
0
0
0
0
0
0
0
0
0
0
0
0
0
0
8.02798e-16
0
0
0
1.81266e-15
-6.89549e-15
0
0
0
0
0
0
0
0
0
0
0
0
0
0
0
0
0
0
0
0
0
0
0
0
0
0
0
0
0
0
0
0
0
0
0
0
0
0
0
0
0
0
0
0
0
0
0
0
0
0
0
0
0
0
0
0
0
0
0
-3.9083e-15
0
0
0
0
0
0
0
0
0
0
0
0
0
0
0
0
0
0
0
0
0
0
0
0
0
0
0
0
0
0
0
0
0
0
0
0
0
0
0
0
0
0
0
0
0
0
0
0
0
0
0
0
0
0
0
0
0
0
0
0
0
0
0
0
0
2.6733e-16
5.12786e-31
0
0
0
0
0
0
0
0
0
0
0
0
0
0
0
0
0
0
0
0
0
0
0
0
0
0
0
0
0
0
0
0
0
0
0
0
0
0
0
0
0
0
0
0
0
0
-1.16728e-16
0
0
0
0
0
0
-1.17934e-16
0
0
0
0
0
-5.48436e-15
-2.49049e-14
0
0
0
0
0
0
0
0
0
0
0
0
0
0
0
0
1.25023e-15
0
0
8.43094e-14
0
0
0
0
0
0
0
0
0
0
0
0
0
0
0
0
0
0
0
0
0
0
0
0
0
0
0
0
0
0
0
0
0
0
0
0
0
0
0
0
0
0
0
0
0
0
0
0
0
0
0
0
0
0
0
0
0
0
0
0
0
0
0
-9.5458e-17
0
0
0
0
0
0
-5.62035e-16
0
0
0
0
0
0
0
0
0
0
0
0
0
0
0
0
0
0
0
0
0
0
0
-5.51655e-14
0
0
0
0
0
0
-1.88464e-15
5.10534e-31
0
0
0
-2.3327e-14
-4.78432e-15
0
2.24398e-16
0
0
0
0
0
0
0
0
0
0
0
1.17593e-16
0
0
0
0
0
0
0
0
0
0
0
0
0
0
0
0
0
0
0
0
0
0
0
0
0
0
0
0
0
-1.35392e-16
1.05455e-15
0
0
0
0
0
3.42507e-16
0
0
0
0
0
0
0
3.20747e-16
0
0
0
0
0
0
0
0
0
0
0
0
0
0
0
0
0
0
0
0
0
0
0
0
0
0
0
1.21158e-07
-1.21158e-07
0
0
0
0
0
0
0
0
0
0
0
0
0
0
0
0
0
0
0
0
0
0
0
-1.29377e-07
1.29377e-07
0
0
0
2.92148e-16
0
2.89296e-16
0
0
0
0
0
0
0
0
0
0
0
0
0
0
0
0
0
0
0
0
0
0
0
0
0
0
0
0
0
0
0
0
0
0
0
0
3.44416e-16
6.67065e-08
6.97903e-08
0
0
0
0
0
0
0
0
1.46754e-15
0
3.95782e-15
0
0
0
0
1.493e-16
0
0
0
-2.43579e-16
-1.59332e-15
0
0
0
0
0
0
0
0
0
0
0
0
0
0
0
0
0
0
0
0
0
0
0
0
0
0
0
0
0
0
0
0
0
0
0
0
0
0
0
0
0
0
0
0
0
0
0
0
0
0
0
0
0
6.18811e-08
7.46158e-08
0
0
0
0
0
0
0
0
0
0
0
0
0
0
0
0
0
0
0
0
0
0
-2.43486e-15
0
0
0
0
0
0
0
0
0
0
0
0
0
0
0
0
0
0
0
0
0
0
0
0
0
0
0
-1.09558e-07
1.09558e-07
0
0
0
0
-6.66869e-16
0
0
0
0
0
0
0
0
0
0
0
0
0
0
0
0
0
0
0
0
0
0
0
0
0
0
0
0
0
0
0
0
0
0
0
0
0
0
0
0
0
0
0
0
0
0
0
3.60943e-16
0
0
0
0
0
0
0
0
0
0
0
0
0
0
0
0
0
0
0
0
0
0
0
0
0
0
0
0
0
-3.56923e-16
-3.59285e-16
0
0
0
0
0
0
0
0
0
0
0
0
0
0
0
0
0
0
0
0
0
0
-2.75845e-15
0
0
0
0
0
0
0
0
0
2.4261e-16
0
0
0
0
0
0
0
0
0
0
0
0
0
0
0
2.23148e-16
2.40067e-16
0
-1.9037e-15
0
0
0
0
0
0
-1.84999e-16
5.8757e-16
-6.86831e-15
0
0
0
0
0
0
3.97608e-16
3.23151e-16
0
-2.98434e-14
0
0
0
0
0
0
0
0
0
0
1.05272e-16
0
-3.45533e-16
0
0
0
0
0
0
0
0
0
0
0
0
0
0
0
0
0
0
0
0
0
0
0
0
0
0
0
0
0
0
0
0
0
0
0
0
0
0
0
0
0
0
0
0
5.90425e-16
0
0
0
0
0
0
0
0
0
0
0
0
0
0
0
0
0
0
0
0
0
0
0
-5.90787e-15
0
0
0
0
0
0
0
0
0
0
0
0
0
0
0
0
0
0
0
0
0
0
0
0
0
0
0
0
0
0
0
0
0
0
0
0
0
0
0
0
3.81726e-16
0
0
0
0
0
0
0
0
0
0
0
0
0
0
0
0
0
0
0
0
0
6.94767e-16
2.88416e-16
0
2.30039e-16
0
0
0
0
0
0
0
1.85866e-16
0
0
0
0
0
0
0
0
1.7056e-16
0
0
0
0
0
0
0
0
0
0
0
0
0
0
0
0
4.69968e-14
-3.40472e-14
0
0
0
0
0
0
0
0
0
0
0
0
0
0
0
0
3.36006e-16
0
0
3.80223e-16
0
0
0
0
0
0
0
2.35794e-16
0
0
0
0
0
0
0
0
9.21737e-17
0
0
0
0
0
0
0
3.9211e-17
0
0
0
1.56448e-15
0
0
0
0
0
0
0
0
0
0
0
0
7.72759e-08
5.9221e-08
0
2.60284e-16
1.32048e-16
0
0
0
0
0
0
0
0
0
0
0
0
0
0
0
0
0
0
0
0
0
0
0
0
0
0
0
0
0
0
0
-1.67423e-14
0
0
0
0
0
0
0
0
0
0
0
0
0
0
0
0
0
0
0
-1.13519e-15
1.94773e-15
0
0
0
0
0
0
0
0
0
0
0
0
0
0
0
0
0
0
0
0
0
0
0
0
2.45607e-16
0
-9.49517e-16
0
0
1.0652e-15
4.37369e-18
0
0
0
0
0
0
0
0
3.38808e-14
-6.19019e-16
0
0
0
0
0
0
0
2.30641e-30
0
0
0
0
0
0
0
0
0
4.46596e-17
-8.80205e-17
0
2.30062e-14
1.38855e-14
0
5.27569e-16
0
0
0
0
0
0
0
0
0
8.87058e-15
2.76512e-16
0
0
0
0
0
0
0
0
0
0
0
0
0
0
0
0
-1.71877e-17
0
0
0
0
0
0
1.95875e-16
-4.05811e-16
0
0
0
0
0
0
0
-8.31675e-15
0
0
0
0
0
0
0
0
0
-1.9432e-16
0
0
0
0
0
0
0
0
0
0
0
0
0
0
0
0
0
0
0
0
0
0
0
0
0
0
0
0
0
0
0
0
0
0
0
-4.32148e-15
0
0
0
0
0
0
0
0
0
0
0
0
0
0
0
0
0
0
0
0
0
0
0
0
0
0
0
0
0
0
0
0
0
0
0
0
0
0
0
0
0
0
0
0
0
0
0
0
0
0
-8.3877e-15
0
0
0
0
6.67841e-15
0
0
0
0
0
0
0
0
0
-2.18047e-17
0
0
0
0
0
0
0
-3.88097e-16
7.98672e-15
0
0
0
0
0
0
-3.97173e-15
0
0
0
0
0
0
0
0
0
0
0
0
0
0
2.60361e-16
0
0
0
0
0
0
0
0
0
0
0
0
0
0
0
-1.77764e-17
0
0
0
0
0
0
0
0
0
0
0
0
5.36409e-15
0
0
0
0
0
0
0
0
0
0
0
0
0
0
0
0
0
5.96305e-08
7.68664e-08
0
0
0
0
3.48791e-16
0
0
-4.55001e-15
0
0
0
0
0
0
0
0
0
0
0
0
0
0
0
0
0
0
0
0
0
0
0
0
1.47466e-15
0
0
0
0
0
0
0
0
0
0
0
0
0
0
0
0
0
0
0
0
0
0
0
0
0
0
0
0
0
0
0
1.61212e-15
-6.4115e-16
0
-1.33141e-16
3.75891e-14
0
0
0
0
0
0
0
0
0
0
0
0
0
0
0
0
0
0
0
0
0
0
-2.3425e-16
1.23902e-16
0
3.74795e-14
0
0
0
0
3.77244e-18
0
0
0
0
0
0
0
0
0
0
0
9.44005e-16
0
0
0
0
0
0
4.94121e-16
0
0
0
0
0
0
0
-2.41585e-15
0
0
0
0
0
0
0
0
0
0
0
0
0
0
0
0
0
0
0
0
0
0
0
0
0
0
0
0
0
0
0
0
0
0
0
0
0
0
0
0
0
0
0
0
0
0
0
0
0
0
0
0
0
0
-3.17923e-16
0
0
-6.65533e-16
0
0
0
0
0
0
0
0
0
0
9.98188e-16
0
5.17194e-08
0
0
0
0
0
0
0
0
0
0
0
0
0
0
0
0
0
0
0
0
0
0
0
0
0
-2.44032e-17
2.6245e-17
0
0
0
0
0
0
0
0
0
0
0
0
0
0
0
0
0
0
0
0
0
0
0
0
1.32807e-14
-3.83478e-15
0
0
0
0
0
0
0
0
0
0
0
0
0
0
0
0
0
0
0
1.4149e-15
0
0
0
0
0
0
0
0
0
0
0
0
4.41439e-14
0
0
0
0
0
0
0
0
0
0
0
0
0
0
0
0
0
0
0
0
0
0
0
0
0
0
0
0
0
0
0
0
0
0
0
0
0
0
0
0
0
0
-2.82676e-17
1.18655e-14
0
8.97416e-17
0
0
0
0
0
0
0
0
0
0
0
3.77011e-18
0
0
0
0
0
0
0
0
0
0
0
0
0
0
0
0
0
0
0
0
0
0
0
0
0
-1.34774e-16
-3.49257e-16
0
0
0
0
0
0
0
0
0
0
0
0
0
0
0
0
0
0
4.42442e-16
3.1126e-16
0
0
0
0
0
0
0
0
0
0
0
0
0
0
0
0
0
0
0
0
2.11553e-17
0
0
0
0
0
0
0
0
0
0
0
0
0
0
0
0
3.16895e-15
0
0
0
0
0
0
0
0
0
0
0
0
0
0
0
-1.3664e-16
-1.80485e-16
0
0
0
0
0
0
0
0
0
0
0
0
0
0
0
0
0
0
0
0
0
0
0
0
0
0
0
0
0
0
0
0
0
0
0
0
0
0
0
0
0
0
0
0
0
0
0
0
0
0
0
0
0
0
0
0
0
0
0
0
0
-1.26001e-07
0
0
0
1.53794e-16
0
0
0
0
0
0
0
0
0
0
0
0
0
0
0
0
0
0
0
0
0
0
0
0
0
0
0
0
0
0
0
0
0
0
0
0
8.77502e-15
0
0
0
0
0
0
0
0
0
0
0
0
0
0
0
0
0
0
0
0
0
0
0
0
0
0
0
0
0
0
0
0
0
0
0
0
0
0
0
0
0
0
0
0
0
0
0
1.70042e-14
0
0
0
0
0
0
0
0
0
0
0
0
0
0
0
0
0
0
0
0
0
0
0
0
0
0
0
0
0
0
0
0
0
0
0
0
0
0
0
0
0
0
0
-5.0418e-08
0
0
0
0
0
0
0
0
0
0
0
0
0
0
0
0
0
0
1.79614e-16
1.26396e-16
0
0
0
0
0
0
0
0
0
0
0
0
0
0
0
0
0
0
0
0
0
0
0
0
0
0
0
0
0
0
0
3.50667e-15
0
0
0
0
0
0
0
0
0
0
0
2.3877e-16
0
0
0
0
0
0
0
0
0
0
0
0
0
0
0
0
0
0
0
0
0
0
0
0
0
0
0
0
0
0
0
0
0
-8.60789e-08
0
0
-8.00682e-08
0
0
0
0
0
-7.19955e-16
0
0
0
0
0
0
0
0
0
0
0
0
0
-3.04521e-14
0
0
0
0
0
0
0
0
0
0
0
0
0
0
0
0
6.84655e-16
0
0
0
0
0
0
0
0
0
0
0
0
0
0
0
0
0
0
0
0
0
0
0
0
0
0
0
0
0
0
0
0
0
0
0
0
0
0
0
0
0
0
0
9.96716e-16
0
0
0
0
0
0
0
0
-3.82579e-14
0
0
0
-7.10144e-08
0
0
0
0
0
0
0
0
0
8.37327e-19
0
0
0
0
0
-1.04851e-15
1.02107e-30
0
0
0
0
0
-1.17179e-13
-6.82484e-08
0
0
0
0
0
0
0
-6.61727e-18
0
0
0
0
0
0
0
0
0
0
0
0
0
0
0
0
0
0
0
0
0
-8.25632e-16
0
0
0
0
0
0
0
0
1.23741e-15
0
0
0
0
0
0
0
0
0
0
-5.64286e-08
0
0
0
0
0
0
-1.37457e-17
0
0
0
0
6.82484e-08
0
0
0
0
0
0
0
0
0
0
-2.36809e-14
0
0
0
0
0
0
0
-8.28313e-16
0
0
0
0
0
0
-2.17204e-16
0
0
0
0
0
0
0
0
0
0
0
0
0
-6.54825e-08
0
0
0
0
0
0
0
0
0
0
0
0
0
0
0
0
0
0
0
0
0
0
0
0
0
0
0
0
-1.54901e-16
1.15403e-15
3.91571e-16
0
0
0
0
0
0
-2.52961e-16
0
0
0
0
0
0
0
0
0
0
0
0
0
0
0
0
0
0
0
0
0
0
0
0
0
0
0
0
0
2.02561e-15
0
0
0
0
0
0
0
0
0
2.8792e-17
0
0
0
0
0
0
0
0
0
0
0
0
0
0
0
0
0
0
0
0
0
0
0
0
-4.8279e-16
0
9.47993e-17
0
0
0
0
0
0
0
0
0
7.6476e-16
0
0
0
0
0
0
0
0
0
0
0
0
0
0
0
0
0
0
0
0
-6.82484e-08
0
0
-1.13753e-16
0
1.37611e-16
-1.87357e-14
0
0
0
0
0
-1.56628e-15
0
0
0
0
1.90659e-14
0
0
0
0
0
0
0
0
0
0
0
0
0
0
0
0
2.09104e-14
0
0
0
0
0
0
0
0
0
0
0
0
0
0
0
0
0
0
0
0
0
0
0
0
0
0
0
0
4.63149e-17
0
0
0
0
-9.20649e-18
-7.88819e-16
0
0
0
0
0
0
0
0
0
0
0
0
-6.82484e-08
0
0
0
0
0
0
0
0
0
0
0
0
0
0
0
0
0
0
0
0
0
-8.36371e-16
0
0
0
0
0
0
0
3.06507e-15
0
0
0
0
0
0
0
3.04991e-16
0
0
0
0
0
0
0
0
0
0
0
0
0
0
0
0
0
0
0
0
0
0
0
-1.70745e-16
-1.91781e-15
0
3.39369e-17
0
0
0
0
0
0
0
0
0
0
0
0
0
0
0
0
0
0
0
0
0
0
0
0
0
0
1.42931e-16
0
-4.57663e-17
0
0
2.17897e-15
0
0
0
0
0
0
0
1.11764e-17
0
0
0
0
0
0
0
0
0
0
0
1.61748e-15
0
0
0
-8.27401e-08
0
0
0
0
0
0
0
-6.28401e-08
0
0
0
0
0
-1.37745e-16
0
0
0
0
0
0
0
0
0
0
0
0
0
1.40913e-15
0
0
0
0
0
0
0
0
-5.51719e-16
0
0
0
0
0
-6.82484e-08
2.2948e-16
0
0
0
0
0
0
0
-1.41636e-15
0
0
0
0
0
0
0
0
0
0
0
0
0
0
-5.37568e-08
0
0
0
0
-6.85373e-08
0
0
0
0
0
0
0
0
0
0
0
-6.99213e-08
0
0
0
0
0
0
0
0
-4.70734e-14
0
0
1.94515e-14
0
0
0
0
0
0
0
0
0
-7.57976e-08
0
0
0
0
9.09598e-15
0
-7.36568e-08
-6.79596e-08
0
-8.89354e-16
0
-8.80011e-16
0
0
0
0
0
0
0
0
0
-4.51415e-15
7.63862e-15
0
0
0
0
0
0
0
0
0
0
0
0
0
0
0
0
0
0
0
0
0
0
0
0
0
0
0
0
0
-6.65756e-08
0
0
0
0
0
0
0
0
0
0
0
0
0
0
0
0
1.69032e-14
-1.81515e-16
0
0
2.73427e-16
0
0
0
0
0
0
0
0
1.03149e-16
0
0
0
0
5.17818e-17
0
0
0
0
0
0
0
0
0
0
0
0
0
0
0
0
0
0
0
0
0
0
0
0
-3.43713e-16
0
0
0
0
0
8.54939e-17
0
0
0
0
0
0
0
0
0
0
0
0
0
0
0
0
0
0
0
0
0
1.6014e-15
0
0
0
0
0
0
0
0
0
0
-7.97212e-16
0
0
0
0
0
0
0
0
0
0
0
0
0
9.04468e-15
0
0
0
0
0
0
0
0
0
0
0
0
0
0
0
0
0
0
0
-6.40455e-16
0
1.53993e-15
0
0
0
0
0
0
0
0
0
0
0
0
0
0
0
0
0
0
0
0
0
0
0
0
0
0
0
0
0
0
0
0
0
0
0
0
0
0
0
0
0
0
0
0
0
0
0
0
0
0
0
0
3.00359e-16
0
0
0
0
0
0
0
0
0
0
0
0
0
0
0
0
0
0
0
0
0
0
0
0
0
0
0
0
0
0
0
0
0
0
4.69647e-17
-8.39955e-17
-2.55267e-31
0
0
0
0
0
0
0
0
-1.17367e-16
0
0
0
0
1.05223e-16
0
0
0
0
0
0
0
0
0
0
0
0
0
0
0
0
0
0
0
0
0
0
0
0
0
0
0
0
0
0
0
0
0
0
0
0
0
0
0
0
0
-2.48153e-15
0
0
0
0
0
0
0
-6.36104e-08
-4.97361e-15
0
0
0
0
0
0
0
0
0
0
0
0
0
0
0
0
0
0
0
0
0
0
0
0
0
0
0
-6.678e-08
0
0
0
0
0
0
0
0
0
0
-7.5797e-08
0
0
0
0
0
0
0
0
0
0
0
-1.02407e-30
0
0
0
0
0
0
0
0
-6.75647e-08
0
0
0
0
0
0
0
0
0
0
0
3.02487e-15
-2.01811e-30
-1.19169e-16
0
0
0
0
0
-6.97168e-08
0
0
0
0
0
0
0
0
0
0
0
0
0
0
0
0
0
0
0
0
0
0
0
0
0
0
0
0
0
0
0
0
0
0
0
0
9.94961e-15
0
0
0
0
0
0
0
0
0
0
0
0
0
0
0
-2.63406e-14
0
0
0
0
-7.28864e-08
0
-6.89322e-08
0
0
0
0
0
0
0
0
0
0
0
0
0
0
0
0
0
0
0
0
0
0
0
0
0
0
0
0
7.06915e-16
-6.82484e-08
0
0
0
0
0
0
0
0
0
0
0
0
0
0
0
0
0
0
-1.52769e-16
0
0
0
0
0
0
0
0
0
0
-6.68827e-08
3.49065e-16
0
0
0
0
0
0
0
0
0
0
0
0
-1.15765e-16
0
-4.12854e-15
0
0
0
0
0
0
0
0
0
0
0
0
0
0
0
0
0
0
0
0
0
0
-2.8352e-16
0
0
0
-2.19317e-18
-6.06999e-08
0
1.84713e-17
0
0
0
0
0
3.52009e-08
0
0
0
-6.40424e-18
0
0
0
0
0
-4.98151e-08
0
0
0
0
0
0
0
0
0
0
0
0
0
1.56749e-15
0
0
0
0
0
0
0
0
0
0
4.59824e-17
-4.12212e-15
0
0
0
0
0
0
0
0
0
2.0535e-17
0
0
0
0
0
0
0
0
0
0
0
0
0
0
0
0
0
0
0
0
0
0
-6.82484e-08
0
0
-9.05027e-08
0
0
0
0
0
0
0
0
0
0
0
0
0
0
0
-3.95363e-16
0
0
0
0
0
0
0
0
0
0
0
0
0
0
-7.42789e-08
0
0
0
0
0
0
0
0
0
0
0
0
0
-3.66749e-16
0
0
1.74881e-17
0
0
0
0
2.84804e-16
0
0
0
0
0
9.53344e-17
0
0
0
0
-6.82484e-08
0
0
0
0
0
0
0
0
0
0
0
0
0
0
-6.37241e-14
0
0
0
0
0
0
0
0
0
0
0
0
0
0
-5.66056e-14
0
0
0
-7.97813e-08
0
-5.12036e-31
0
0
0
0
0
0
0
0
0
-6.69214e-08
-1.07278e-15
0
0
0
0
0
0
0
0
0
0
0
0
0
0
9.37812e-08
6.06993e-08
0
0
0
0
0
0
0
0
0
0
-6.95873e-08
0
0
-6.82484e-08
0
0
0
0
0
0
1.47717e-16
0
0
0
0
0
0
0
0
0
0
0
0
0
0
0
0
0
0
0
0
0
0
-6.84484e-08
0
-4.20639e-16
-6.82484e-08
0
0
0
0
0
0
0
0
0
0
0
0
0
0
0
0
0
0
2.73786e-15
0
0
0
0
0
0
0
0
0
0
0
0
0
0
0
0
0
0
0
0
0
0
0
0
0
0
0
0
0
0
0
0
0
0
0
0
0
0
0
0
0
0
0
0
0
0
0
0
0
0
0
0
0
0
0
0
1.12401e-17
0
0
0
0
0
0
0
0
0
0
-6.80485e-08
0
0
0
0
0
0
0
0
0
0
0
0
0
0
0
0
0
-8.09026e-08
0
0
0
0
0
0
0
0
0
-8.68783e-08
0
0
0
0
0
0
0
0
0
0
0
1.543e-16
0
0
0
0
0
0
0
0
0
0
0
0
0
0
0
-1.22688e-15
0
0
0
0
0
0
0
0
0
0
0
0
0
0
0
0
-1.26959e-17
1.44958e-17
0
0
0
0
0
0
0
0
0
0
0
0
0
0
0
0
0
0
0
0
0
0
0
0
0
0
0
0
0
0
0
0
0
0
0
0
0
0
0
0
0
0
0
0
0
0
0
-4.25508e-17
0
0
0
0
0
0
0
0
0
0
0
0
0
0
0
0
0
0
0
0
0
0
0
0
0
0
0
0
0
0
0
1.15965e-16
0
0
0
0
0
0
0
0
0
0
0
-3.834e-17
0
0
0
0
0
0
0
0
0
0
0
0
0
0
0
0
0
0
0
0
0
0
0
0
0
0
0
0
0
0
0
0
0
0
0
3.30094e-16
0
0
0
0
0
0
-1.02107e-30
0
0
0
0
0
0
-8.5791e-17
0
0
0
0
0
0
0
8.09026e-08
0
0
0
0
0
0
0
0
9.94491e-15
2.15102e-15
0
0
0
0
0
0
0
0
0
0
0
8.68783e-08
0
0
0
0
0
0
0
5.40115e-17
0
0
-8.05191e-17
0
0
0
0
0
0
0
0
0
0
2.79975e-14
0
0
0
0
0
0
0
0
0
0
0
0
0
0
0
0
0
0
0
0
0
0
0
0
0
0
0
0
0
0
0
0
0
-9.37812e-08
0
0
0
0
0
0
0
0
0
0
0
0
0
0
0
0
0
0
0
0
0
0
0
0
0
0
0
0
0
0
0
0
-1.97402e-17
0
0
0
0
0
0
0
0
-5.35883e-15
0
0
0
0
0
0
0
0
8.88029e-17
0
0
0
0
0
0
0
0
0
0
0
0
0
0
0
-2.24015e-16
0
0
0
0
0
0
0
0
0
0
0
0
0
0
0
0
0
0
0
8.21956e-16
0
0
0
0
0
0
0
0
0
-1.16792e-15
-3.37927e-17
0
0
0
0
0
0
0
0
0
0
0
0
0
0
0
0
0
0
0
0
0
0
-5.22754e-17
0
0
0
0
0
0
0
0
0
0
-1.71769e-15
0
0
0
0
4.29007e-14
0
0
0
0
0
0
0
0
0
0
-6.96142e-08
0
0
0
0
0
0
0
2.81733e-15
-6.3398e-15
0
0
0
0
0
0
0
0
0
0
0
0
0
0
0
0
0
0
0
0
0
0
7.80456e-14
0
0
0
0
0
0
0
0
0
0
0
0
0
0
0
0
0
0
0
0
0
0
-2.61954e-15
0
0
0
0
0
0
0
0
0
0
0
0
0
0
0
0
0
-4.4216e-16
0
0
0
0
0
0
0
0
0
0
0
0
0
0
0
0
-2.51946e-16
0
0
0
0
0
0
0
0
0
0
0
0
9.99106e-16
0
0
0
0
-1.15413e-16
0
0
0
0
-3.64377e-15
0
0
0
0
0
0
0
0
0
1.53661e-16
0
0
0
0
0
0
0
0
0
0
0
0
0
0
0
0
0
0
0
0
0
0
0
0
0
0
0
0
-4.2905e-17
0
0
0
0
-6.86355e-16
0
0
0
0
0
0
0
0
0
0
0
0
0
0
0
0
0
0
0
0
0
0
0
0
0
0
0
0
0
0
3.63264e-16
0
0
0
0
0
0
0
0
0
0
0
0
0
0
0
0
0
0
0
0
0
0
0
0
0
0
0
0
0
0
0
0
0
0
0
0
0
0
0
0
0
0
0
0
0
0
0
0
0
0
0
0
0
0
0
0
0
0
0
0
0
0
0
0
0
0
8.69489e-15
0
0
0
0
0
0
0
0
0
0
0
0
0
0
0
0
0
0
0
0
0
0
0
0
0
0
0
0
0
0
0
0
0
1.18885e-14
0
0
0
0
0
0
0
0
0
0
0
0
0
0
0
0
0
0
0
0
0
0
0
0
4.59942e-08
0
0
0
0
0
0
0
0
0
0
0
0
0
0
0
0
0
0
0
0
0
0
0
0
0
0
-1.45028e-14
7.69374e-16
8.37344e-18
0
0
0
0
0
0
0
0
0
0
1.65422e-14
0
0
0
0
0
0
0
0
0
0
3.35874e-17
-1.16019e-16
0
-3.83783e-16
0
0
0
0
0
0
0
0
0
0
0
0
0
0
0
0
5.86638e-17
0
0
0
0
0
-4.93581e-16
0
0
0
-8.1721e-16
0
0
0
0
0
2.92029e-15
0
0
0
6.2218e-08
0
0
0
0
0
0
0
0
0
0
0
0
0
0
0
0
0
0
0
0
0
0
1.03711e-16
0
0
0
0
0
0
0
0
0
0
0
0
0
0
0
0
0
0
0
0
-1.02497e-16
-4.78761e-16
0
-3.21042e-17
0
0
0
0
0
0
5.67156e-08
0
0
0
0
0
0
0
0
0
0
0
0
0
0
0
0
0
0
0
0
-1.06843e-17
0
0
0
0
0
0
0
-6.95754e-08
0
4.99975e-15
0
0
0
0
0
0
0
0
0
0
0
0
0
0
0
0
0
0
0
0
1.14354e-17
-5.97523e-16
0
0
0
0
-1.42247e-14
0
0
0
0
0
0
0
-2.44002e-16
0
0
0
0
0
0
0
0
0
-6.35478e-16
0
-6.82484e-08
0
-2.82956e-15
0
0
0
0
0
0
0
0
0
0
0
0
0
0
0
0
0
0
0
0
0
0
0
0
0
-6.69096e-08
0
0
0
0
0
0
0
0
0
0
0
0
0
0
0
0
0
0
0
0
1.56771e-15
0
0
0
0
0
0
0
0
0
0
0
0
0
0
0
0
1.73257e-15
0
0
0
0
0
0
0
0
0
0
-5.98156e-14
0
-2.24772e-14
0
0
0
0
0
0
0
0
0
0
0
0
0
0
0
0
0
0
0
0
0
0
0
0
0
0
0
0
0
0
0
6.98127e-16
0
0
0
0
0
0
0
0
0
0
0
0
0
0
0
0
0
0
0
0
0
0
0
0
0
0
0
0
0
0
0
-7.53559e-16
0
0
0
0
0
0
0
0
0
0
0
0
0
-1.53761e-30
0
0
-3.20952e-15
0
0
0
0
0
0
0
0
0
0
1.67142e-16
0
0
0
0
0
0
0
0
0
0
0
0
0
0
0
0
0
0
0
0
-1.39907e-15
0
0
0
0
0
0
0
0
0
0
0
0
0
0
0
0
0
)
;

boundaryField
{
    frontback
    {
        type            empty;
        value           nonuniform List<scalar> 0();
    }
    topbottom
    {
        type            calculated;
        value           uniform 0;
    }
    outlet
    {
        type            calculated;
        value           nonuniform List<scalar> 0();
    }
    inlet
    {
        type            calculated;
        value           uniform 0;
    }
    walls
    {
        type            calculated;
        value           nonuniform List<scalar> 
151
(
-2.72994e-07
-2.72994e-07
-2.72994e-07
-2.72994e-07
-2.72994e-07
-2.72994e-07
-2.72994e-07
-2.72994e-07
-2.72994e-07
-2.72994e-07
-2.72994e-07
-2.72994e-07
-2.72994e-07
-2.72994e-07
-2.72994e-07
-2.72994e-07
-2.72994e-07
-2.72994e-07
-2.72994e-07
-2.72994e-07
-2.72994e-07
-2.72994e-07
-2.72994e-07
-2.72994e-07
-2.72994e-07
-2.72994e-07
-2.72994e-07
-2.72994e-07
-2.72994e-07
-2.72994e-07
-2.72994e-07
-2.72994e-07
-2.72994e-07
-2.72994e-07
-2.72994e-07
-2.72994e-07
-2.72994e-07
-2.72994e-07
-2.72994e-07
-2.72994e-07
-2.72994e-07
-2.72994e-07
-2.72994e-07
-2.72994e-07
-2.72994e-07
-2.72994e-07
-2.72994e-07
-2.72994e-07
-2.72994e-07
-2.72994e-07
-2.72994e-07
-2.72994e-07
-2.72994e-07
-2.72994e-07
-2.72994e-07
-2.72994e-07
-2.72994e-07
-2.72994e-07
-2.72994e-07
-2.72994e-07
-2.72994e-07
-2.72994e-07
-2.72994e-07
-2.72994e-07
-2.72994e-07
-2.72994e-07
-2.72994e-07
-2.72994e-07
-2.72994e-07
-2.72994e-07
-2.72994e-07
-2.72994e-07
-2.72994e-07
-2.72994e-07
0
0
0
0
9.23303e-16
-2.72994e-07
-2.72994e-07
-2.72994e-07
-2.72994e-07
-2.72994e-07
-2.72994e-07
-2.72994e-07
-2.72994e-07
-2.72994e-07
-2.72994e-07
-2.72994e-07
-2.72994e-07
-2.72994e-07
-2.72994e-07
-2.72994e-07
-2.72994e-07
-2.72994e-07
-2.72994e-07
-2.72994e-07
-2.72994e-07
0
-2.72994e-07
-2.72994e-07
0
-9.23303e-16
0
0
-2.72994e-07
-2.72994e-07
-2.72994e-07
-2.72994e-07
-2.72994e-07
0
0
0
-2.72994e-07
-2.72994e-07
0
-2.72994e-07
-2.72994e-07
-2.72994e-07
0
-2.72994e-07
-2.72994e-07
-2.72994e-07
-2.72994e-07
-2.72994e-07
-2.72994e-07
-2.72994e-07
-2.72994e-07
-2.72994e-07
-2.72994e-07
-2.72994e-07
-2.72994e-07
-2.72994e-07
-2.72994e-07
-2.72994e-07
-2.72994e-07
-2.72994e-07
0
-2.72994e-07
-2.72994e-07
-2.72994e-07
-2.72994e-07
-2.72994e-07
-2.72994e-07
-2.72994e-07
0
-2.72994e-07
0
-2.72994e-07
-2.72994e-07
)
;
    }
    procBoundary2to0
    {
        type            processor;
        value           nonuniform List<scalar> 
83
(
6.22065e-15
4.38461e-16
7.98951e-17
7.55482e-16
0
0
0
0
0
0
0
2.85816e-15
0
0
1.56513e-15
1.18738e-16
-3.45561e-15
0
2.12258e-15
0
3.46736e-15
9.0161e-15
-5.81508e-16
0
0
0
0
0
-3.69727e-16
0
0
0
4.71483e-16
0
1.83028e-16
0
0
0
0
0
0
6.67026e-15
-5.46975e-17
0
0
0
-2.45481e-16
1.05753e-14
-1.54776e-15
4.83683e-14
-1.33002e-15
1.41561e-16
-3.64285e-15
0
0
1.40526e-15
0
7.17667e-16
0
0
-1.4566e-15
-3.1587e-17
-1.02265e-07
0
0
0
-1.75335e-16
-1.23095e-15
0
0
0
0
1.32042e-14
0
0
0
0
0
0
-2.31456e-15
0
1.1882e-15
0
)
;
    }
    procBoundary2to3
    {
        type            processor;
        value           nonuniform List<scalar> 
99
(
0
0
2.4977e-16
0
0
0
0
0
0
0
0
0
5.7223e-15
0
0
0
0
0
-9.10448e-16
0
0
0
0
0
0
0
0
3.02554e-17
0
0
0
0
0
0
0
0
0
0
0
0
0
0
0
0
8.61123e-15
0
0
0
0
0
0
0
0
0
0
0
0
0
0
0
0
0
0
-1.03308e-30
0
0
0
0
0
7.45544e-08
0
0
0
0
0
0
0
0
0
0
0
0
0
0
0
0
0
0
0
0
0
0
0
0
0
0
0
0
7.15104e-16
)
;
    }
}


// ************************************************************************* //
