/*--------------------------------*- C++ -*----------------------------------*\
| =========                 |                                                 |
| \\      /  F ield         | OpenFOAM: The Open Source CFD Toolbox           |
|  \\    /   O peration     | Version:  v2012                                 |
|   \\  /    A nd           | Website:  www.openfoam.com                      |
|    \\/     M anipulation  |                                                 |
\*---------------------------------------------------------------------------*/
FoamFile
{
    version     2.0;
    format      ascii;
    class       surfaceScalarField;
    location    "100";
    object      meshPhi;
}
// * * * * * * * * * * * * * * * * * * * * * * * * * * * * * * * * * * * * * //

dimensions      [0 3 -1 0 0 0 0];
oriented        oriented;


internalField   nonuniform List<scalar> 
20537
(
0
0
0
-2.1818e-16
0
1.11604e-14
0
0
0
0
0
0
0
0
0
0
0
0
6.93558e-14
-1.30162e-14
0
0
0
0
0
0
0
0
0
0
0
0
0
0
0
0
0
0
0
1.22532e-17
-1.9032e-15
-9.16281e-17
-4.33049e-14
-8.76234e-14
-1.23494e-13
0
0
0
0
0
0
0
0
0
0
0
0
-5.40324e-14
-3.36987e-14
0
0
4.98709e-15
-3.13462e-15
0
0
0
-2.72321e-14
0
9.8045e-15
0
0
0
0
0
0
0
7.93766e-08
5.5119e-16
0
0
0
0
0
0
0
0
0
0
0
0
0
0
0
-4.75793e-14
0
0
0
0
0
0
0
0
0
0
0
0
0
0
0
0
0
0
0
0
0
0
0
0
0
0
0
0
0
0
0
0
0
0
0
0
0
0
0
0
0
0
0
0
0
0
0
0
1.99584e-17
8.14261e-16
-2.7005e-14
6.82428e-14
-5.47403e-14
0
0
0
0
0
0
0
0
0
0
0
0
0
0
0
0
0
0
0
0
0
0
0
0
0
0
0
0
0
0
0
0
0
0
0
0
0
0
0
0
0
0
0
-4.42723e-18
-1.2461e-16
0
0
0
-4.03193e-16
-4.1891e-17
-5.25891e-15
-6.96106e-14
0
0
0
0
0
0
9.99314e-16
0
-1.03558e-16
0
8.52674e-16
0
0
0
0
0
0
0
0
0
0
0
0
0
0
-1.37708e-15
0
-8.43703e-17
0
0
0
0
0
0
0
0
0
0
0
0
0
0
0
0
0
0
0
0
0
0
0
0
0
0
0
0
0
0
0
0
0
0
0
0
0
0
0
0
0
0
0
0
0
0
0
0
0
0
0
0
0
0
0
0
0
0
0
0
0
0
0
0
0
0
0
0
0
0
0
0
0
0
0
0
0
-2.38773e-17
5.12395e-17
0
0
0
0
0
0
0
0
0
0
0
0
0
0
0
0
0
0
0
0
0
0
0
0
0
0
0
0
0
0
0
0
0
0
0
0
0
0
-1.50935e-18
2.1592e-16
0
0
2.84453e-17
0
0
0
0
0
0
0
0
0
0
0
0
0
0
0
0
0
0
0
0
0
0
0
0
0
0
0
0
0
0
0
0
0
0
0
7.68434e-15
0
0
-2.60354e-15
0
0
0
0
1.50622e-15
0
0
0
0
0
0
0
0
0
0
0
0
0
0
0
0
0
0
0
0
0
0
0
0
0
0
0
0
0
0
0
0
0
0
0
0
0
0
0
0
0
0
0
-1.15251e-16
0
0
0
0
0
0
8.56986e-17
3.62849e-15
0
0
0
0
0
0
0
0
0
0
0
0
0
0
0
0
0
0
0
0
0
0
-4.49094e-16
0
0
0
0
0
0
0
0
0
0
0
0
0
0
0
0
0
0
0
0
0
0
0
0
0
0
0
0
0
0
0
0
0
0
0
0
0
0
0
0
0
0
0
0
0
0
0
0
0
0
0
0
0
0
0
0
1.13104e-15
-5.89879e-17
0
0
0
0
0
0
0
0
0
0
0
0
0
0
0
0
0
0
0
0
0
0
0
0
0
0
0
0
0
0
0
0
0
0
0
0
0
0
0
0
0
0
0
0
0
0
0
0
0
0
0
0
0
0
0
0
0
8.99328e-16
2.49911e-34
2.20858e-18
0
0
0
0
0
0
0
0
0
0
0
0
0
0
0
0
0
0
0
0
0
0
0
0
0
0
0
0
0
0
0
0
0
0
0
0
0
0
0
0
0
0
2.39083e-17
-1.06191e-16
0
0
0
0
0
0
0
0
0
0
0
0
0
0
0
0
0
0
0
0
0
0
0
0
0
4.64744e-16
-4.80759e-08
-8.11667e-08
-3.78722e-14
-1.09893e-14
2.41469e-14
0
0
0
0
0
0
0
0
0
0
0
0
0
0
0
0
0
0
0
0
0
0
0
0
0
0
0
0
0
0
0
0
0
0
0
0
0
0
0
0
0
0
0
0
0
0
0
0
0
0
0
0
0
0
0
0
1.80171e-15
-1.01215e-15
3.48824e-14
0
-5.27278e-16
0
0
0
0
0
0
0
0
0
0
0
0
0
0
0
0
0
0
0
0
0
0
0
0
0
0
0
0
0
0
0
0
0
0
0
0
0
0
0
0
0
0
0
0
0
0
0
0
0
0
0
0
0
0
0
0
0
0
-2.02083e-16
2.0857e-15
0
0
0
0
0
0
0
0
0
0
0
0
0
0
0
0
0
0
0
0
0
0
0
0
0
0
0
0
0
1.3916e-16
3.60374e-16
0
0
0
0
0
0
0
0
0
0
0
0
0
0
0
0
0
0
0
0
0
0
0
0
0
0
0
0
0
0
0
0
0
0
0
0
-6.81744e-14
0
0
0
0
0
0
0
0
0
0
0
0
0
0
0
0
0
0
1.81924e-15
2.73687e-14
0
0
0
-1.69369e-13
0
0
0
0
0
0
0
0
0
0
0
0
0
-7.37706e-18
-7.94493e-18
0
0
0
0
0
0
0
0
0
0
0
0
0
0
0
0
0
0
0
0
0
0
0
0
0
0
0
0
0
0
0
0
0
0
0
0
0
0
0
0
0
0
0
0
-1.76381e-14
2.25426e-16
0
0
0
0
0
0
0
0
0
-3.88976e-16
-1.41139e-15
0
-1.74373e-16
0
0
0
0
0
0
0
0
0
0
0
0
0
0
0
0
0
-1.57158e-14
0
1.67582e-13
0
0
0
0
1.92268e-15
0
0
0
0
0
0
0
0
0
0
0
-3.12811e-14
0
0
0
0
0
0
0
1.9166e-16
-1.19972e-16
0
0
0
0
0
0
0
0
0
0
0
0
0
0
0
0
0
0
0
0
0
0
0
0
0
0
0
0
0
-2.883e-16
4.94631e-16
0
0
0
0
0
0
0
0
0
0
0
0
0
0
0
0
0
0
0
0
0
0
0
0
0
0
0
0
6.09272e-16
0
-3.06046e-16
0
0
0
0
0
-2.1872e-16
0
0
0
0
0
0
0
0
0
0
0
0
0
0
0
0
0
0
-3.60126e-14
0
0
0
0
0
0
0
0
0
0
0
0
0
0
-1.61384e-15
0
0
0
0
0
0
0
0
0
0
0
0
0
0
0
0
0
0
0
0
3.59734e-17
-4.99306e-17
-2.11456e-16
0
0
0
0
0
1.13505e-16
-7.03312e-17
0
0
0
0
0
0
0
0
0
0
0
0
0
0
0
0
0
0
0
0
0
0
0
0
0
0
0
0
0
0
0
0
0
0
0
0
0
0
0
0
0
0
0
0
0
0
0
0
0
0
0
0
0
0
0
0
5.76844e-17
-1.39804e-15
-1.55422e-15
0
0
0
0
0
0
0
0
0
0
0
0
-1.83409e-16
0
0
0
0
0
0
0
0
0
0
0
0
0
0
0
0
0
0
7.14031e-18
5.27799e-19
0
0
0
0
0
0
0
0
0
0
0
0
1.4635e-17
0
-1.96771e-17
0
0
0
0
0
0
0
0
0
0
0
0
0
0
0
0
0
0
0
-3.32007e-15
1.36625e-15
0
0
0
0
0
0
0
0
0
0
0
0
5.03208e-16
0
0
0
0
0
0
0
0
0
1.44345e-16
4.34307e-16
4.9511e-14
1.69128e-13
0
0
0
0
0
0
0
0
0
0
0
0
0
0
0
0
0
0
0
0
0
0
0
0
0
0
0
0
0
0
0
0
0
0
0
0
1.66431e-14
5.84335e-14
-2.38852e-14
0
0
0
0
0
0
0
0
0
0
0
0
2.86335e-15
-2.64706e-17
0
0
0
0
0
0
0
0
0
0
0
0
-2.31891e-16
0
0
0
0
0
0
0
0
0
0
0
0
0
0
0
0
0
0
0
0
0
0
0
0
0
0
0
0
0
0
0
0
0
0
0
0
0
0
0
0
-7.18142e-15
1.5674e-16
0
0
0
0
-8.19109e-15
4.09052e-15
0
0
0
-5.97765e-15
7.37185e-14
2.53451e-15
0
0
0
0
0
0
0
0
0
0
0
0
0
0
0
0
0
2.02702e-15
3.87545e-15
0
0
7.61769e-15
-1.86038e-14
0
0
0
0
0
0
-4.27519e-14
-8.34693e-16
-2.05253e-15
0
0
0
0
0
-2.45029e-17
6.86339e-17
0
0
0
0
0
0
0
0
0
0
0
0
0
0
0
0
0
0
0
0
-6.15321e-16
-2.94301e-16
0
0
0
0
0
0
0
0
0
0
0
0
0
0
0
-4.37215e-18
0
0
0
0
0
0
0
0
0
0
0
0
0
0
0
0
0
0
0
0
0
0
0
0
0
0
0
0
0
0
0
0
0
0
0
0
0
0
0
0
0
0
0
-8.78986e-15
0
-3.53423e-14
0
0
0
0
0
0
0
0
0
0
0
0
0
0
0
0
0
0
0
0
-4.2582e-14
0
2.07206e-13
0
0
0
0
0
0
0
0
0
0
0
0
0
0
0
0
0
0
0
0
0
0
0
0
0
0
0
0
0
0
0
0
0
0
0
0
0
0
0
0
0
0
0
0
0
0
0
0
0
0
-8.17622e-17
0
9.23065e-17
0
0
0
0
0
0
0
0
0
-3.80025e-16
1.77012e-15
0
0
0
0
0
0
0
0
0
0
0
0
0
-3.01851e-18
0
0
0
0
0
0
0
0
0
0
0
0
0
0
0
0
0
0
0
0
0
0
0
0
0
0
0
0
0
0
0
0
0
0
0
0
0
0
0
0
0
0
0
-3.83703e-17
3.37353e-18
0
0
0
0
0
0
0
0
0
0
0
0
0
4.57811e-17
0
0
0
0
0
1.71672e-14
-4.54184e-15
0
0
0
0
0
0
0
0
0
0
0
0
0
0
0
0
0
0
0
0
0
0
7.2531e-16
4.7987e-16
5.57982e-17
0
-5.71508e-17
0
0
0
0
0
0
0
0
0
0
0
4.36019e-16
4.44216e-16
0
0
0
0
0
0
0
0
0
0
0
0
0
0
-6.39289e-14
0
0
0
0
0
0
0
0
0
0
0
0
0
0
0
0
-1.47058e-14
0
0
0
0
0
0
0
0
0
0
-7.05885e-14
0
-1.28978e-28
0
0
0
0
0
0
0
0
0
0
0
0
0
0
0
0
0
0
0
0
0
0
-5.29128e-16
7.47524e-16
-2.37843e-15
0
4.03017e-15
0
0
0
0
0
0
0
0
0
0
0
0
0
0
0
0
0
0
0
0
0
0
0
0
0
0
0
0
0
0
0
0
0
0
0
0
0
0
1.81704e-14
4.00019e-14
0
0
0
0
0
0
0
0
0
-2.85534e-16
0
0
0
0
0
0
0
0
0
0
8.35063e-16
2.46767e-15
0
0
4.0367e-14
-3.43759e-14
0
0
0
0
0
0
0
0
0
0
0
0
0
0
0
0
0
0
0
0
0
0
2.07719e-17
-1.07579e-15
0
0
0
0
0
0
0
0
0
0
0
0
0
0
0
0
0
0
0
0
0
0
0
1.02114e-30
0
0
0
0
0
1.77362e-14
0
0
0
1.20896e-17
0
0
0
0
0
0
0
0
0
0
0
0
0
0
0
0
0
0
0
0
0
-7.97546e-17
3.45285e-17
0
0
0
0
0
0
0
0
0
0
0
0
0
0
0
0
0
0
0
0
-5.64255e-14
0
0
0
0
0
0
0
-5.13632e-14
-8.45184e-14
0
0
0
0
0
0
0
0
0
0
0
0
0
5.40001e-15
0
0
0
0
0
0
0
0
0
0
0
-1.14414e-15
0
0
0
0
0
0
0
0
0
0
0
0
0
0
0
0
0
-1.06495e-15
0
0
0
0
0
0
0
-3.1627e-14
-1.07482e-14
0
0
-8.63235e-14
3.71929e-14
4.51474e-16
-2.70891e-14
0
0
0
0
0
0
0
0
0
0
0
0
1.41899e-16
7.98186e-17
4.43437e-17
0
0
0
0
0
2.54909e-31
-2.01786e-17
1.72684e-17
0
0
0
0
0
0
0
0
0
0
0
0
0
0
0
0
0
0
0
0
0
0
0
0
0
0
0
0
0
0
0
0
0
0
0
0
0
0
0
3.46344e-16
3.34339e-16
0
0
0
0
0
0
9.03214e-17
0
0
0
0
-3.02358e-14
0
0
0
0
0
0
0
0
0
0
0
0
0
0
0
0
0
0
0
0
6.62266e-18
2.0945e-17
0
0
0
0
0
0
0
0
0
0
0
0
0
0
-3.36243e-16
0
0
0
0
0
0
0
0
0
0
0
0
0
0
0
0
0
0
0
0
7.42529e-17
0
0
0
-2.46025e-17
2.81143e-18
0
0
0
-1.26801e-16
0
0
0
0
0
0
0
0
0
-6.92459e-14
0
0
0
0
0
0
0
0
0
0
0
0
0
0
0
0
0
0
0
0
0
0
0
0
0
0
0
0
0
0
0
0
0
0
0
0
0
0
0
0
0
0
-5.61032e-15
0
0
1.621e-15
0
0
0
0
-1.81272e-14
1.64307e-14
0
0
0
0
0
0
0
0
0
0
0
0
7.83456e-14
0
-3.03052e-14
0
0
0
0
0
0
-8.14833e-18
-2.93235e-17
-2.28014e-17
0
0
0
0
0
0
0
0
0
0
0
0
0
0
0
0
0
0
0
0
0
0
0
0
0
0
0
0
0
-4.10253e-30
0
0
0
0
0
0
0
0
0
0
0
0
0
0
0
0
0
0
0
0
0
0
0
0
0
0
0
0
0
0
0
3.11671e-16
-9.90017e-17
0
0
0
7.31835e-17
0
0
0
0
2.05711e-16
-1.26396e-18
0
0
0
0
0
0
0
0
0
0
0
0
0
0
0
0
0
0
0
0
0
0
0
0
0
0
0
0
0
0
0
0
0
0
0
-4.30596e-16
-1.01964e-30
0
0
0
-8.19679e-14
0
0
0
0
0
0
0
0
0
0
0
0
0
0
0
0
0
0
0
0
-1.98916e-14
3.27971e-14
0
0
0
0
0
0
0
0
0
0
0
0
0
0
0
0
0
0
0
0
0
0
0
0
0
0
0
0
0
0
0
0
0
0
0
0
0
0
0
0
0
0
0
0
0
0
0
0
0
0
0
0
0
0
0
0
0
0
0
0
0
0
0
0
0
0
0
0
0
0
0
0
0
0
0
0
0
0
0
0
0
0
0
0
0
0
0
0
0
0
0
0
0
0
-2.06015e-14
0
0
0
0
0
1.9207e-17
-1.824e-17
-6.91423e-17
1.94981e-17
0
0
0
0
0
0
0
0
0
0
0
-1.11356e-16
0
0
0
0
0
0
0
0
0
0
0
0
0
0
0
0
0
4.26034e-14
0
-1.78977e-14
0
0
0
0
0
0
0
0
0
0
0
0
0
0
0
0
0
0
0
0
0
0
0
0
0
0
0
8.10512e-16
0
9.50729e-17
0
0
0
0
0
0
0
0
0
0
0
0
0
0
0
0
0
0
0
0
0
0
0
0
0
0
0
0
0
0
0
0
0
0
0
0
0
0
0
0
0
0
0
0
0
0
0
0
0
0
0
0
0
0
0
0
0
0
0
0
1.18442e-15
2.799e-15
0
0
0
0
1.95606e-14
3.74493e-15
1.00412e-14
0
0
0
0
0
0
0
0
0
0
0
-1.0006e-14
0
0
0
-1.77281e-18
1.70724e-16
0
0
0
0
0
0
1.86896e-16
2.46196e-15
0
0
0
0
0
0
0
0
0
0
0
0
6.75493e-17
4.13846e-17
-3.48488e-16
0
0
0
0
0
0
0
0
0
0
0
0
0
-2.21538e-16
0
3.14705e-14
-1.67208e-14
0
0
0
0
0
0
0
0
0
0
-5.15966e-14
0
0
0
0
0
0
2.69709e-16
-4.51232e-17
0
0
0
0
0
0
0
0
0
0
0
0
0
0
0
1.7e-15
-2.62965e-16
0
0
0
-1.22341e-15
0
0
0
0
0
0
0
0
0
0
0
0
0
0
0
0
0
0
0
0
0
0
0
0
0
0
0
0
0
0
0
0
0
0
0
0
0
0
-3.31028e-15
-7.82087e-16
-1.27122e-16
0
0
0
0
0
0
0
0
0
0
-9.2208e-16
0
0
0
0
0
0
0
0
0
1.67534e-14
-8.61686e-14
0
0
0
0
0
0
0
0
0
0
0
0
0
0
0
0
0
0
0
0
0
0
0
0
0
0
0
0
0
0
0
0
0
0
0
0
0
0
0
0
0
0
0
0
0
1.63073e-15
6.5639e-18
-3.52679e-17
0
0
0
0
0
0
0
0
0
0
0
0
0
0
0
0
0
0
0
0
-2.60394e-16
-8.79365e-17
0
0
0
0
-3.57923e-15
-7.81707e-14
0
0
0
0
0
0
0
0
0
0
0
0
0
0
0
0
0
0
0
0
0
0
0
0
0
0
0
0
0
0
0
0
0
0
0
0
0
0
0
0
0
0
0
0
0
0
0
0
0
0
0
0
0
0
0
0
0
0
0
0
0
0
0
-3.80657e-16
2.18942e-16
0
0
0
0
0
0
0
0
0
0
0
-1.41496e-16
0
0
0
0
0
0
0
-7.21234e-15
0
0
0
0
0
0
0
0
0
0
0
0
0
0
0
0
0
0
0
0
0
0
0
0
0
0
4.18695e-14
0
0
0
0
0
0
0
0
0
0
0
0
0
0
0
0
0
0
0
-1.398e-15
0
0
0
0
0
0
0
0
0
0
0
0
0
-1.09441e-14
0
-3.74856e-14
0
0
0
0
0
0
0
0
0
0
0
0
0
0
0
0
0
0
0
0
0
0
-3.62288e-16
0
-2.35637e-17
0
0
0
0
0
0
0
0
0
0
0
-9.34464e-16
0
1.92018e-17
0
0
0
0
0
0
0
0
0
0
0
0
0
0
0
0
1.30491e-15
-1.75058e-15
0
0
0
0
0
0
0
0
0
0
0
0
0
0
0
0
0
0
0
0
0
0
0
0
0
0
0
0
0
0
0
0
0
0
0
0
0
0
0
0
0
0
0
0
0
0
1.22408e-15
0
0
0
0
0
0
0
0
0
0
0
0
0
0
0
0
0
0
0
0
0
0
0
0
0
0
0
0
0
0
-1.61222e-29
0
0
0
0
0
0
0
0
0
0
0
0
0
0
0
0
0
0
0
0
0
0
0
0
0
0
0
0
0
0
0
0
0
0
0
0
0
0
0
0
4.38599e-16
1.01503e-15
0
0
0
3.57039e-16
0
0
0
0
0
0
0
0
0
0
0
0
0
0
0
0
0
0
0
0
0
0
0
0
0
0
0
0
0
0
0
0
0
0
0
0
0
0
0
0
0
0
0
0
0
0
0
1.59225e-16
-1.12535e-14
0
0
0
0
0
0
0
0
0
0
0
0
0
0
0
0
0
0
0
0
0
0
0
0
0
0
0
0
0
-1.73861e-17
-1.42815e-17
-1.55234e-17
0
0
0
0
0
0
0
0
0
0
3.82087e-17
-4.38241e-17
0
0
0
0
0
0
0
0
0
0
0
0
0
0
0
0
0
0
0
0
0
0
0
0
0
0
0
0
0
0
0
0
0
0
0
0
0
0
0
0
0
0
0
0
0
0
0
3.99857e-33
-1.03865e-15
0
0
0
0
0
0
0
0
0
0
0
0
0
0
0
0
0
0
0
0
0
0
0
0
0
0
0
0
0
0
0
0
0
0
0
0
0
0
0
0
0
0
0
0
0
0
0
0
0
0
0
0
0
0
0
0
0
0
0
0
0
0
0
0
0
0
0
0
0
0
0
0
0
0
0
0
0
0
0
0
2.91825e-17
-1.06415e-17
0
0
0
0
0
0
0
0
0
0
-1.59611e-14
-8.70706e-14
0
0
0
0
0
0
0
0
0
1.97445e-15
0
-3.87731e-16
0
0
0
0
0
0
0
2.77071e-16
-1.27324e-16
0
0
0
0
0
0
0
0
0
0
0
0
0
0
0
0
0
0
5.85893e-18
0
0
0
0
0
2.00536e-15
0
0
0
0
0
0
0
0
0
0
0
0
0
0
0
0
0
0
0
0
0
0
0
0
-4.44276e-16
0
0
0
0
0
-1.0887e-17
0
0
0
0
0
-9.47973e-14
2.4164e-14
0
0
0
0
0
0
0
0
0
0
0
0
0
0
0
0
0
0
0
0
0
0
0
0
0
0
0
0
0
2.00395e-15
-9.00329e-18
-1.63049e-17
0
0
0
0
0
0
0
3.07974e-16
0
0
0
0
0
0
0
0
0
0
0
0
-2.12598e-15
0
0
0
0
0
0
0
0
0
0
0
-1.12705e-13
2.51356e-14
0
1.56944e-15
0
0
0
0
0
0
0
0
0
0
0
0
0
0
0
0
0
0
0
0
0
0
0
0
0
0
0
0
0
0
5.29526e-15
-1.25894e-14
0
0
0
0
0
0
0
0
0
0
0
0
0
0
0
0
0
0
1.2789e-17
3.55407e-16
9.86188e-18
0
0
0
0
0
0
0
0
0
-2.5809e-16
0
0
0
0
0
0
0
0
0
0
0
0
0
0
0
0
0
0
0
0
0
0
-5.46451e-18
-1.3106e-15
0
0
0
0
0
0
0
0
0
0
0
0
0
0
0
0
0
0
0
0
0
0
8.15273e-16
-5.44836e-15
0
0
0
0
0
0
0
0
0
0
0
0
0
0
0
0
9.07421e-17
0
0
0
0
0
0
0
0
0
0
0
0
0
0
0
0
0
0
0
0
0
0
0
0
0
0
0
0
0
0
0
0
0
0
0
0
0
0
0
0
0
0
0
0
0
0
0
0
0
0
0
0
0
0
0
0
0
0
0
0
0
0
0
0
0
0
0
0
0
0
0
-7.48718e-17
0
0
0
0
0
0
0
0
0
0
0
0
0
0
0
0
0
0
0
2.55659e-31
-9.48608e-17
0
0
0
0
0
0
0
0
0
0
0
0
0
0
0
0
0
0
0
0
0
0
0
0
0
5.12966e-17
-2.47254e-17
0
0
0
0
0
0
0
1.59199e-17
0
0
0
0
0
0
0
0
-1.9926e-15
3.26283e-29
0
0
0
0
0
0
0
0
0
0
0
0
0
0
0
0
0
0
0
0
0
0
0
0
0
0
0
0
0
0
0
0
0
0
2.6021e-17
0
-5.02368e-17
0
2.70327e-15
-6.76816e-17
6.23961e-17
-1.86089e-15
0
0
0
0
0
0
0
0
0
0
0
0
0
0
0
0
0
0
0
0
0
0
0
0
0
-6.63491e-18
0
0
0
0
0
4.27615e-15
0
9.92575e-18
-1.22337e-15
0
0
0
0
0
0
0
0
0
0
0
0
0
0
0
0
0
0
0
0
0
0
-8.67576e-16
-1.85389e-16
0
0
0
0
0
0
0
0
0
0
0
0
0
0
0
0
0
0
0
0
0
0
0
0
0
0
0
0
0
0
-9.68973e-15
0
0
0
0
-2.97172e-14
2.90267e-14
0
0
0
0
0
0
0
0
0
0
0
0
0
0
0
-1.10589e-15
0
0
0
0
0
0
0
0
0
0
0
0
0
-1.08694e-17
0
0
0
0
0
0
0
0
0
0
0
0
0
0
0
0
0
0
0
0
0
0
0
0
4.68504e-15
0
-3.65295e-15
0
0
0
0
0
0
0
0
0
0
0
0
0
0
0
0
0
0
0
0
0
-6.68904e-18
0
0
0
0
0
0
2.79961e-15
-2.52348e-17
0
0
0
0
0
0
0
0
0
0
0
0
0
0
0
0
0
0
0
0
0
0
0
0
0
0
0
1.13283e-15
0
0
0
0
0
0
0
0
-1.04333e-15
0
0
0
-8.3121e-15
0
0
0
0
0
0
0
0
0
0
0
0
0
0
0
0
0
0
0
0
0
0
-3.83102e-16
0
0
-8.52763e-18
0
0
0
0
0
0
0
0
-2.73696e-14
-1.06734e-16
0
0
0
0
0
-8.26587e-16
2.1688e-16
0
0
1.54015e-15
-2.95187e-17
0
1.95353e-14
0
0
0
0
2.18526e-14
0
-5.80011e-16
0
0
0
0
0
0
0
0
0
0
0
0
0
0
0
0
0
0
0
0
0
0
0
0
0
0
0
0
0
0
0
0
0
0
0
0
0
0
6.93577e-15
-5.39827e-14
0
0
0
0
0
0
0
0
0
2.54561e-16
-7.05367e-15
0
0
0
0
0
0
0
0
0
0
0
0
0
0
0
0
0
0
0
0
0
0
0
0
0
0
0
0
0
0
0
0
0
0
0
0
0
0
0
0
0
0
0
-1.02974e-15
0
0
0
0
0
0
0
0
0
0
0
0
6.77634e-15
0
0
0
0
0
0
0
0
0
0
0
0
0
0
0
0
-3.75841e-15
5.52697e-15
0
2.26362e-15
0
0
0
0
0
0
0
0
0
0
0
-6.46496e-17
0
0
0
0
0
0
0
0
0
0
0
5.43491e-15
-4.34132e-14
0
0
0
0
0
0
0
0
0
0
0
0
0
0
0
0
0
0
0
0
0
0
0
0
0
0
0
0
0
0
0
0
0
0
0
0
0
0
0
6.32436e-17
-7.56182e-15
0
0
0
0
0
0
2.304e-16
0
0
0
0
0
0
0
0
0
0
0
0
0
0
0
0
0
0
0
0
0
0
-8.25038e-17
1.21532e-17
0
0
0
0
0
0
0
0
0
0
0
0
0
0
0
0
4.05486e-15
-8.31284e-16
0
0
0
0
0
0
0
0
0
0
0
0
0
0
0
0
0
0
0
0
0
0
0
0
0
0
0
0
0
0
0
0
0
0
0
0
0
0
0
0
0
0
0
0
0
0
0
-3.13683e-14
2.19488e-16
0
0
0
3.12461e-17
-8.63495e-17
0
0
0
0
0
0
0
0
0
0
0
0
0
0
0
0
0
0
0
0
0
0
0
0
0
0
0
0
0
0
0
0
0
0
0
0
0
0
0
0
0
0
0
0
0
0
0
0
0
0
0
9.56559e-16
0
0
0
0
0
0
0
0
0
0
0
0
0
0
0
0
0
0
0
0
0
0
0
0
0
0
0
0
0
0
0
0
0
0
0
0
0
0
0
0
0
0
0
0
0
0
0
0
0
0
0
0
0
0
0
0
0
0
0
0
0
0
0
0
0
0
0
0
0
1.90106e-17
-2.04613e-17
0
0
0
0
0
0
0
0
0
0
0
0
0
0
0
0
3.37512e-17
-1.74157e-17
0
0
0
0
0
0
0
3.17894e-14
0
-8.22338e-14
0
0
-8.91632e-16
0
0
0
0
0
0
0
0
0
0
0
0
0
0
0
0
0
0
-1.93533e-17
-4.50217e-18
0
0
0
0
0
0
0
0
1.46774e-17
1.4801e-17
0
0
0
0
0
0
0
0
0
0
0
0
0
0
0
0
0
0
0
0
0
0
0
0
0
0
0
0
0
0
0
0
0
0
0
-9.45479e-14
-6.14863e-15
-1.31983e-15
0
0
0
0
0
0
0
0
0
0
0
0
0
0
-1.54637e-16
0
0
0
0
0
0
0
0
-3.06198e-14
4.14492e-16
0
0
0
0
0
0
0
0
0
0
0
0
0
0
0
0
0
0
0
0
0
0
-1.7541e-14
-3.98091e-14
0
0
0
0
0
0
0
0
0
0
0
0
0
0
0
-1.51693e-16
0
0
0
0
0
0
0
0
0
0
0
0
0
0
0
0
0
0
0
0
0
0
0
0
1.17849e-14
-8.50736e-15
0
0
0
0
0
0
0
7.48652e-17
7.5606e-16
3.14747e-15
-1.63516e-15
0
0
0
0
0
0
0
0
0
0
0
0
0
0
-6.3343e-16
-9.7891e-16
0
0
0
0
0
0
0
0
-4.56229e-16
-1.10784e-16
1.50442e-15
0
0
0
0
0
0
0
0
0
0
0
0
-3.12222e-17
0
0
0
0
0
0
0
0
0
0
0
0
0
0
0
0
1.76122e-16
0
1.11548e-15
0
0
0
0
4.71704e-16
-4.74796e-16
0
0
3.16455e-14
1.29525e-13
0
0
0
0
0
0
0
0
0
0
0
0
0
0
0
0
0
0
0
0
-2.1471e-15
3.28316e-15
0
0
0
0
0
0
-3.90147e-17
0
0
0
0
0
0
0
0
0
0
0
0
0
0
0
0
0
0
0
0
0
0
0
0
0
0
0
0
0
8.30829e-16
0
0
0
0
-1.62369e-17
0
0
0
0
0
0
0
0
0
0
0
0
0
0
0
0
0
0
0
0
0
0
0
0
0
-1.85754e-17
0
0
0
0
0
0
0
0
0
0
0
0
0
0
0
0
0
0
0
0
0
0
0
0
0
0
0
0
0
0
0
0
0
-1.64278e-15
0
0
0
0
0
-5.38016e-17
0
0
0
0
0
0
0
1.22102e-15
0
-6.78625e-16
0
0
0
0
0
0
0
0
0
0
0
0
0
0
0
0
0
0
0
0
0
0
0
0
-1.17664e-16
-1.78896e-16
5.14316e-31
1.72696e-16
0
0
0
0
0
0
0
0
0
0
0
0
0
0
-3.55844e-16
-3.69541e-15
2.39914e-32
-6.32229e-15
0
0
0
0
0
0
0
0
0
0
0
0
0
0
0
0
0
0
0
0
0
0
0
5.54117e-17
-2.99276e-15
0
0
0
0
0
0
0
0
0
0
0
0
0
0
0
0
0
0
0
0
0
0
0
0
0
0
0
0
0
0
0
0
0
0
0
0
0
0
0
0
0
0
0
0
0
0
0
0
0
0
0
0
0
0
0
0
0
0
0
0
0
0
0
0
0
0
0
0
0
0
0
0
0
0
0
0
0
0
0
0
0
0
-1.29719e-16
5.23449e-17
0
0
-1.86192e-16
0
0
0
0
0
0
0
0
0
0
0
0
0
0
0
0
0
0
0
0
0
0
0
0
0
0
0
0
0
0
0
0
0
0
0
0
0
0
0
0
0
0
2.09976e-17
0
0
0
0
0
0
-7.62396e-16
0
0
0
0
-2.35084e-14
-2.80243e-14
-6.36283e-15
0
0
0
0
0
0
0
0
0
0
0
0
0
0
0
0
0
0
0
0
0
0
0
1.44378e-16
0
0
0
0
0
4.71791e-15
3.16825e-15
0
0
0
0
0
0
0
0
0
0
0
0
0
0
1.57662e-15
2.40307e-16
0
0
0
0
0
0
0
0
0
0
0
0
0
0
0
0
0
0
0
0
0
0
0
0
0
0
0
0
0
0
0
0
0
0
0
0
0
0
0
0
0
0
0
0
1.86315e-16
0
0
0
0
0
0
0
0
0
0
0
0
0
0
0
0
0
0
0
1.43523e-16
-2.94117e-17
-3.04313e-15
0
0
0
0
0
0
0
0
0
0
0
0
0
0
0
0
0
0
0
0
0
0
0
0
0
0
0
0
0
0
0
-1.39444e-15
0
0
0
0
0
0
0
0
0
0
0
0
3.86844e-16
0
0
0
0
0
0
0
0
0
0
0
0
0
0
0
1.35686e-17
0
0
0
0
0
0
0
-8.87603e-17
3.69224e-16
0
0
0
0
0
0
0
0
0
0
0
0
0
0
0
0
0
0
0
0
0
0
0
0
0
0
0
0
0
0
0
0
0
0
0
0
0
0
0
0
0
0
0
-4.17192e-17
0
0
-4.23672e-14
0
0
0
0
0
0
0
0
0
0
0
0
0
0
0
0
0
0
0
0
0
0
0
0
0
0
0
0
0
0
0
0
0
0
0
0
0
0
0
0
0
0
0
0
0
0
0
0
0
0
0
0
0
0
0
0
0
0
0
0
0
0
0
0
0
0
0
0
0
0
0
0
0
0
0
0
-8.36352e-16
-1.08402e-15
0
0
0
0
0
0
0
0
0
-8.77545e-18
0
0
0
0
0
0
0
0
0
0
0
0
0
0
0
0
0
0
0
-7.7724e-15
-1.13929e-16
0
0
0
0
0
0
0
0
0
0
0
0
0
0
0
0
0
0
0
0
0
0
0
0
0
0
0
0
0
0
0
0
0
0
0
0
0
0
0
0
0
0
0
0
0
0
0
0
0
0
0
0
0
0
0
0
0
0
0
0
0
0
0
0
-1.52767e-15
0
0
0
0
0
0
0
0
0
0
0
0
0
0
0
0
0
0
0
0
0
0
0
0
0
2.82594e-15
0
0
-1.77553e-15
4.20494e-16
0
0
0
0
0
0
0
0
0
0
0
0
0
0
0
0
0
0
0
0
0
0
0
0
0
0
0
0
0
0
0
0
0
0
0
3.81838e-14
-2.7516e-14
0
0
0
0
0
0
0
0
0
0
0
0
0
0
0
0
0
0
0
0
0
0
0
0
0
0
0
0
0
-6.05879e-14
0
-4.03439e-14
0
0
0
0
0
0
0
0
0
0
0
0
4.36889e-15
0
0
0
0
0
0
0
0
0
0
0
0
0
0
0
0
0
0
0
0
0
0
0
0
0
0
6.19555e-17
0
0
0
0
0
0
0
2.72282e-14
0
0
0
0
0
0
0
0
0
0
0
0
0
0
-1.21899e-17
0
0
0
0
0
0
0
0
0
0
0
0
0
0
0
0
0
0
0
0
0
0
0
0
0
0
0
0
0
0
0
0
0
0
0
0
0
0
0
0
0
0
0
0
0
0
0
0
0
0
0
0
0
0
0
0
0
0
0
0
0
0
0
0
0
0
0
0
0
0
0
0
0
0
0
0
0
0
0
0
0
0
0
0
0
0
0
0
0
0
0
0
0
0
0
0
0
-1.19438e-15
-1.76494e-14
0
0
0
0
0
0
0
0
0
0
0
0
0
0
0
0
0
0
0
0
0
0
0
0
0
0
0
0
0
0
0
0
0
0
0
0
0
0
0
0
0
0
6.6505e-16
0
0
0
0
0
0
0
0
-2.71431e-18
0
0
0
0
0
0
0
0
0
0
0
0
0
1.99185e-14
0
5.02829e-15
-2.61277e-15
0
0
0
0
0
0
0
0
0
0
0
0
0
0
0
0
0
0
0
0
0
0
0
0
0
0
0
0
0
0
0
0
0
0
0
0
0
0
0
-7.63049e-16
0
0
0
0
0
0
0
0
0
-6.49132e-17
2.43107e-15
0
0
0
0
0
0
-7.6176e-17
9.80936e-17
0
0
0
0
0
0
0
0
0
0
0
0
-2.53116e-14
0
0
0
0
0
0
0
0
0
0
0
0
0
0
0
0
0
0
0
0
0
0
0
0
0
0
0
1.88135e-17
-1.79509e-16
1.16854e-14
0
0
3.16454e-16
0
0
0
0
0
0
0
0
0
0
0
0
0
-2.03415e-16
3.4122e-15
0
0
0
0
0
0
0
0
0
0
0
0
0
0
0
0
0
0
0
0
0
0
0
0
0
0
0
0
0
0
0
0
0
0
0
0
0
0
0
0
0
0
-8.80539e-15
2.40602e-14
0
0
0
0
0
0
0
0
-8.34244e-16
-1.09593e-15
1.07985e-14
0
0
0
-1.43054e-17
-4.53499e-17
0
0
0
0
0
0
0
0
0
0
0
0
0
0
0
0
0
-3.50125e-17
-1.34688e-17
0
0
0
0
0
0
0
0
0
0
0
0
0
0
0
0
0
0
0
0
0
0
0
0
0
0
0
0
0
0
0
0
0
0
0
0
0
0
0
0
0
0
0
0
0
0
0
0
0
0
0
0
0
0
7.71662e-16
0
0
0
0
0
0
0
0
0
0
0
0
0
0
0
0
0
0
0
0
0
0
0
0
0
0
0
0
2.2294e-14
0
0
0
0
0
0
0
0
0
0
0
0
0
0
1.31794e-16
1.98287e-16
0
0
0
0
0
0
0
0
0
7.45438e-15
-1.39655e-14
0
0
0
0
0
0
0
0
0
0
0
0
0
0
0
0
0
0
0
0
0
0
0
0
0
0
0
0
0
0
0
0
0
0
0
0
0
0
0
0
0
0
0
0
0
0
0
0
0
0
0
0
0
-1.61142e-14
0
0
0
0
-1.15127e-15
0
0
0
0
0
0
1.14393e-14
0
0
0
0
0
0
0
0
0
0
0
0
0
0
0
0
0
0
0
0
0
0
0
0
0
0
0
0
0
0
0
0
0
0
0
0
0
0
0
0
0
0
0
0
0
0
0
0
0
0
0
0
5.95732e-15
0
0
0
0
0
0
2.33064e-14
0
7.92569e-15
0
0
0
0
0
0
0
0
2.4718e-15
0
0
0
0
0
0
0
0
0
0
0
0
0
0
0
0
0
0
0
0
0
0
0
0
0
0
0
0
0
0
0
0
0
0
0
0
0
0
0
0
0
0
0
0
9.39359e-15
-1.16326e-14
0
0
0
0
0
0
0
0
0
0
0
0
0
0
0
0
0
0
0
0
0
0
0
0
0
0
0
0
1.6119e-13
-3.81857e-14
0
0
-2.18719e-16
0
0
0
0
0
0
0
0
0
0
0
0
0
0
0
0
0
0
0
0
0
0
0
0
0
0
0
0
0
0
0
0
0
0
0
0
-1.88861e-15
0
0
0
0
0
0
0
0
0
0
0
0
0
0
0
0
0
0
0
0
0
0
0
0
0
0
0
0
0
0
0
0
0
0
0
0
0
0
0
0
0
0
0
0
0
0
0
0
0
0
0
0
0
0
0
0
0
0
0
0
0
4.82506e-14
2.19122e-15
0
0
0
0
1.00701e-14
4.77694e-14
0
0
0
0
0
0
0
0
0
0
0
0
0
0
0
0
0
0
0
0
0
0
0
0
0
0
0
0
-4.01621e-18
-3.08029e-16
0
0
0
0
0
0
0
0
0
0
0
0
0
0
0
0
0
1.32431e-16
0
0
0
0
0
0
0
0
0
0
0
0
0
-1.80559e-14
9.33992e-15
0
0
0
0
0
0
0
0
0
0
7.95241e-15
0
0
3.58909e-14
-1.42586e-14
0
0
7.40019e-18
0
0
0
0
0
0
0
0
0
0
0
0
0
0
0
0
0
0
0
0
0
0
0
0
0
0
0
0
0
0
0
0
0
0
1.0676e-14
0
0
0
0
0
0
5.0095e-14
4.84967e-14
-8.63997e-14
0
0
0
0
0
0
0
0
0
0
0
-8.38498e-15
0
-1.36985e-15
0
0
0
0
0
0
0
0
0
0
0
0
0
0
0
0
0
0
0
0
0
0
1.52323e-17
0
0
0
0
0
4.13302e-14
5.26144e-14
0
0
0
0
0
0
0
0
0
0
0
0
0
0
0
0
0
0
0
0
0
0
0
0
0
0
0
0
0
0
0
5.96164e-14
0
0
0
0
2.38933e-14
-1.34897e-14
0
0
0
0
0
0
0
0
0
0
0
0
0
0
-9.65606e-17
0
0
0
0
0
0
0
0
0
0
0
0
0
0
0
0
0
0
0
0
0
0
0
0
0
0
0
0
0
0
0
0
0
0
0
0
0
0
0
0
0
0
0
0
0
0
0
0
0
0
0
0
0
-1.42858e-14
0
0
0
0
0
0
0
0
0
0
0
4.8494e-17
4.60359e-17
0
0
0
0
0
0
0
0
0
0
0
0
0
0
0
0
0
0
0
0
0
0
0
-4.89021e-17
0
0
0
0
0
0
0
0
0
0
0
0
0
0
0
0
0
0
0
0
0
0
0
0
0
0
0
0
0
0
0
0
0
0
0
0
0
0
0
0
0
0
0
0
0
0
0
0
0
0
0
0
0
0
0
0
0
0
0
0
0
0
0
0
0
0
0
0
0
0
0
0
0
0
0
0
0
0
0
0
0
0
0
0
0
0
0
0
0
0
0
0
0
0
0
0
0
0
0
0
0
0
0
0
0
0
1.36751e-16
-6.30854e-15
5.98028e-15
0
0
0
0
0
0
0
0
0
0
0
0
0
0
0
0
0
0
-8.59836e-15
2.64397e-17
0
0
0
0
0
0
0
0
0
0
0
0
0
0
0
0
0
0
0
0
0
0
0
0
0
0
0
0
0
0
0
0
0
0
0
0
0
0
0
0
0
0
0
0
0
3.96515e-14
0
-8.2836e-14
0
-6.53929e-14
0
-1.83344e-14
0
0
0
0
0
0
0
0
0
0
0
0
0
0
0
0
0
0
0
0
0
0
0
0
0
0
0
0
0
0
0
0
0
0
0
0
5.77938e-14
-7.79731e-14
0
0
0
0
0
0
0
0
0
0
0
0
0
0
0
0
0
0
0
0
0
0
0
0
0
0
0
0
0
0
0
0
0
0
0
0
0
0
0
0
0
0
0
2.76405e-17
0
0
-4.72921e-14
1.42155e-14
0
0
0
0
0
0
0
0
0
0
0
0
0
0
0
0
0
0
-1.50214e-16
0
0
0
0
0
0
0
0
0
0
-1.53141e-15
0
0
0
0
0
0
0
0
0
0
0
0
0
0
0
4.02363e-14
0
-2.56393e-17
4.38068e-17
0
0
0
0
0
0
0
-2.76423e-14
-1.83877e-16
4.72123e-17
0
0
0
0
0
0
0
0
-8.41696e-18
0
2.83915e-17
0
0
0
0
0
0
0
0
0
0
0
0
0
0
0
0
0
0
0
0
0
0
0
0
0
0
0
0
0
0
0
0
0
0
0
0
0
0
0
0
0
0
0
0
0
0
0
0
0
0
0
0
0
0
0
0
0
0
0
0
0
0
0
0
0
0
0
0
0
0
0
0
0
0
0
0
0
0
0
0
0
0
0
0
0
0
0
0
0
0
0
0
0
0
0
8.19038e-17
2.37788e-15
-1.46148e-17
0
0
0
0
0
0
0
0
0
0
0
0
0
0
0
0
0
0
0
0
0
0
0
0
0
0
0
0
0
0
0
0
0
0
0
0
0
0
0
0
0
0
0
0
0
0
0
0
0
0
0
0
0
0
0
0
0
0
0
0
0
0
0
0
0
0
0
0
0
0
-1.68734e-16
0
0
0
0
0
0
0
0
0
0
0
0
0
0
0
0
0
0
0
0
-3.15069e-14
0
0
0
0
0
0
0
0
0
0
0
0
0
0
0
0
0
0
0
0
0
0
0
0
0
0
0
0
0
0
0
0
0
0
0
0
0
1.11912e-16
0
0
0
0
0
0
0
0
0
0
0
0
0
0
0
0
0
0
0
-1.27706e-17
-1.03244e-15
0
0
0
0
0
0
0
0
0
0
0
0
0
0
0
0
0
0
0
0
0
0
0
0
0
0
0
0
0
0
0
0
0
0
0
0
0
0
0
0
0
0
0
0
0
0
0
0
0
0
0
0
0
0
0
0
0
0
0
0
0
0
0
0
0
0
0
0
0
0
0
2.24745e-14
1.76111e-14
0
0
0
0
0
0
0
0
0
0
0
0
0
0
0
0
0
0
0
2.13374e-15
2.39917e-14
0
0
0
0
-7.62188e-17
0
0
0
0
0
0
0
0
0
0
0
0
0
0
0
0
0
0
0
0
0
0
0
0
0
0
0
0
0
0
0
0
0
0
0
0
0
0
0
0
0
0
0
0
0
0
0
0
0
0
0
0
0
0
0
0
0
0
0
0
0
0
0
0
0
0
0
-3.59676e-15
0
0
0
0
0
0
0
0
0
0
0
0
0
0
0
0
0
0
0
0
0
0
0
0
0
0
0
0
0
0
0
0
0
0
0
0
0
0
0
0
0
0
0
0
0
0
2.12066e-17
0
0
0
0
0
0
0
0
0
0
0
0
0
0
0
0
1.63952e-16
0
0
0
0
0
0
0
0
0
0
0
0
0
0
0
0
0
0
0
0
0
0
0
0
0
0
0
0
0
0
0
0
0
0
0
0
0
0
0
0
0
0
0
0
0
0
0
0
0
0
0
0
0
0
0
0
0
0
0
0
0
0
0
0
0
0
0
0
0
0
0
0
0
0
0
0
0
0
0
0
0
0
0
0
0
0
0
0
0
0
0
0
-5.10356e-14
-1.11451e-14
0
0
0
0
0
0
0
0
0
0
-3.62913e-15
0
0
0
0
0
0
0
0
0
0
0
0
0
0
1.04867e-14
5.65966e-14
0
0
0
0
0
0
0
6.40874e-15
1.72844e-14
0
0
0
0
0
0
0
0
0
0
0
0
0
0
0
0
0
0
0
0
0
0
0
0
0
0
0
0
0
0
0
0
0
-7.36745e-16
-3.11043e-14
0
0
0
0
0
0
0
0
0
0
0
0
0
0
0
0
0
0
0
0
0
0
0
0
0
0
0
0
0
0
0
0
0
0
0
0
0
0
0
0
0
0
0
0
0
0
0
0
0
0
0
0
0
0
0
0
0
0
0
0
0
0
0
0
0
0
0
0
0
0
0
0
0
0
7.80779e-14
-2.93188e-14
0
0
0
0
0
0
0
0
0
0
0
0
0
0
-5.92168e-16
0
0
0
0
0
0
0
0
0
0
-7.80983e-15
4.19911e-14
0
0
3.44999e-14
0
0
0
0
-1.84847e-14
0
0
0
0
0
0
-3.03385e-15
0
0
0
0
0
0
0
0
0
0
0
0
0
0
0
0
0
0
0
0
0
0
0
0
0
0
0
0
0
0
0
0
0
0
0
0
-1.04459e-15
-1.54439e-14
0
0
0
0
0
0
-1.78231e-16
3.25504e-16
0
0
0
0
3.79173e-15
0
1.23452e-14
0
0
0
0
0
0
0
0
0
0
0
0
-7.10909e-14
2.88402e-14
0
0
0
0
0
2.84866e-14
3.52361e-14
0
0
0
0
0
0
0
0
0
0
0
0
0
0
0
0
0
0
0
0
0
0
-7.76714e-14
0
0
0
0
0
0
0
0
0
0
0
0
0
0
0
-4.12113e-14
0
0
0
0
0
0
0
0
0
0
0
0
0
0
0
0
0
0
0
0
0
0
0
-1.17306e-16
1.05961e-14
-2.06159e-15
0
0
0
0
0
0
0
0
0
0
0
0
0
3.43659e-14
1.72449e-14
0
-2.58051e-15
0
0
0
0
0
0
0
0
0
8.99173e-16
0
0
0
0
0
0
0
0
0
0
0
0
0
0
0
0
0
0
0
0
0
0
6.98898e-14
0
0
0
0
0
0
0
0
0
0
0
0
0
0
0
0
0
0
0
0
0
0
0
0
0
0
0
0
0
0
0
0
0
0
0
0
0
0
0
0
0
0
0
0
0
0
0
0
0
0
0
0
-9.56537e-18
-2.38815e-17
0
0
-9.41118e-15
0
0
0
0
0
0
0
0
0
0
0
0
0
0
0
0
0
0
0
0
0
0
0
0
0
0
0
0
0
0
0
0
0
0
0
0
0
0
0
0
0
0
0
0
0
0
0
0
0
0
6.96234e-17
0
-2.48712e-17
0
0
0
0
0
0
0
0
0
0
0
0
0
0
0
0
0
0
0
0
0
0
0
0
0
0
0
0
0
-9.69983e-14
0
0
0
0
0
0
0
0
0
0
0
0
0
0
0
0
-1.02499e-17
1.92679e-17
0
0
0
0
0
0
0
0
0
0
0
0
0
0
0
0
0
0
0
0
0
0
0
0
0
0
0
0
0
0
0
0
0
0
0
0
0
0
0
0
0
0
0
0
0
0
0
0
0
0
0
0
0
0
0
0
0
0
0
0
3.48686e-17
1.76412e-16
0
0
0
0
-8.80843e-14
-6.99193e-14
0
0
0
0
0
0
0
0
0
0
0
0
0
0
0
0
0
0
0
0
0
0
0
0
0
0
0
0
0
0
0
0
0
0
0
0
0
0
0
0
0
0
0
0
0
0
0
0
0
0
0
0
0
0
0
2.4908e-14
0
0
-8.94145e-14
8.15868e-14
0
0
0
0
0
0
0
0
0
0
0
0
0
0
0
0
0
0
0
0
0
0
0
0
0
0
4.29035e-16
0
0
0
0
0
0
0
0
0
0
0
0
0
0
0
0
0
0
0
0
0
0
0
0
0
0
0
0
0
0
0
0
0
0
0
0
0
0
0
0
0
0
0
0
0
0
0
0
0
0
0
0
0
0
0
0
0
0
0
0
0
0
0
0
0
0
0
0
0
0
0
0
0
0
0
-2.12844e-16
0
0
0
0
0
0
0
0
0
0
0
0
0
0
0
0
0
0
0
0
0
0
0
0
0
0
0
0
0
0
0
0
0
0
0
0
0
0
0
0
0
0
0
0
0
0
0
0
0
0
0
0
0
0
0
0
0
0
0
0
4.72655e-16
-8.28355e-14
0
0
0
0
0
0
0
0
0
0
0
-5.02291e-17
0
0
0
0
0
0
0
0
0
0
0
0
0
0
0
0
0
0
0
0
0
0
0
0
0
0
0
0
0
0
0
0
0
0
0
0
0
0
0
0
0
0
0
0
0
0
0
0
-2.13599e-14
0
0
0
0
0
0
0
0
0
0
0
0
0
0
0
0
0
0
0
0
0
0
0
0
0
0
0
0
0
0
0
0
0
0
0
0
0
0
0
0
0
0
0
0
0
0
-4.66978e-14
4.33892e-15
0
0
0
0
0
0
0
0
0
0
0
0
0
0
0
0
0
0
0
0
0
0
0
0
0
0
0
0
0
0
0
0
0
0
0
0
0
0
0
0
4.7818e-17
0
0
0
0
0
0
0
0
0
0
0
0
0
0
0
0
0
0
0
1.0691e-14
-1.28621e-14
-1.74571e-14
3.14606e-16
0
0
0
0
0
0
0
0
0
0
0
0
0
0
0
0
0
0
0
0
0
0
0
0
0
0
-2.72665e-14
0
1.89759e-14
0
0
0
0
0
0
0
0
0
0
0
0
0
0
0
0
0
0
0
0
0
0
0
0
0
0
0
0
0
0
0
0
0
0
0
0
-3.55771e-14
6.64314e-15
0
0
0
0
0
0
0
0
0
0
0
0
0
0
0
0
0
0
0
0
0
0
0
0
0
0
0
0
0
0
0
0
0
0
0
0
0
0
0
0
0
0
7.69784e-15
0
0
0
0
0
0
0
0
0
0
0
0
0
0
0
0
0
0
0
0
-2.26853e-17
0
0
0
0
0
0
0
0
0
0
0
0
0
0
0
0
0
0
0
0
0
0
0
0
0
0
0
0
0
0
0
0
0
0
0
0
0
0
0
0
0
0
0
0
0
3.08818e-17
0
0
0
4.06108e-17
0
0
0
0
0
0
0
0
0
0
0
0
0
0
0
0
0
0
0
0
0
0
0
0
0
0
0
0
0
0
0
0
0
0
0
0
0
0
0
0
0
-2.05993e-14
4.10505e-14
2.22523e-17
1.54803e-16
0
0
0
0
0
0
0
0
0
0
0
0
0
0
0
0
0
0
0
0
0
0
0
0
0
0
0
0
0
0
0
0
0
0
0
0
0
0
0
0
0
0
0
0
0
0
0
0
0
0
0
0
0
0
0
0
0
0
0
0
0
0
0
0
0
0
0
0
0
0
0
0
0
0
0
0
0
0
0
0
0
0
0
0
0
0
0
0
0
0
0
0
0
0
0
0
0
0
0
0
0
0
1.11797e-16
-2.89024e-14
0
0
0
0
0
0
0
0
0
0
0
-6.72779e-17
-1.65873e-16
0
0
0
0
0
2.66751e-16
0
0
0
0
0
0
0
0
0
0
0
0
0
-1.87175e-14
0
0
0
0
0
0
0
0
0
0
0
0
0
0
0
0
0
0
0
0
0
0
0
0
0
0
0
-2.99555e-17
9.32514e-18
0
0
0
0
0
0
0
0
0
0
0
0
0
0
0
0
0
0
0
0
2.42049e-14
0
-3.48235e-15
0
0
0
0
0
0
0
0
0
0
0
0
0
0
0
0
0
0
0
0
0
0
0
0
0
0
0
0
0
0
0
0
0
3.52854e-17
1.09342e-16
0
0
0
0
0
0
0
0
0
0
0
0
0
0
0
0
0
0
0
0
0
0
0
0
0
0
0
0
0
0
0
0
0
0
0
0
0
0
0
0
0
0
0
1.32162e-15
0
0
0
0
0
6.16775e-15
0
0
0
0
0
-4.37789e-16
2.15516e-16
0
0
0
0
0
0
0
0
0
0
0
0
0
0
0
0
0
0
0
0
0
0
0
0
0
0
0
0
0
0
0
0
0
0
0
0
0
0
0
0
0
0
0
0
0
0
0
0
0
0
0
0
0
0
0
0
0
0
0
0
0
0
0
0
0
0
0
0
0
0
0
0
-1.99601e-14
0
0
0
0
0
0
0
0
0
0
0
0
0
0
0
0
0
0
0
0
0
0
0
0
0
0
0
0
0
0
0
0
0
0
0
0
0
0
0
0
0
0
0
0
0
0
0
0
0
0
0
0
0
0
0
0
0
0
0
0
0
0
0
0
0
0
0
0
0
0
0
0
0
0
0
0
0
0
0
0
0
0
0
0
0
0
0
0
0
0
0
0
0
0
0
0
0
0
0
0
0
0
0
0
0
0
0
0
0
0
0
0
0
0
0
0
0
0
0
0
0
0
0
0
0
0
0
0
0
0
0
0
0
0
0
0
0
0
0
0
0
0
-5.19469e-15
0
0
0
0
0
0
0
0
0
1.9285e-14
0
0
0
0
0
0
0
0
0
0
0
0
0
0
0
0
0
0
0
0
0
0
0
0
0
0
0
0
0
0
0
0
0
0
0
0
-3.08512e-14
2.15317e-15
0
0
0
0
0
0
0
0
0
0
0
0
0
0
0
0
0
0
0
0
0
0
0
0
0
0
0
0
0
0
0
0
0
0
0
0
0
0
0
0
0
0
0
0
0
0
0
0
0
0
0
0
0
0
0
0
0
0
0
0
0
0
0
0
0
0
0
0
0
0
0
0
0
0
0
0
0
0
0
0
0
0
0
0
0
0
0
0
0
0
0
0
0
0
0
0
0
0
0
0
0
0
0
0
0
0
0
0
0
0
0
0
0
0
0
0
0
0
0
0
0
0
0
0
0
0
0
0
0
0
0
0
0
0
0
0
0
0
0
0
0
0
0
0
0
0
0
0
0
0
0
2.38253e-14
0
0
0
-2.15279e-15
0
0
0
0
0
0
0
0
0
0
0
0
0
0
0
0
0
0
-5.99973e-14
0
0
0
0
0
0
0
0
0
0
0
0
0
0
0
0
0
0
0
0
0
0
0
0
0
0
0
0
0
0
0
0
0
0
0
0
0
0
0
0
0
0
0
0
0
0
0
0
0
0
0
0
0
0
0
0
0
0
0
0
0
0
0
0
0
0
0
0
0
0
0
0
0
0
0
0
0
0
0
0
0
0
0
0
0
0
0
0
0
0
0
0
0
0
0
0
0
0
0
0
0
0
0
0
0
0
0
0
0
0
0
0
0
0
0
0
0
0
0
0
0
0
0
0
0
0
0
0
0
0
0
0
0
0
0
0
0
0
-3.31898e-18
-3.98823e-18
0
0
0
0
0
0
0
0
0
0
0
0
0
0
0
0
0
0
0
0
0
0
0
0
0
0
0
0
0
0
0
0
0
0
0
0
0
0
0
0
0
0
0
0
0
0
0
0
0
0
0
0
0
0
0
0
0
0
0
0
0
0
0
0
0
0
0
0
0
0
0
0
0
0
0
0
0
0
0
0
0
0
0
0
0
0
0
0
0
0
0
0
0
0
0
0
0
0
0
0
0
0
0
0
0
0
0
0
0
0
0
0
0
0
0
0
-2.47357e-14
0
-2.02369e-14
0
0
0
0
0
0
0
0
0
0
0
0
0
0
0
0
0
0
0
0
0
0
0
0
0
0
0
0
0
0
0
0
0
0
0
0
0
0
0
0
0
0
0
0
0
0
0
0
0
0
0
0
0
0
0
0
0
0
0
0
0
0
0
0
0
0
0
0
0
0
0
0
0
0
0
0
0
0
0
0
0
0
0
0
0
0
0
0
-3.1118e-15
0
0
0
0
0
0
0
0
0
0
0
0
0
0
0
0
0
0
0
0
0
0
0
0
0
0
0
0
0
0
0
0
0
0
0
0
0
0
0
0
0
0
0
0
0
0
0
0
0
0
0
0
0
0
0
0
0
0
0
0
0
0
0
0
0
0
0
0
0
2.393e-15
0
0
0
0
0
0
0
0
0
0
0
0
0
0
0
0
0
0
0
0
0
0
0
0
0
0
0
0
0
0
0
0
0
0
0
0
0
0
0
0
0
0
0
0
0
0
0
0
0
0
0
0
0
0
0
0
0
0
0
0
0
0
0
0
0
0
0
0
0
0
0
1.25403e-14
5.1034e-14
0
0
0
0
0
0
0
0
0
0
0
0
2.65401e-15
0
0
0
0
0
0
0
0
0
0
0
0
0
0
0
0
0
0
0
0
0
0
0
0
0
0
0
0
0
0
0
0
0
0
0
0
0
0
0
0
0
0
0
0
0
-4.10708e-14
5.80482e-14
0
0
0
0
0
0
0
0
0
0
0
0
0
0
0
0
0
0
0
0
0
0
0
0
0
0
0
0
0
0
0
0
0
0
0
0
0
0
0
0
0
0
0
0
0
0
0
0
0
0
0
0
0
0
0
0
0
0
0
0
0
0
0
0
0
0
0
0
0
0
0
0
0
0
0
0
0
0
0
0
0
0
0
0
0
0
0
0
0
0
0
0
0
0
0
0
0
0
0
5.47632e-14
-4.00259e-14
0
0
0
0
0
0
0
0
0
0
0
0
0
0
0
0
0
0
0
0
0
0
0
0
0
0
0
0
0
0
0
0
0
0
0
0
0
0
0
0
0
0
0
0
0
0
0
0
0
-1.19802e-14
0
0
0
0
0
0
0
0
0
0
0
0
0
0
0
0
0
0
0
0
0
0
0
0
0
0
0
0
0
0
0
0
0
0
0
0
0
0
0
0
0
0
0
0
0
0
0
0
0
0
0
0
0
0
0
0
0
0
0
0
0
0
0
0
0
0
0
0
0
0
0
0
0
0
0
0
0
0
0
0
0
0
0
0
0
0
0
0
0
0
0
0
0
0
0
3.12585e-16
-2.59103e-17
0
0
0
0
0
0
0
0
0
0
0
0
0
0
0
0
-5.25474e-15
0
0
0
0
0
0
0
0
0
0
0
0
0
0
0
0
0
0
0
0
0
0
0
0
0
0
0
0
0
0
0
0
0
0
0
0
0
0
0
0
0
0
0
0
0
0
0
0
0
0
0
0
0
0
0
0
0
0
0
0
0
0
0
0
-7.53892e-17
5.19198e-17
0
0
0
0
0
0
0
0
0
0
0
0
0
0
0
0
0
0
0
0
0
0
0
0
0
0
0
0
0
0
0
0
0
0
0
0
0
0
0
0
0
0
0
0
0
0
0
0
0
0
0
0
0
0
0
0
0
0
0
0
0
0
0
0
0
0
0
0
0
0
0
0
0
0
0
0
0
-6.18609e-17
-1.35798e-17
0
0
0
0
0
0
0
0
0
2.99217e-15
0
0
0
0
0
0
0
0
-8.13939e-17
0
0
0
0
0
0
0
0
0
0
0
0
0
0
0
0
0
0
0
0
0
0
0
0
0
0
0
0
0
0
0
0
0
0
0
0
0
0
0
0
0
0
0
3.54984e-16
-1.0085e-16
-2.68365e-17
0
0
0
0
0
0
0
0
0
0
0
0
0
0
0
0
0
0
0
0
0
0
0
0
0
0
0
0
0
0
0
0
0
0
0
0
0
0
0
0
0
0
0
0
0
-5.62639e-14
0
0
0
0
0
0
0
0
0
0
0
0
0
0
0
0
0
0
0
0
0
0
0
0
0
0
0
0
0
0
0
0
0
0
0
0
0
0
0
0
-1.01778e-14
0
0
0
0
0
0
0
0
0
0
0
0
0
0
0
0
0
0
0
0
0
0
0
0
0
0
0
0
0
0
0
0
0
0
0
0
0
0
0
0
0
0
0
0
0
0
0
0
0
0
0
0
0
0
0
0
0
0
0
0
0
0
0
0
0
0
0
0
0
0
0
0
0
0
0
0
0
0
0
0
0
0
0
0
0
-1.76009e-14
0
0
0
0
0
0
0
0
0
0
0
0
0
0
0
0
0
0
0
0
0
0
0
0
0
0
0
0
0
0
0
0
0
0
0
0
0
0
0
0
0
0
0
0
0
0
0
0
0
0
0
0
0
0
0
0
0
0
0
0
0
0
0
0
0
0
0
0
0
0
0
0
0
0
0
0
0
0
0
0
0
0
0
0
0
0
0
0
0
0
0
0
0
0
0
0
0
0
0
0
0
0
0
0
0
0
0
0
1.10632e-16
4.07262e-17
0
0
0
0
0
0
0
0
0
0
0
0
0
0
0
0
0
0
0
0
0
0
0
0
0
0
0
0
0
0
0
0
0
0
0
0
0
0
0
0
0
0
0
0
0
0
0
0
0
0
0
0
0
0
0
0
0
0
0
0
0
0
0
0
0
0
0
0
0
0
0
0
0
0
0
0
0
0
0
0
0
0
0
0
0
0
0
0
0
0
0
0
0
0
0
0
0
0
0
0
0
0
0
0
0
0
0
0
0
0
0
0
0
0
0
0
0
0
0
0
0
0
0
0
0
0
0
0
0
0
0
0
0
0
0
0
0
0
0
0
0
0
0
0
0
0
0
0
0
0
0
0
0
0
0
0
0
0
0
0
0
0
0
0
0
0
0
0
0
0
0
0
0
0
0
0
0
0
0
0
-2.51578e-15
0
0
0
0
0
0
0
0
0
0
0
0
0
0
0
0
4.78542e-17
0
0
0
0
0
0
0
0
0
0
0
0
0
0
0
0
0
0
0
0
0
0
0
0
0
0
0
0
0
0
0
0
0
0
0
0
0
-1.23523e-17
1.09647e-16
0
0
0
0
0
0
0
0
0
0
0
0
0
0
0
0
0
0
0
0
0
0
0
0
0
0
0
0
0
0
0
0
0
0
0
0
0
0
0
0
0
0
0
0
0
0
0
0
0
0
0
0
0
0
0
0
0
0
0
0
0
0
0
0
0
0
0
0
0
0
0
0
0
0
0
0
0
0
0
0
0
0
0
0
0
0
0
0
0
0
0
0
0
0
0
0
0
0
0
0
0
0
0
0
0
0
0
0
0
0
0
0
0
0
0
0
0
0
0
0
0
0
0
0
0
0
0
0
0
0
0
0
0
0
0
0
0
0
0
0
0
0
0
0
0
0
0
0
0
0
0
0
0
5.20898e-15
0
3.28203e-29
0
0
0
0
0
0
0
0
-7.22723e-17
0
0
0
0
0
0
0
0
0
0
0
0
0
0
0
0
0
0
0
0
0
0
0
0
0
0
0
0
0
0
0
0
0
0
0
0
0
0
0
0
0
0
0
0
0
0
0
0
0
0
0
0
0
0
9.34138e-15
-9.82689e-29
0
0
0
0
0
0
0
0
0
0
0
0
0
0
0
0
0
0
0
0
0
0
0
0
0
0
0
0
0
0
0
0
0
0
0
0
0
0
0
0
0
0
0
0
0
0
0
0
0
0
0
0
0
0
0
0
0
0
0
0
0
0
0
0
0
0
0
0
0
0
0
0
0
0
0
0
0
0
0
0
0
0
0
0
0
0
0
0
0
0
0
0
0
0
0
0
0
0
0
0
0
0
0
0
0
0
0
0
0
0
0
0
0
0
0
0
0
0
0
0
0
0
0
0
0
0
0
0
0
0
0
0
0
0
0
0
0
0
0
0
0
0
0
0
0
0
0
0
0
0
0
0
0
0
0
0
0
0
0
0
0
0
0
0
0
0
0
0
0
0
0
0
0
0
0
0
0
0
0
0
0
0
0
0
0
0
0
0
0
0
0
0
0
0
0
0
0
0
0
2.73512e-15
3.91506e-14
0
0
0
0
0
0
0
0
0
0
0
0
0
0
0
0
0
0
0
0
0
0
0
0
0
0
0
0
0
0
0
0
0
0
0
0
0
0
0
0
0
0
0
0
0
0
0
0
0
0
0
0
0
0
0
0
0
0
0
0
0
0
0
0
0
0
0
0
0
0
0
0
0
0
0
0
0
0
0
0
0
0
0
0
0
0
0
0
0
0
0
0
0
0
8.25811e-14
0
0
0
0
0
0
0
0
0
0
0
0
0
0
0
0
0
0
0
0
0
0
0
0
0
0
0
0
0
0
0
0
0
0
0
0
0
0
0
0
0
0
0
0
0
0
0
0
0
0
0
0
0
0
0
0
0
0
0
0
0
0
0
0
0
0
0
0
0
0
0
0
0
0
0
0
0
0
0
0
0
0
0
0
0
0
0
0
0
0
0
0
0
0
0
0
0
0
0
0
0
0
0
0
0
0
0
0
0
0
0
0
0
0
0
0
0
0
0
0
0
0
0
0
0
0
0
0
0
0
0
0
0
0
0
0
0
0
0
0
0
0
0
0
0
0
0
0
0
0
0
0
0
0
0
0
0
0
0
0
0
0
0
0
0
0
0
0
0
0
0
0
0
0
0
0
0
0
0
0
0
0
0
0
0
0
0
0
0
0
0
0
0
0
0
0
0
0
0
0
0
0
0
0
0
0
0
0
0
0
0
0
0
0
0
0
0
0
0
0
0
0
0
0
0
0
0
0
0
0
0
0
0
0
0
0
0
0
0
0
0
0
0
0
0
0
0
0
0
0
0
0
0
0
0
0
0
0
0
0
0
0
0
0
0
0
0
0
0
0
0
-1.6961e-16
4.74107e-16
0
0
0
0
0
0
0
4.16703e-14
-1.79004e-14
0
0
0
0
0
0
0
0
0
0
0
0
0
0
0
0
0
0
0
0
0
0
0
0
0
0
0
0
0
0
0
0
0
0
0
0
0
0
0
0
0
0
0
0
0
0
0
0
0
0
0
0
0
0
0
0
0
0
0
0
0
0
0
0
0
0
0
0
0
0
0
0
0
0
0
0
0
0
0
0
0
0
0
0
9.53787e-17
0
0
0
0
0
0
0
0
0
0
0
0
0
0
0
0
0
0
0
0
0
0
0
0
1.07382e-17
0
0
0
0
0
0
0
0
0
0
0
0
0
0
-2.04943e-16
0
0
0
0
0
0
0
0
0
0
0
0
0
0
0
0
0
0
0
0
0
0
0
-6.26283e-15
0
0
0
0
0
0
0
0
0
0
0
0
1.04564e-17
0
0
0
0
0
0
0
0
0
0
0
0
0
0
0
0
0
0
0
0
0
0
0
0
0
0
0
0
0
0
0
-8.76525e-18
0
0
0
0
0
0
0
0
0
0
0
0
0
0
0
0
0
0
0
0
0
0
0
0
0
0
0
0
0
0
0
0
0
0
0
0
0
0
0
0
0
0
0
0
0
0
0
0
0
0
0
0
0
0
0
0
0
0
0
0
0
0
0
0
0
2.44478e-16
0
0
0
0
0
0
0
0
0
0
0
0
0
0
0
0
0
0
0
0
0
0
0
0
0
0
0
0
0
0
0
0
0
0
0
0
0
0
0
0
0
0
0
0
0
0
0
-7.51799e-14
0
0
0
0
0
0
0
0
0
0
0
0
0
0
0
0
0
0
0
0
0
0
0
0
0
0
0
0
0
0
0
0
0
0
0
0
0
0
0
0
0
0
0
1.06722e-17
0
0
0
0
0
0
0
0
0
0
0
0
0
0
0
0
0
0
0
0
0
0
0
0
0
0
0
0
0
0
0
0
0
0
0
0
0
0
0
0
0
0
0
0
0
0
0
0
0
0
0
0
0
-3.07695e-16
0
0
0
0
0
0
0
0
0
0
0
0
0
0
0
0
0
0
0
0
0
0
0
0
0
0
0
0
0
0
0
0
0
0
0
0
0
0
0
0
0
0
0
0
0
0
0
0
0
0
0
0
0
0
0
0
0
0
0
0
0
0
0
0
0
0
0
0
0
0
0
0
0
0
1.78878e-14
0
0
0
0
0
0
0
0
0
0
0
0
0
0
0
0
0
0
0
0
0
0
0
0
0
0
0
0
0
0
0
0
0
0
0
0
0
0
0
0
0
-4.89048e-16
0
0
0
0
0
0
0
0
0
0
0
0
0
0
0
0
0
0
0
0
0
0
0
0
0
0
0
0
0
0
0
0
0
0
0
0
0
0
0
0
0
0
0
0
0
0
0
0
0
0
0
0
0
0
0
0
0
0
0
0
0
0
0
0
0
0
0
0
0
0
0
0
0
0
0
0
0
0
0
0
0
0
0
0
0
0
0
1.19317e-13
0
0
0
0
0
-1.54129e-16
0
0
0
0
0
0
0
0
0
0
0
0
0
0
0
0
0
0
0
0
0
0
0
0
0
0
0
0
0
0
0
0
0
0
0
0
0
0
0
0
0
0
0
0
0
0
0
0
0
0
0
0
0
0
0
0
0
0
0
0
0
0
0
0
0
0
0
0
0
-4.12094e-14
0
0
0
0
0
0
0
0
0
0
0
0
0
0
0
0
0
0
0
0
0
0
0
0
0
0
0
0
0
0
0
0
0
0
0
0
0
0
0
0
0
0
0
0
0
0
0
0
0
0
0
0
0
0
0
0
0
0
0
0
0
0
0
0
0
0
0
0
0
0
0
0
0
0
0
0
0
0
0
0
0
0
0
0
0
0
0
0
0
0
0
0
0
0
0
0
0
0
0
0
0
0
0
0
0
0
0
0
0
0
0
0
0
0
0
0
0
0
0
0
0
0
0
0
0
0
0
0
0
0
0
0
0
0
0
0
0
0
0
0
0
0
0
0
0
0
0
0
0
0
0
0
0
0
0
0
0
-8.73137e-18
0
0
0
0
0
0
0
0
0
0
0
0
0
0
0
0
0
0
0
0
0
0
0
0
0
0
0
0
0
0
0
0
0
0
0
0
0
0
0
0
0
0
0
0
0
0
0
0
0
-1.50134e-17
0
0
0
0
0
0
0
0
0
0
0
0
0
0
0
0
0
0
0
0
0
0
0
0
0
0
0
0
0
0
0
0
0
0
0
0
0
0
0
0
0
0
0
0
0
0
0
0
0
0
0
0
0
0
0
0
0
0
0
0
0
0
0
0
0
0
0
0
0
0
0
0
0
0
0
0
0
0
0
0
0
0
0
0
0
0
0
0
0
0
0
0
0
0
0
0
0
0
0
0
0
0
0
0
0
0
0
0
0
0
0
0
0
0
0
0
0
0
0
0
0
0
0
0
0
0
0
0
0
0
-1.60444e-16
0
0
0
0
0
0
0
0
0
0
0
0
0
0
0
0
0
0
0
0
0
0
-8.90514e-16
0
0
0
0
0
0
0
0
0
0
0
0
0
0
0
0
0
0
0
0
0
0
0
0
0
0
0
0
0
0
0
0
0
0
0
0
0
0
0
0
0
0
0
0
0
0
0
0
0
0
0
0
0
0
0
0
0
0
0
0
0
0
0
0
0
0
0
0
0
0
0
0
0
0
0
0
0
0
0
0
-9.17013e-14
0
0
0
0
0
0
0
0
0
0
0
0
0
0
0
0
0
0
0
0
0
0
0
0
0
0
0
0
0
0
0
0
0
0
0
0
0
0
0
0
0
0
0
0
0
0
0
0
0
0
0
0
0
0
0
0
0
0
0
0
0
0
0
0
0
0
0
0
0
0
0
0
0
0
0
0
0
0
0
0
0
0
0
0
0
0
0
0
0
0
0
0
0
0
0
0
0
0
0
0
0
0
0
0
0
0
0
0
0
0
0
0
0
0
0
0
0
0
0
0
0
0
0
0
0
0
0
0
0
0
0
0
0
0
0
0
0
0
0
0
0
0
0
0
0
0
0
0
0
0
0
0
0
0
0
0
0
0
0
0
0
0
0
0
0
0
0
0
0
0
0
0
0
0
0
0
0
0
0
0
0
0
3.76904e-17
-1.77895e-14
-7.53022e-15
0
0
0
0
0
0
0
0
0
0
0
0
0
0
0
0
0
0
0
0
0
0
0
0
0
0
4.21217e-14
0
0
0
0
0
0
0
0
0
0
0
0
0
0
0
0
0
0
0
0
0
0
0
0
0
0
0
-7.30039e-17
0
0
0
0
0
0
0
0
0
0
0
0
0
0
0
0
0
0
0
0
0
0
0
0
0
0
0
0
0
0
0
0
0
0
0
0
0
0
0
0
0
0
0
0
0
0
0
0
0
0
0
0
0
0
0
0
0
0
0
0
0
0
0
0
-4.08503e-16
0
0
0
0
0
0
0
0
0
0
0
0
0
0
0
0
0
0
0
0
0
0
0
0
0
0
-1.43363e-17
0
0
0
0
0
0
0
0
0
0
0
1.04648e-16
0
0
0
0
0
0
-6.50449e-14
5.37205e-15
2.31846e-13
9.9643e-14
0
0
0
0
0
0
0
0
0
0
0
0
0
0
0
0
0
0
0
0
0
0
0
0
0
0
0
0
0
0
0
0
0
0
0
0
0
0
0
0
6.33243e-17
0
0
0
0
0
0
0
0
0
0
0
0
0
0
0
0
0
0
0
0
0
0
0
0
0
0
0
0
0
0
0
0
0
0
0
0
0
0
0
0
0
0
0
0
0
0
0
0
0
0
0
0
0
0
0
0
0
0
0
0
0
0
0
0
0
0
0
0
0
0
0
0
0
0
0
0
0
0
0
0
0
0
0
0
0
0
0
0
0
0
0
0
0
0
0
0
0
0
0
0
0
0
0
0
0
0
0
0
0
0
0
0
0
0
0
0
0
0
0
0
0
0
0
0
0
0
0
1.73633e-14
2.13138e-14
0
0
0
0
0
0
0
0
0
0
0
0
0
0
0
1.34933e-13
0
0
0
0
0
0
0
0
0
0
0
0
0
0
0
0
0
0
0
0
0
0
9.322e-15
0
0
0
0
0
0
0
0
0
0
0
0
0
0
0
0
0
0
0
0
0
0
0
0
0
0
0
0
0
0
0
0
0
0
0
0
0
0
0
0
0
0
-2.17104e-15
0
-4.54324e-14
0
0
0
0
0
0
0
0
0
0
0
0
0
0
0
0
3.43722e-14
0
0
0
0
0
0
0
0
0
0
0
0
0
0
0
0
0
0
0
1.34433e-14
0
0
0
0
-3.24376e-15
0
0
0
0
0
0
0
0
0
0
0
0
0
0
0
0
0
0
0
0
0
0
0
0
0
0
0
0
0
0
0
0
0
0
0
0
0
0
0
0
0
0
0
0
0
0
0
0
0
0
0
0
0
0
0
0
0
0
0
0
0
0
0
0
0
0
0
0
0
0
0
0
0
0
0
0
0
0
0
0
0
0
0
0
0
0
0
0
0
0
0
0
0
0
0
0
0
0
0
0
0
0
0
0
0
0
0
0
0
0
0
0
0
0
0
0
0
0
0
0
0
0
0
0
0
0
0
0
0
0
0
0
0
0
0
0
0
0
0
0
0
0
0
0
0
0
0
0
1.40495e-15
0
0
0
0
0
0
0
0
0
0
0
0
0
0
0
0
0
0
0
0
0
0
0
0
0
0
0
0
0
0
0
0
0
0
0
0
0
0
1.45594e-16
0
0
0
0
0
0
0
0
0
0
0
-2.17415e-15
0
0
0
0
0
0
0
0
0
0
0
0
0
0
0
0
0
1.17494e-14
-3.99215e-16
0
0
0
0
0
0
0
0
4.445e-14
0
0
0
0
0
0
0
0
0
0
0
0
0
0
0
0
0
0
0
0
0
0
0
0
0
0
0
0
0
0
0
0
0
0
0
0
0
0
6.68661e-16
0
0
0
0
0
0
0
0
0
0
-7.90332e-14
0
0
0
-7.60606e-17
0
0
0
0
0
0
0
0
0
0
0
0
0
0
0
0
0
0
0
0
0
0
0
0
0
0
0
0
0
0
0
0
6.83988e-17
0
0
0
0
0
0
0
-1.23552e-16
0
1.27502e-14
0
0
0
0
0
0
0
0
0
0
0
0
0
0
0
0
0
0
0
0
0
0
0
0
0
0
0
0
0
0
0
0
0
0
0
0
0
0
0
0
0
0
0
0
0
0
0
0
0
0
0
0
0
0
0
0
0
0
0
0
0
0
0
0
0
0
0
0
0
0
0
0
0
0
0
0
0
6.19177e-14
0
0
0
0
0
0
0
0
0
0
0
0
1.96013e-15
-3.94156e-16
0
0
0
0
0
0
0
0
0
0
0
0
0
0
0
0
0
0
0
0
0
0
0
0
0
0
0
0
0
0
0
0
0
0
0
0
0
0
0
0
0
0
0
0
0
0
0
0
0
0
0
0
0
0
0
0
0
0
0
0
0
0
0
0
0
0
0
0
0
0
0
0
0
0
0
0
0
0
0
0
0
0
0
-3.47293e-16
0
0
0
0
0
0
0
0
0
0
0
0
0
0
0
0
0
0
0
0
0
0
0
0
0
0
0
0
0
0
0
0
0
0
0
0
0
0
0
0
0
0
0
0
0
0
0
0
-4.01146e-17
1.44159e-15
-7.22784e-14
0
0
0
0
0
0
0
0
0
0
0
0
0
0
0
0
0
0
0
0
0
0
0
0
0
0
-5.57897e-15
0
0
0
0
0
0
0
0
0
0
0
0
0
0
0
0
0
0
0
0
0
0
0
0
0
0
0
0
0
1.18884e-14
-1.39972e-14
0
0
0
0
0
0
0
0
0
0
0
0
4.45054e-17
0
-2.17642e-15
0
0
0
0
0
0
0
0
0
0
0
0
0
0
0
0
0
0
0
0
0
0
0
0
0
0
0
0
0
0
0
0
0
0
0
0
0
0
0
0
0
0
0
0
0
0
0
0
0
0
0
0
0
0
0
0
0
0
0
0
0
0
0
0
0
0
0
0
0
0
0
0
0
0
0
0
0
0
0
0
0
0
7.66639e-17
0
0
0
0
0
0
0
0
0
0
0
0
0
0
0
0
0
0
0
0
0
0
0
0
0
0
0
0
0
0
0
0
0
0
0
0
0
0
0
0
0
0
0
0
0
0
0
0
0
0
0
0
0
0
0
0
0
0
0
0
0
0
0
0
0
0
0
0
0
0
0
0
0
0
0
0
0
0
0
0
0
0
0
0
0
0
0
0
0
0
-4.35388e-14
5.65525e-14
0
0
0
0
0
0
0
0
0
0
0
0
0
0
0
0
0
0
0
0
0
0
0
0
0
0
0
0
0
0
0
0
0
0
0
0
0
0
0
0
0
0
0
0
0
0
0
0
0
0
0
0
0
0
0
0
0
0
0
0
0
0
0
0
0
0
0
0
0
0
0
0
0
0
0
0
0
0
0
0
0
0
0
0
0
-1.27039e-15
-1.15078e-15
0
0
0
0
0
0
0
0
0
0
0
0
0
0
0
0
0
0
0
0
0
0
0
0
0
0
0
0
0
0
0
0
0
0
0
0
0
0
0
0
0
0
0
0
0
0
0
0
0
0
0
0
0
0
0
0
0
0
0
0
0
0
0
0
0
0
0
0
0
0
0
0
0
0
0
2.94689e-16
-2.96175e-14
0
0
0
0
0
0
0
0
0
0
0
0
0
0
0
0
0
0
0
0
0
0
0
0
0
0
0
0
0
0
0
0
0
0
0
0
0
0
0
0
0
2.90016e-16
-3.08904e-17
0
0
0
0
0
0
0
0
0
0
0
0
0
0
0
0
0
0
0
0
0
-2.49382e-16
0
0
0
0
0
0
0
0
0
0
0
0
0
0
0
0
0
0
0
-6.9205e-17
0
0
0
0
0
0
0
0
0
0
5.15816e-31
0
0
0
0
7.72062e-14
-1.23367e-15
0
0
0
-7.61713e-17
0
0
0
0
0
0
0
0
0
0
0
0
0
0
0
0
0
0
0
0
0
0
0
0
0
0
0
0
0
0
0
0
0
0
0
-9.24903e-18
4.99477e-17
0
0
0
0
0
0
0
-1.66722e-13
0
0
0
0
0
0
0
0
0
0
0
0
8.21912e-14
0
0
0
0
0
0
0
0
0
0
0
0
0
0
0
0
0
0
0
0
0
0
0
0
0
0
0
0
0
0
0
0
0
0
0
0
0
0
0
0
0
0
0
0
0
0
0
0
0
0
0
0
0
0
0
0
0
0
0
0
0
0
0
0
0
0
0
0
0
0
0
0
0
0
0
0
0
0
0
0
0
0
0
0
3.14327e-15
0
0
0
4.10222e-14
0
0
0
0
0
0
0
0
0
0
0
0
0
0
0
0
0
0
0
0
0
0
0
0
0
0
0
0
0
-3.93618e-14
0
0
0
0
0
0
0
0
0
0
0
0
0
0
0
0
0
9.50413e-14
0
0
0
0
0
0
0
5.22074e-14
1.02127e-14
0
0
0
0
0
0
0
0
0
0
0
-3.58025e-16
1.31898e-16
0
0
0
0
0
0
0
0
0
0
0
0
0
0
0
0
0
0
0
0
0
0
0
0
0
5.99385e-14
-6.12667e-14
0
0
0
0
0
0
0
0
0
-5.82858e-14
0
0
0
0
0
0
0
0
0
0
0
0
0
0
0
0
0
0
0
0
0
0
0
0
0
0
0
0
0
0
-2.0347e-14
0
0
0
0
-1.39025e-15
0
0
0
0
0
0
0
0
0
0
0
0
0
0
0
0
0
0
0
0
0
0
0
0
0
0
0
0
0
0
0
0
-3.38929e-17
0
7.41507e-15
0
0
0
0
0
0
0
0
0
0
0
0
0
0
0
0
0
0
0
0
0
0
0
0
0
0
0
0
0
0
0
0
0
0
0
0
0
0
0
9.06072e-14
0
0
0
0
0
0
0
0
0
0
0
-1.96016e-14
2.52265e-16
9.65935e-17
0
0
0
0
0
0
0
0
0
0
0
0
0
0
0
0
0
0
0
0
0
0
0
0
0
0
0
0
0
0
0
0
0
0
0
0
0
0
0
0
0
0
0
0
0
0
0
0
0
0
0
0
0
0
0
0
0
0
0
0
0
0
0
0
0
0
0
0
0
0
0
0
0
0
0
0
0
0
0
0
0
0
0
0
0
0
-2.66257e-14
4.30109e-16
0
0
0
0
0
0
0
0
0
0
0
0
0
0
0
0
0
-1.22607e-15
0
0
0
-2.59094e-14
-3.49767e-15
0
0
0
0
0
0
0
0
0
0
0
2.96215e-14
0
0
0
0
0
0
0
0
0
0
0
0
0
0
0
0
0
0
0
0
0
0
0
0
0
0
0
0
0
0
0
0
0
0
0
0
0
0
0
0
0
0
0
0
0
0
0
0
-1.04882e-14
0
0
0
8.78988e-15
0
0
0
0
0
0
0
0
0
0
0
0
0
0
0
0
-3.66497e-17
1.31323e-17
0
0
0
0
0
0
0
0
0
0
0
0
0
0
0
0
1.44304e-16
0
0
0
0
0
0
0
0
0
0
0
0
0
0
0
0
0
0
0
0
0
0
0
0
0
0
0
0
0
0
0
0
0
0
0
0
0
0
0
0
0
0
0
0
0
0
0
0
0
0
0
7.93766e-08
-9.15698e-08
9.15698e-08
-9.04763e-08
9.04763e-08
0
0
0
0
-4.71762e-14
4.65206e-15
0
-4.3274e-16
0
0
0
1.87406e-16
1.05093e-16
2.33229e-16
0
0
0
0
0
0
0
0
0
0
0
0
0
0
-7.93143e-08
7.93143e-08
0
0
0
0
0
0
0
0
0
0
0
0
0
0
-8.60215e-08
8.60215e-08
0
0
0
0
0
0
0
0
0
0
0
0
0
4.80759e-08
4.80759e-08
4.80759e-08
4.80759e-08
5.00604e-08
4.60914e-08
6.25392e-08
3.36126e-08
4.80759e-08
4.80759e-08
4.54471e-08
5.07047e-08
5.21026e-08
4.40492e-08
0
0
0
0
0
0
-1.86977e-17
6.55899e-17
0
0
0
0
0
0
0
0
0
0
0
0
0
0
0
0
0
1.99155e-17
0
0
0
0
0
0
0
6.02089e-17
0
2.20897e-17
0
0
0
0
0
0
0
0
0
0
0
0
0
0
0
0
0
0
0
0
0
0
0
0
0
0
0
0
0
0
0
0
0
0
0
0
0
0
0
0
0
0
0
0
0
0
0
0
0
0
0
0
0
0
0
0
0
0
0
0
0
0
0
0
0
0
0
0
0
0
0
0
0
0
0
0
0
0
0
0
0
0
0
0
-1.74465e-14
0
-1.28163e-14
0
0
0
0
0
0
0
0
0
0
0
0
0
0
0
0
0
0
0
0
0
0
0
0
0
0
0
0
0
0
0
0
0
0
0
0
0
0
0
0
0
2.87493e-15
0
0
0
0
0
0
0
0
0
0
0
0
0
-8.20507e-30
0
0
0
0
0
0
0
0
0
0
0
-1.27454e-13
0
-5.90594e-16
0
0
0
0
0
0
0
0
0
0
0
0
0
0
0
-2.1987e-16
1.71217e-16
-1.43964e-13
2.95824e-14
0
0
0
0
0
0
-2.59405e-16
0
0
0
1.56199e-16
0
0
0
0
-5.59874e-17
2.52076e-17
0
-6.54823e-14
4.0035e-14
0
0
0
0
0
0
-3.81134e-14
0
0
0
0
0
1.83499e-14
0
0
0
0
0
8.56244e-15
1.18173e-15
0
0
-7.84871e-14
2.26602e-14
0
0
0
0
0
0
0
0
4.80759e-08
4.80759e-08
0
0
0
0
0
0
0
0
0
0
0
0
0
0
0
0
0
0
0
0
8.78151e-14
0
0
0
0
0
0
0
0
0
2.77421e-14
-5.20878e-16
0
0
0
0
0
0
0
3.61555e-08
5.99963e-08
4.84632e-08
4.76885e-08
0
0
0
0
0
0
0
0
0
0
0
0
0
6.97588e-15
0
0
0
0
0
0
0
0
0
0
0
0
0
0
0
0
0
0
0
0
0
0
0
0
0
5.44493e-08
4.17025e-08
0
0
0
0
0
0
0
0
0
5.36828e-08
4.2469e-08
2.75692e-14
7.67039e-14
1.07828e-14
0
0
0
0
0
0
0
0
0
0
0
0
0
0
0
0
0
0
0
0
0
0
0
0
0
0
0
0
0
0
0
0
0
0
4.80759e-08
4.80759e-08
0
0
0
0
0
0
0
0
0
0
0
0
0
4.82807e-08
4.7871e-08
0
0
0
0
0
0
0
0
0
0
0
0
0
0
0
4.9973e-08
4.61788e-08
0
0
0
0
0
0
0
0
0
0
0
0
0
0
0
0
0
0
0
0
0
0
0
0
0
0
0
0
0
0
0
0
0
0
0
0
0
0
0
0
0
0
0
0
0
0
0
0
0
0
0
0
0
0
0
0
0
0
0
0
0
0
0
0
0
0
0
0
0
0
0
0
0
1.95748e-15
0
0
0
0
0
0
0
0
0
5.42333e-08
4.19185e-08
0
0
8.48355e-08
-8.48355e-08
0
0
0
0
0
0
0
0
0
0
0
0
0
0
0
0
0
0
8.91861e-08
-8.91861e-08
0
0
0
0
0
0
0
0
0
0
0
0
0
0
0
0
0
0
0
0
0
0
3.32229e-15
0
0
0
0
0
0
0
0
0
0
0
0
0
0
0
0
6.60447e-17
0
0
0
0
0
0
0
0
0
0
0
0
4.48221e-08
5.13297e-08
0
0
0
0
0
0
0
0
0
0
0
0
0
0
0
0
0
0
0
0
0
0
0
0
0
0
0
0
0
0
0
0
0
0
0
0
0
0
0
0
0
0
0
0
0
0
-8.28091e-17
0
0
0
0
0
0
0
0
0
0
0
0
0
0
0
0
0
0
0
0
0
0
0
0
0
0
0
0
0
0
0
3.55338e-16
3.80724e-15
0
0
0
-1.83335e-16
0
0
0
0
0
0
0
0
0
0
0
0
0
0
0
8.62886e-08
-8.62886e-08
-8.23347e-08
8.23347e-08
0
0
0
0
0
0
1.48774e-15
5.4937e-17
0
0
0
0
0
0
0
0
0
2.83429e-14
0
0
0
0
0
0
0
0
-9.53106e-08
9.53106e-08
0
0
0
0
0
0
0
5.76075e-08
3.85443e-08
0
8.74127e-08
-8.74127e-08
0
0
0
0
0
0
-4.45555e-14
-6.55126e-29
0
0
0
0
0
0
0
2.73817e-16
2.013e-16
0
0
0
0
0
0
0
0
0
0
0
0
0
0
0
0
0
0
0
0
0
-3.44736e-16
6.27681e-16
0
0
0
5.27027e-17
1.56504e-15
0
0
0
0
0
0
0
0
0
0
0
0
2.69777e-14
0
0
0
0
0
0
0
0
0
0
-1.25428e-15
0
0
0
0
0
0
0
0
0
0
0
0
0
0
0
0
0
0
0
0
0
0
0
0
0
0
4.95998e-08
4.65519e-08
0
0
0
0
0
0
0
0
0
0
0
0
0
0
0
0
0
0
0
0
0
0
0
0
0
0
0
0
0
0
0
0
0
0
0
0
-4.45321e-16
5.33316e-08
4.28202e-08
0
0
0
0
0
0
0
0
0
0
0
0
0
0
0
0
0
0
0
0
0
0
5.45871e-14
-9.54664e-15
0
0
0
0
0
0
0
0
0
0
0
0
0
0
0
0
0
0
0
0
0
0
0
0
-7.22274e-14
0
0
0
0
0
0
0
0
0
0
0
-1.74457e-15
0
0
0
0
0
0
0
0
0
0
0
0
0
0
0
0
0
0
0
0
0
0
0
0
0
0
0
0
0
0
0
2.11495e-14
9.99218e-15
0
0
2.88218e-17
0
0
0
0
0
0
0
0
0
0
0
0
0
0
0
0
0
0
0
0
0
0
0
0
-1.48399e-15
0
0
0
0
0
0
0
0
0
0
0
0
0
0
0
0
0
0
0
0
0
0
0
0
0
2.0597e-17
-1.46081e-17
0
0
0
0
0
0
9.64563e-16
0
0
0
0
0
0
0
0
0
0
0
0
0
0
0
0
0
0
0
0
1.89916e-15
0
0
0
0
0
0
0
0
0
0
0
0
0
0
0
0
0
0
0
0
0
-8.4216e-18
1.6968e-17
0
8.32699e-08
-8.32699e-08
0
0
0
0
0
0
0
0
0
0
0
0
-8.07712e-17
0
0
0
0
0
0
0
0
0
0
0
0
0
0
0
0
0
0
0
0
0
0
0
0
0
1.79017e-16
0
0
0
0
0
0
0
0
1.04309e-16
0
0
0
0
0
0
0
0
0
0
0
0
0
0
0
0
0
0
0
0
0
0
0
0
0
0
0
0
1.9698e-17
0
0
0
0
-5.33699e-17
0
0
0
0
0
0
0
0
0
0
0
0
0
0
0
-1.69607e-16
7.29211e-15
0
0
0
0
0
0
0
0
0
0
0
0
0
0
-8.42152e-08
8.42152e-08
0
-1.87774e-17
-6.36745e-17
2.47892e-15
0
0
0
0
0
0
0
0
-4.36794e-14
0
0
0
0
0
0
0
0
3.86284e-17
0
0
0
0
0
0
0
0
0
0
0
-1.34912e-16
0
0
0
0
2.07756e-16
-1.241e-16
0
0
0
0
0
0
0
0
4.49708e-16
0
0
0
0
0
0
0
0
0
0
0
0
0
0
0
0
0
0
0
0
0
0
0
0
0
0
0
0
0
0
0
0
0
0
0
0
0
0
0
0
0
0
-1.06681e-16
2.99965e-17
0
0
0
0
0
9.71953e-18
0
0
0
0
0
0
0
0
0
0
-1.10778e-14
0
0
0
0
0
0
0
0
8.40317e-08
-8.40317e-08
0
0
0
0
0
0
0
0
0
0
-1.94838e-15
0
0
0
0
0
0
0
0
0
0
0
0
0
0
0
2.93757e-17
-8.33458e-17
-5.09818e-31
0
0
0
0
0
0
0
0
0
0
-8.10437e-08
8.10437e-08
0
0
0
0
0
0
0
0
0
0
0
0
0
0
0
0
0
0
0
0
0
0
0
0
0
0
0
0
0
0
0
0
0
0
0
0
0
0
0
0
-2.4733e-15
-6.36023e-32
-1.07363e-16
0
0
0
0
0
0
0
0
0
0
0
0
0
0
0
-2.16396e-17
0
0
0
0
-5.27855e-16
2.01547e-15
0
0
0
0
0
0
0
0
0
0
0
0
0
0
0
0
0
0
0
0
0
0
0
0
0
0
-5.62853e-17
0
-1.30846e-15
0
0
0
0
0
0
0
0
0
0
0
0
0
0
0
-3.81705e-18
4.96165e-17
0
0
0
0
0
0
0
0
0
0
0
0
0
0
0
0
0
0
0
0
0
0
0
0
0
0
0
0
0
0
0
0
0
0
0
0
0
0
0
-7.35465e-15
6.00549e-15
0
0
-8.85659e-16
3.70582e-15
0
0
0
0
0
0
0
0
0
0
0
0
0
0
0
0
0
0
0
0
0
0
0
0
0
0
0
0
-2.98561e-17
0
0
0
0
0
0
0
0
0
-2.73892e-14
0
0
0
0
0
0
0
0
0
0
0
0
0
0
0
0
0
0
0
0
0
0
0
0
0
0
0
0
0
0
0
0
0
0
0
0
0
0
0
2.74607e-17
-1.14321e-16
0
0
0
0
0
0
0
-2.31038e-14
-5.51052e-14
0
0
0
0
0
0
0
2.40646e-16
0
0
0
0
0
-2.7452e-16
1.74006e-15
0
0
0
0
0
0
0
0
0
0
0
0
0
0
0
0
0
0
0
0
0
0
0
0
0
0
0
0
0
0
0
0
-5.04495e-19
0
0
0
-4.20418e-17
0
0
0
0
0
0
0
0
0
0
0
0
6.07136e-15
0
0
0
0
0
0
1.46863e-14
0
0
0
0
0
0
0
0
0
0
7.82653e-17
1.98671e-15
0
0
0
0
3.17276e-16
0
0
0
0
0
0
0
0
0
0
0
0
4.24044e-17
0
0
0
0
0
0
0
0
0
0
0
0
0
0
0
0
0
0
0
0
0
0
0
0
0
0
0
0
0
0
0
0
0
0
0
0
0
0
0
0
0
0
0
0
0
0
-1.31136e-16
7.19138e-15
0
0
0
0
0
0
0
0
0
0
0
0
0
0
0
0
0
0
0
0
0
0
0
0
0
0
3.75474e-17
1.90818e-15
0
0
0
0
0
0
0
0
0
0
0
0
0
0
0
0
0
0
0
-2.27566e-17
0
0
2.39227e-14
0
0
0
0
0
0
0
0
0
0
0
0
-4.14313e-16
0
0
0
0
0
0
0
0
0
0
0
0
0
0
0
0
0
0
0
0
0
0
0
0
0
0
0
0
-5.89799e-17
0
0
0
0
0
0
0
0
0
0
8.80741e-17
0
0
0
-8.4141e-14
0
0
0
0
0
0
0
0
0
0
1.32281e-16
1.18687e-16
0
0
0
0
0
0
-3.29554e-17
2.91796e-17
0
0
0
0
0
0
0
0
0
0
0
0
0
-1.9391e-17
0
0
0
0
0
0
0
4.80759e-08
4.80759e-08
0
0
0
0
0
0
0
0
0
0
0
0
0
0
-8.57228e-08
8.57228e-08
0
0
0
0
0
0
0
0
0
0
0
0
1.46473e-16
0
0
0
0
0
0
0
0
0
0
0
0
0
0
0
0
0
0
0
0
0
0
0
0
0
0
0
0
0
0
0
0
0
0
0
0
0
0
0
0
0
0
0
0
0
0
0
0
0
0
0
0
0
0
0
0
0
0
0
0
0
0
0
0
0
-1.59364e-16
0
0
0
0
1.13835e-15
2.22256e-17
0
0
0
0
0
0
0
0
0
0
0
3.82445e-15
2.45672e-29
0
0
0
0
0
0
0
0
-1.93259e-15
0
0
0
0
0
0
0
0
-1.14902e-15
-2.02634e-17
0
0
0
0
7.33854e-15
0
0
0
0
0
0
0
0
0
0
0
0
0
0
0
0
0
0
0
0
0
0
0
0
2.08315e-15
5.35503e-17
0
3.83251e-17
-3.4927e-15
-5.0888e-15
0
0
0
0
0
0
0
2.98327e-15
0
-7.08787e-15
1.55711e-14
0
0
0
0
0
0
0
0
0
0
0
0
0
0
0
0
3.01634e-15
0
0
0
0
0
3.52023e-17
6.8007e-18
-3.65586e-17
3.06747e-16
0
0
0
0
0
0
0
0
0
0
-5.92567e-15
0
-1.20335e-15
0
0
0
0
1.49457e-15
2.05127e-30
0
0
0
0
-4.18388e-14
0
0
0
2.89773e-17
0
0
0
0
-2.30554e-15
0
0
0
0
0
0
0
0
0
0
0
0
0
0
0
0
0
0
0
9.5005e-18
1.21594e-17
0
0
0
0
0
0
0
0
0
0
1.2286e-17
-2.78531e-17
-1.73933e-15
0
0
0
0
0
0
0
0
0
0
0
0
0
0
0
0
0
1.34454e-14
0
0
0
0
0
2.62177e-16
6.36993e-17
0
0
4.66337e-08
4.95181e-08
0
0
0
-3.46653e-15
0
-5.5061e-17
0
-2.63578e-17
0
-7.28564e-14
0
0
4.80759e-08
-1.10416e-15
-4.15572e-17
0
0
0
0
0
0
0
0
0
0
0
1.60566e-15
0
0
0
0
0
0
0
0
0
0
0
0
0
0
0
0
0
0
-7.34692e-15
0
0
0
0
0
0
0
0
0
0
0
0
0
0
0
0
0
0
0
0
0
0
0
0
0
0
0
0
0
0
0
0
0
0
0
0
0
0
0
0
0
0
0
0
0
0
0
0
0
7.52005e-17
0
0
0
0
0
0
0
0
0
0
0
0
0
0
0
0
0
0
8.58808e-14
-1.94019e-15
0
0
0
0
0
0
0
-3.34517e-16
4.36403e-14
0
-4.83046e-14
0
0
0
0
0
0
0
0
0
-2.94767e-15
0
0
0
0
0
0
0
0
0
0
0
0
0
0
0
0
0
3.94675e-16
0
0
0
0
9.33633e-14
0
0
0
0
0
0
0
0
0
0
0
0
0
0
0
1.85155e-15
0
0
0
0
0
0
0
0
0
0
0
0
0
0
0
0
0
0
0
0
0
0
0
0
0
0
0
0
6.23973e-16
0
-5.76431e-14
0
0
0
0
0
0
0
0
0
0
0
0
0
0
0
0
0
0
0
-8.55037e-18
0
0
0
0
0
5.78828e-15
7.76189e-15
0
0
0
0
0
0
0
0
0
0
0
-5.41157e-08
0
0
0
0
6.51814e-14
0
0
0
0
0
0
0
0
0
0
0
0
0
0
0
0
0
0
0
0
0
0
0
0
0
0
0
0
0
0
0
0
0
0
0
0
5.06258e-16
0
0
0
0
0
0
0
0
0
-7.21153e-15
-1.58768e-16
0
0
0
0
0
0
0
1.12587e-15
0
0
0
0
0
0
0
0
0
0
0
0
0
0
0
-3.37586e-17
0
0
0
0
0
0
0
0
0
-4.89608e-17
0
0
0
0
0
0
0
0
0
0
0
0
0
0
0
0
0
0
4.20361e-08
0
0
0
0
0
0
0
0
0
0
0
0
0
0
0
0
0
0
0
0
0
0
-3.24742e-16
0
3.5151e-17
0
0
0
0
0
9.71075e-17
0
0
0
0
0
0
0
0
0
0
0
0
0
0
0
0
0
0
0
0
0
0
0
0
0
0
2.89314e-14
0
0
0
0
0
0
0
0
0
0
0
0
0
0
0
0
0
0
0
-2.00691e-16
0
-3.24655e-16
0
0
-6.75357e-16
0
-9.47207e-14
0
0
0
0
0
0
0
0
0
0
0
0
0
0
0
0
0
0
0
1.68613e-15
0
5.37866e-17
0
0
0
0
0
6.77203e-18
0
0
0
0
0
0
0
0
0
0
0
0
0
0
0
0
2.00437e-17
-2.32833e-17
0
0
0
0
0
0
0
0
0
7.38279e-16
0
0
0
0
0
0
0
0
0
0
0
0
-1.80245e-15
-2.43874e-16
0
0
0
0
0
0
0
0
0
0
0
0
0
0
0
0
0
0
0
0
0
0
0
0
0
0
0
0
-2.30502e-16
-6.57494e-16
0
0
0
0
0
0
0
0
0
0
-6.5723e-17
0
1.13835e-14
-1.78183e-13
0
0
0
0
0
0
0
0
0
0
0
0
0
7.81756e-17
0
0
0
0
0
0
0
0
0
0
0
0
0
0
0
0
0
0
0
0
0
-2.82365e-17
0
0
0
0
0
0
0
0
0
0
0
0
0
0
0
0
0
0
0
0
0
0
0
0
-2.77958e-14
0
0
1.81073e-17
0
0
0
0
0
0
0
0
0
0
-5.9101e-18
0
0
0
0
0
0
0
0
0
0
0
0
0
0
0
0
0
0
0
0
0
0
0
0
0
0
0
0
0
0
0
0
0
0
0
0
0
0
0
0
0
0
0
0
0
0
0
0
0
0
0
3.08121e-14
0
0
0
0
0
0
0
0
0
0
0
0
0
0
0
0
0
0
0
0
-1.38831e-16
0
0
0
0
0
0
0
0
0
0
0
0
0
0
0
0
0
-5.02313e-17
1.77752e-17
0
0
-1.15152e-15
0
0
0
0
0
0
0
0
0
0
0
0
0
0
-2.11268e-14
0
0
0
0
1.27454e-31
0
0
0
0
0
0
0
0
1.9549e-15
1.36656e-17
0
0
0
0
0
0
0
0
0
0
0
-5.07327e-15
0
0
0
0
0
0
0
0
0
0
0
0
0
-2.3629e-15
0
0
0
0
0
0
0
0
0
0
0
0
0
0
0
0
0
0
0
0
0
0
2.97135e-15
0
0
0
0
0
0
0
-2.73235e-14
1.49056e-14
-3.48276e-14
3.30031e-14
0
0
0
0
0
0
0
0
0
0
0
0
0
0
0
0
0
0
0
0
0
0
0
0
0
0
0
0
0
0
0
0
0
0
0
0
0
0
0
0
0
0
0
0
0
0
0
0
0
0
0
0
0
0
0
0
0
0
0
0
0
0
0
0
0
0
0
0
0
0
0
0
0
0
0
0
0
0
0
0
0
0
0
0
0
0
0
0
0
0
0
0
0
0
0
0
0
0
0
0
0
0
0
0
0
0
0
0
0
0
0
0
0
0
0
5.46108e-18
0
0
0
0
0
0
0
0
0
0
0
-1.67526e-15
0
0
0
0
0
0
0
0
0
0
0
0
0
0
0
0
0
0
0
0
0
0
0
0
0
0
0
0
0
0
0
0
0
0
0
0
0
0
0
0
-1.74746e-14
0
0
0
0
0
-5.56073e-14
0
0
0
0
0
0
0
0
0
0
0
0
0
0
0
0
0
0
0
0
0
1.86537e-14
-4.04152e-14
-1.26114e-14
0
0
0
0
0
0
0
0
0
0
-1.36508e-15
0
0
0
0
0
0
0
0
0
0
0
0
0
0
0
0
0
0
0
0
0
0
0
0
0
0
0
2.57476e-16
0
0
0
0
0
0
0
0
0
0
1.56139e-15
0
0
0
0
0
0
0
0
0
0
0
0
0
0
0
0
0
0
2.95107e-14
-2.16796e-14
0
0
0
0
0
0
0
0
0
0
0
0
0
1.73071e-14
0
0
0
0
0
0
0
0
0
0
0
0
0
0
0
0
0
0
0
0
-1.62622e-17
0
0
0
0
7.56599e-15
0
0
0
0
0
0
0
-2.76027e-14
0
0
0
0
0
0
0
0
0
0
0
0
0
0
0
0
0
0
0
0
0
0
-1.4361e-14
0
0
0
0
0
0
0
0
0
0
0
0
0
0
0
0
0
0
0
0
0
0
0
0
0
0
0
0
0
0
0
-9.52293e-14
0
0
0
0
6.67269e-14
-1.80951e-15
-5.35786e-17
-1.75263e-17
-1.13714e-15
0
0
0
0
0
0
0
0
0
0
0
0
0
0
0
0
0
0
0
0
0
0
0
0
0
0
0
0
0
0
0
0
0
0
3.21784e-14
-5.03066e-14
-4.39071e-08
0
0
0
0
0
0
3.10345e-15
0
0
0
0
9.95866e-16
-1.27454e-31
3.21123e-17
0
0
0
0
0
5.07996e-16
0
0
0
0
0
0
0
0
0
0
0
0
0
0
0
-1.8513e-17
0
0
0
0
0
0
0
0
0
0
0
0
0
0
0
0
0
0
0
-6.24095e-16
0
0
0
0
0
0
0
0
0
0
0
0
0
0
0
0
0
0
0
0
0
0
0
0
0
0
0
0
1.03107e-15
0
0
0
0
0
0
0
0
0
0
0
0
2.37037e-17
0
0
0
5.01494e-15
0
0
0
0
0
0
0
0
0
0
0
0
0
0
0
0
0
0
0
0
0
0
0
0
0
0
1.0184e-17
-1.62309e-17
0
0
0
0
0
0
0
0
-5.22446e-08
-1.6447e-15
0
0
0
0
0
0
0
8.06675e-15
0
0
0
0
1.03163e-30
0
0
0
0
0
0
0
0
0
0
0
0
0
0
0
0
0
0
-4.19195e-14
0
0
0
0
0
0
0
0
0
0
0
0
0
0
0
0
0
0
0
0
0
0
0
0
0
0
0
0
1.05798e-15
-4.92872e-08
0
0
0
0
0
0
0
0
0
0
-9.11683e-16
0
0
0
0
-2.0903e-17
0
0
0
0
0
-5.71217e-17
0
0
-6.09037e-08
0
0
0
6.14513e-15
0
0
0
0
0
1.1203e-15
0
0
0
0
-7.10672e-15
0
0
0
0
0
0
0
0
0
0
0
0
0
0
0
-2.5131e-16
-3.68377e-18
0
0
0
-2.16273e-16
0
0
0
0
0
0
0
0
0
0
4.76959e-16
-2.24117e-15
0
0
0
0
0
0
0
0
0
0
0
0
0
6.34939e-08
0
0
-1.82872e-17
6.20667e-08
0
0
0
0
0
0
0
0
-1.92265e-15
0
0
0
0
0
0
0
0
0
9.89982e-16
0
0
0
0
0
0
0
0
1.06735e-15
1.06568e-15
0
-5.02073e-18
0
0
0
0
0
0
0
0
0
0
0
0
0
0
2.08764e-17
0
0
0
8.52337e-15
0
0
0
0
0
-1.10803e-15
0
0
0
0
0
-6.34939e-08
0
0
0
0
0
0
0
0
0
0
0
0
0
0
0
0
0
0
0
4.0439e-15
0
0
0
0
0
0
0
0
4.76666e-18
0
0
0
0
0
0
0
0
0
0
0
0
0
-7.71543e-16
0
0
0
0
0
0
0
0
0
0
0
0
-2.716e-17
0
0
0
1.45056e-17
0
0
0
0
0
0
0
0
0
0
0
-6.20667e-08
0
0
0
0
0
0
0
0
0
0
0
0
0
0
0
0
0
0
0
0
-1.137e-16
0
0
0
0
0
0
0
0
0
0
0
0
0
0
0
0
0
0
0
0
0
0
0
0
0
0
0
0
0
0
0
0
0
-9.69377e-16
0
0
0
0
0
0
0
0
0
0
0
0
0
0
0
0
0
0
0
0
0
0
0
0
0
0
0
0
0
0
0
0
0
0
0
0
0
0
0
0
0
0
0
0
0
0
0
0
0
0
0
0
-2.86288e-14
-1.01539e-14
0
0
0
0
0
0
0
0
0
0
0
0
0
0
0
0
0
0
0
0
0
0
0
0
0
0
0
0
0
0
0
0
0
0
0
0
0
0
0
0
0
0
0
0
0
0
0
-3.73605e-17
0
0
0
-2.66526e-16
0
0
0
0
0
0
0
0
0
0
0
0
0
0
0
0
0
0
0
0
0
0
0
0
0
0
-2.51187e-15
1.37218e-17
0
0
0
0
0
0
0
0
0
0
0
0
0
0
0
0
0
0
0
0
0
0
0
0
-6.60244e-29
4.9876e-14
0
0
0
0
-1.32756e-15
0
0
0
0
0
0
0
0
0
0
-9.23033e-14
0
0
0
-1.79219e-15
0
0
0
0
0
0
0
0
0
0
0
0
0
0
0
0
0
0
0
0
0
0
0
0
0
0
0
0
0
0
0
0
0
0
0
0
0
0
0
0
0
0
0
0
0
0
0
0
0
0
0
0
0
0
0
0
0
0
0
0
-4.82359e-16
3.86052e-14
0
0
0
0
0
0
0
0
0
0
0
0
0
0
0
-2.39454e-17
0
0
0
0
0
0
0
-9.93193e-15
0
0
0
-1.13682e-13
0
0
0
0
0
0
0
0
0
0
0
0
-1.76223e-15
0
0
0
0
0
0
3.34589e-15
-2.0568e-16
0
0
0
0
0
0
0
1.74311e-14
0
0
0
0
0
0
0
0
0
0
-1.02363e-30
0
0
0
0
0
0
0
0
0
0
0
0
0
0
0
0
0
0
9.84086e-16
0
0
0
0
0
0
0
0
0
0
0
0
0
0
0
0
0
0
0
0
0
3.37348e-14
1.69875e-14
0
0
0
0
0
0
6.5961e-15
0
0
0
0
0
0
0
0
0
0
0
0
0
0
0
0
0
0
0
0
0
0
0
0
0
0
0
0
0
0
0
0
0
0
0
0
0
0
0
0
0
0
0
0
0
0
0
0
0
0
0
0
0
0
0
0
0
0
0
0
0
0
0
0
0
0
0
0
0
0
3.08917e-16
0
0
0
0
0
0
-1.34357e-14
0
0
0
0
0
0
0
0
0
0
0
3.5248e-08
0
0
0
0
0
-3.05504e-14
0
0
-2.82123e-15
0
0
0
2.2804e-14
0
0
0
0
0
0
0
0
0
0
0
0
0
0
0
0
0
0
0
0
0
0
0
0
0
0
0
0
2.75831e-15
6.26856e-15
0
0
0
0
0
0
0
0
0
0
0
0
0
0
0
0
0
0
0
0
0
0
0
0
0
0
0
0
0
0
0
0
0
3.13523e-14
0
0
0
0
0
0
0
0
0
0
0
3.98728e-16
0
0
0
0
0
0
0
0
0
0
0
0
0
0
0
0
0
0
0
0
0
0
0
0
0
0
0
0
0
0
0
0
0
0
2.43146e-14
0
0
0
4.68645e-08
0
0
0
0
0
0
0
0
0
0
0
0
0
0
0
0
0
0
0
0
0
0
0
0
0
0
0
0
0
0
0
0
7.15028e-15
0
0
-1.12172e-17
0
0
0
0
-8.11283e-14
0
0
0
0
0
0
1.4701e-15
0
0
0
0
0
0
6.40689e-14
0
0
0
0
0
0
0
0
0
0
0
0
0
0
0
0
0
0
0
0
0
-8.89351e-14
0
0
0
0
0
0
0
0
0
0
0
0
0
0
0
0
0
0
0
0
0
-4.52007e-15
0
0
0
0
0
0
0
0
0
0
0
0
0
0
0
0
0
0
0
1.81701e-17
0
0
0
0
0
0
0
0
-4.78446e-14
0
0
0
0
0
0
0
0
0
0
0
0
0
0
0
0
7.0086e-14
0
0
0
0
0
0
0
0
0
0
0
-3.22958e-14
0
0
0
0
0
0
0
0
0
0
0
-6.37691e-14
0
0
0
0
0
0
0
0
0
0
0
0
0
0
0
0
0
0
0
0
0
0
0
0
0
0
0
0
3.79411e-14
0
0
0
0
0
0
0
0
0
0
0
0
0
0
0
0
0
0
0
0
0
0
0
0
0
0
0
0
0
0
9.45498e-18
-5.8183e-15
0
0
0
0
0
0
0
0
0
0
0
0
0
0
0
0
0
0
0
0
0
1.36274e-14
0
0
5.6825e-16
0
0
0
0
0
0
-2.31713e-15
0
0
0
0
0
0
0
0
0
0
0
0
0
0
0
0
0
0
0
0
0
0
0
0
0
0
0
0
0
0
0
0
0
0
0
0
0
0
0
0
0
0
0
0
0
0
0
0
0
0
0
0
0
0
0
0
-2.10732e-14
0
0
0
0
1.873e-14
0
0
0
0
0
0
0
0
0
0
0
0
0
0
0
0
7.92353e-14
0
0
0
0
0
0
0
0
0
0
0
0
0
0
0
0
0
0
0
0
0
0
0
0
0
0
0
0
0
0
0
)
;

boundaryField
{
    frontback
    {
        type            empty;
        value           nonuniform List<scalar> 0();
    }
    topbottom
    {
        type            calculated;
        value           uniform 0;
    }
    outlet
    {
        type            calculated;
        value           uniform 0;
    }
    inlet
    {
        type            calculated;
        value           nonuniform List<scalar> 0();
    }
    walls
    {
        type            calculated;
        value           nonuniform List<scalar> 
45
(
0
0
0
0
0
-1.92304e-07
-1.92304e-07
-1.92304e-07
-1.92304e-07
-1.92304e-07
-1.92304e-07
-1.92304e-07
-1.92304e-07
-1.92304e-07
-1.92304e-07
-1.92304e-07
-1.92304e-07
-1.92304e-07
-1.92304e-07
-1.92304e-07
-1.92304e-07
0
0
-1.92304e-07
0
0
0
-1.92304e-07
0
-1.92304e-07
-1.92304e-07
0
0
0
0
-1.92304e-07
0
-1.92304e-07
-1.92304e-07
-1.92304e-07
-1.92304e-07
-1.92304e-07
-1.92304e-07
0
0
)
;
    }
    procBoundary3to1
    {
        type            processor;
        value           nonuniform List<scalar> 
205
(
-1.19711e-07
0
0
0
0
0
1.71854e-16
-2.93481e-15
0
0
0
0
0
0
0
0
-1.69587e-16
0
0
-6.29397e-16
0
0
-1.16706e-13
0
0
0
0
0
0
0
0
0
0
-2.89807e-15
3.00163e-15
0
0
0
0
0
0
0
0
0
0
0
0
0
0
0
0
0
0
0
0
0
0
0
0
0
-1.11976e-16
0
0
0
0
-8.75613e-15
0
0
0
0
1.06544e-14
-1.20365e-14
0
0
0
0
0
0
0
7.16248e-17
0
0
0
1.63026e-14
0
0
0
0
3.13084e-15
-4.03908e-17
6.10225e-15
0
0
0
0
0
0
-7.02927e-15
-2.11109e-14
0
0
0
0
0
0
0
0
0
0
0
0
0
0
0
0
0
0
0
0
0
0
-8.24447e-15
0
0
0
0
0
0
0
0
0
0
0
0
-8.55341e-15
0
0
0
0
0
0
0
0
0
-5.64933e-16
0
0
0
-8.12759e-16
0
4.02042e-17
0
0
0
-9.09652e-15
0
0
-3.12786e-16
0
0
0
-1.65182e-14
0
4.25089e-16
0
0
0
0
0
0
0
0
0
0
0
0
0
-5.9224e-17
0
0
0
-1.54735e-16
0
0
0
0
0
0
0
0
0
0
0
1.1288e-14
0
0
0
0
0
0
0
0
0
1.48687e-14
0
)
;
    }
    procBoundary3to2
    {
        type            processor;
        value           nonuniform List<scalar> 
99
(
0
0
0
0
6.987e-16
0
0
0
-7.64236e-16
0
0
0
5.59211e-15
0
0
0
0
0
0
0
0
0
0
0
0
0
0
0
0
0
0
0
0
0
0
0
0
0
0
0
0
0
0
0
-2.23675e-14
0
0
0
0
2.27593e-14
0
0
0
0
0
0
0
0
0
0
0
0
0
0
0
0
0
5.11817e-31
0
-5.25179e-08
0
0
0
0
0
0
0
0
0
0
0
0
0
0
0
0
0
0
0
0
0
0
0
-2.95735e-14
-5.65551e-14
0
0
-5.63e-14
0
)
;
    }
}


// ************************************************************************* //
