/*--------------------------------*- C++ -*----------------------------------*\
| =========                 |                                                 |
| \\      /  F ield         | OpenFOAM: The Open Source CFD Toolbox           |
|  \\    /   O peration     | Version:  v2012                                 |
|   \\  /    A nd           | Website:  www.openfoam.com                      |
|    \\/     M anipulation  |                                                 |
\*---------------------------------------------------------------------------*/
FoamFile
{
    version     2.0;
    format      ascii;
    class       surfaceScalarField;
    location    "100";
    object      meshPhi;
}
// * * * * * * * * * * * * * * * * * * * * * * * * * * * * * * * * * * * * * //

dimensions      [0 3 -1 0 0 0 0];
oriented        oriented;


internalField   nonuniform List<scalar> 
20580
(
0
0
0
0
0
0
0
0
0
0
0
0
0
0
0
0
0
0
0
0
0
0
0
0
0
-3.11534e-14
-3.55486e-15
0
0
0
0
0
0
0
0
0
0
0
2.26114e-16
-1.80685e-17
0
0
0
0
0
0
1.39718e-16
1.14342e-16
0
0
0
0
0
0
0
0
0
0
0
0
0
0
0
-1.44479e-16
0
-8.48309e-16
0
0
0
0
0
0
0
0
0
0
0
0
0
0
0
0
0
0
0
0
0
0
0
0
0
0
0
0
0
0
0
0
0
0
0
0
0
0
0
0
0
0
0
0
0
0
0
0
0
0
0
0
0
0
-6.15873e-08
-3.45645e-08
0
0
0
0
0
0
0
0
0
0
6.31728e-16
0
0
0
0
0
0
0
0
0
1.52718e-17
-5.76255e-17
0
0
0
0
0
0
0
0
0
0
0
0
0
0
0
0
0
0
0
0
0
0
0
0
0
0
0
6.12981e-15
0
1.5574e-14
0
0
0
0
0
0
0
0
0
0
0
0
0
0
0
1.35744e-16
2.0399e-17
0
0
0
0
0
0
0
0
0
0
-5.88784e-17
0
0
0
0
0
0
5.66965e-16
0
1.97029e-14
2.88833e-15
0
0
0
0
0
0
0
0
0
0
0
0
0
1.49946e-33
-1.95157e-16
0
3.63468e-17
0
0
0
0
0
0
1.64966e-17
3.15419e-17
5.24237e-16
0
0
0
0
0
0
0
0
0
-5.43613e-08
-4.17905e-08
0
0
0
0
0
0
0
0
0
0
0
0
0
0
0
0
0
0
0
0
0
0
1.08387e-16
-5.95376e-16
0
0
0
0
0
0
0
0
0
0
0
0
0
0
0
0
0
0
0
0
0
0
0
0
0
0
0
0
0
0
0
0
0
0
0
0
0
0
0
0
0
0
0
0
0
0
0
0
0
0
0
0
0
0
0
0
0
0
0
0
0
0
3.99696e-15
9.50667e-17
0
0
0
0
0
0
0
0
0
0
0
0
0
0
0
0
0
0
0
0
0
0
0
0
0
2.09335e-16
0
0
0
0
0
0
0
0
0
0
-9.28053e-16
0
3.17246e-15
0
0
0
0
0
0
0
0
0
0
0
0
5.55988e-14
0
0
0
0
0
0
0
0
0
0
0
0
0
0
0
0
0
0
0
0
0
0
0
0
0
0
0
0
0
0
0
0
0
0
0
0
0
0
0
0
0
0
0
0
0
0
0
0
0
0
0
0
0
0
0
0
0
0
0
-7.82554e-15
-3.27569e-14
0
0
0
0
0
0
0
0
0
0
0
0
0
0
-5.19304e-14
0
0
0
0
0
0
0
0
0
0
0
0
0
0
-3.27187e-08
-6.34331e-08
0
0
0
0
0
0
0
0
0
0
0
0
0
0
0
0
0
0
-5.03618e-17
0
0
0
0
0
0
0
0
0
0
0
0
0
0
0
0
0
0
0
0
0
0
0
0
0
-8.8005e-17
1.5741e-16
0
0
0
0
0
0
0
0
0
0
0
0
0
0
0
0
0
3.9248e-15
-2.4231e-15
0
-6.23734e-18
-9.12302e-16
0
0
0
0
0
0
0
0
0
0
0
0
0
0
0
0
0
0
0
0
0
0
-6.66294e-14
0
0
0
0
1.27064e-16
-3.2922e-16
0
0
0
0
0
0
0
0
0
0
0
0
0
0
0
0
0
0
0
0
0
0
0
0
-6.14439e-17
0
0
0
0
0
5.18678e-16
0
-1.01075e-16
0
2.86437e-16
0
0
0
0
0
0
0
-1.59448e-16
1.06735e-16
0
0
0
0
0
0
0
0
0
0
0
0
0
0
0
0
0
0
0
2.81691e-16
-2.01984e-16
-1.41558e-16
0
0
0
9.0915e-14
0
-3.75709e-14
0
0
0
0
0
0
5.77778e-16
-3.79161e-16
0
0
0
0
0
3.0544e-15
2.73851e-17
0
0
0
0
0
0
0
0
0
0
0
0
0
0
0
0
-1.51968e-16
0
0
0
0
0
0
0
0
0
0
0
0
0
0
0
0
0
0
0
0
0
0
0
0
0
0
0
0
0
0
0
0
0
0
0
0
0
-1.72876e-16
0
0
0
0
0
0
0
0
0
0
0
0
0
0
0
0
0
0
0
0
0
0
0
0
0
0
0
0
0
0
0
0
0
0
0
0
0
0
0
0
0
0
0
0
0
0
0
0
0
0
0
0
0
1.66985e-15
0
0
0
0
-5.32009e-17
-1.47899e-16
0
0
0
0
0
0
0
0
0
0
0
0
0
0
0
0
0
0
0
0
0
0
0
0
0
0
0
0
0
0
0
0
0
0
0
0
0
0
0
0
0
0
0
3.99047e-15
5.67359e-15
0
0
0
-4.95104e-08
-4.66414e-08
0
0
0
0
0
0
0
0
0
0
0
0
0
0
-3.43647e-16
0
0
0
0
0
0
0
0
0
0
0
0
0
0
0
0
0
0
0
0
0
0
0
0
0
-5.33931e-17
0
0
0
0
0
0
0
0
0
0
-1.10813e-14
6.17366e-15
0
0
0
0
0
0
0
0
0
0
0
0
0
0
0
0
0
0
0
0
0
0
0
0
0
0
0
0
0
0
0
0
0
0
0
0
0
0
0
0
0
0
0
0
0
0
0
0
0
-2.90876e-16
-7.35585e-16
0
0
0
0
0
0
1.5369e-16
5.12907e-08
0
0
0
-8.84908e-17
0
0
0
0
0
0
0
0
0
0
0
0
0
0
0
0
0
0
0
0
0
0
0
0
0
0
0
0
0
0
0
0
0
0
0
0
0
-1.05718e-16
-9.43087e-18
0
0
0
0
0
0
0
0
0
0
0
0
0
2.70415e-15
0
0
0
0
0
0
0
0
-2.78142e-19
0
-1.28201e-16
0
0
0
0
0
0
0
0
0
0
0
0
0
0
-4.80759e-08
-4.80759e-08
0
0
0
0
0
0
0
0
0
0
0
0
0
0
0
0
0
0
0
4.15276e-16
1.58401e-15
0
0
0
0
0
0
0
0
0
0
0
0
0
0
0
0
0
0
0
0
-1.16008e-14
0
0
8.17442e-16
9.99321e-16
0
0
0
0
0
0
0
0
0
0
0
0
0
0
0
0
0
0
0
0
0
0
0
0
0
0
0
0
0
0
0
0
0
2.1576e-14
0
0
0
0
0
0
0
0
0
0
0
0
0
0
0
0
0
0
0
0
0
0
0
0
0
0
0
0
0
0
0
0
0
0
-3.15528e-14
1.91931e-30
-1.13923e-13
0
0
0
0
0
0
0
0
0
0
0
0
0
0
0
0
1.01501e-16
8.33046e-08
-5.50777e-08
0
0
0
0
0
0
0
0
0
0
0
0
0
0
0
0
0
0
0
0
0
0
0
0
0
0
0
0
0
0
0
0
0
0
0
0
0
0
0
0
0
0
0
0
0
0
0
0
0
0
0
0
0
0
0
4.6124e-16
0
-6.11895e-17
0
0
0
0
7.73638e-17
-5.54948e-17
0
0
9.89281e-17
-1.87169e-17
0
0
0
0
0
-4.27335e-14
0
1.13677e-14
0
0
-3.86005e-15
0
0
0
0
0
0
0
0
0
0
0
0
0
0
0
0
0
0
0
0
0
0
0
0
0
0
0
0
0
0
0
0
0
0
0
0
0
0
0
0
0
0
0
0
0
0
0
0
0
0
0
0
0
2.22454e-16
0
2.06412e-16
0
0
0
0
0
0
0
0
0
-7.55972e-17
0
2.92291e-17
0
0
0
0
0
0
0
0
0
0
0
0
0
0
0
0
0
0
0
0
0
0
0
0
0
0
0
0
0
0
0
0
0
-5.71922e-16
0
4.68997e-16
0
0
0
0
0
0
0
0
0
0
-3.41248e-16
0
2.90571e-16
0
0
0
0
0
1.62576e-14
0
0
0
0
0
0
0
0
1.61317e-15
-1.44599e-15
0
0
0
0
0
0
0
0
0
0
0
0
-3.24884e-32
0
0
0
0
5.38193e-16
-2.92121e-16
0
0
0
0
0
0
0
0
0
0
0
0
0
0
0
0
0
0
0
0
0
0
0
0
0
0
0
0
0
0
0
0
0
0
0
0
0
0
0
0
0
0
0
0
0
0
0
0
0
0
0
0
0
0
0
4.61487e-08
2.77714e-16
0
-3.43998e-16
5.32441e-17
0
0
0
0
0
0
4.50862e-17
0
0
0
0
0
0
0
0
0
0
0
0
0
0
0
0
0
0
0
0
0
0
0
0
0
0
0
0
0
0
0
0
0
0
0
0
3.95628e-16
0
0
0
0
0
0
0
0
0
0
0
0
0
0
0
0
0
0
0
0
0
0
0
0
0
0
0
0
3.65841e-16
-8.4721e-16
0
0
0
0
0
0
-3.83143e-17
0
0
0
0
0
0
0
0
0
0
0
0
0
0
0
0
0
0
0
0
0
0
0
3.99014e-16
0
0
0
0
0
0
0
0
0
0
0
3.69096e-17
-3.73085e-16
1.77019e-16
0
0
0
0
0
0
0
0
0
0
0
0
0
0
0
-1.62741e-16
0
0
0
0
0
0
0
0
0
0
0
0
0
0
0
0
0
0
0
0
0
0
0
0
0
-3.59037e-16
0
-2.30386e-16
0
0
0
0
0
0
0
0
0
0
0
0
0
0
0
0
0
0
0
0
0
0
0
0
0
0
0
0
0
0
0
0
0
0
0
0
0
0
0
0
0
0
0
0
0
0
0
0
0
0
0
0
0
0
0
0
0
0
-2.91744e-16
-3.40518e-16
0
0
0
0
0
0
0
0
0
0
0
0
0
0
0
0
0
0
0
0
0
0
0
0
0
0
0
0
0
0
0
0
0
0
0
0
0
0
0
0
0
0
0
0
0
0
0
0
0
0
0
0
0
0
0
0
0
0
0
0
0
0
0
0
0
0
0
0
8.23354e-15
0
0
4.38533e-14
-3.19005e-14
0
0
0
0
0
0
0
0
0
0
0
-2.02497e-15
0
0
0
0
0
0
1.58083e-14
-7.19925e-15
0
0
0
0
0
2.72772e-14
-3.6371e-14
-1.84347e-14
0
1.00695e-18
0
0
0
0
0
0
0
0
0
0
0
0
0
0
0
0
0
0
0
0
0
0
0
0
0
-8.15708e-30
2.1941e-14
3.86963e-14
0
0
0
0
0
0
0
0
0
0
0
0
0
0
0
0
0
0
-7.09245e-17
0
0
0
0
0
0
0
0
0
0
0
1.5291e-14
0
0
0
0
0
0
0
0
0
0
0
0
0
0
0
0
0
0
-3.89767e-14
-4.56988e-15
6.88926e-15
-5.47372e-14
-9.86877e-15
0
0
0
0
5.19186e-15
-6.80688e-15
0
0
0
1.85005e-15
0
8.91541e-18
-6.46734e-14
0
3.61762e-14
0
0
0
0
0
0
0
0
0
0
0
0
0
0
5.00097e-18
0
0
0
0
0
0
0
0
0
0
0
0
0
0
0
0
0
0
0
0
0
0
0
0
0
0
0
0
0
0
0
0
0
0
0
0
0
0
0
0
0
0
0
0
0
0
0
0
0
0
-4.48307e-15
-2.38128e-15
-3.01323e-15
0
0
0
0
0
0
0
0
0
0
0
0
0
0
0
0
0
0
0
0
0
0
0
9.6492e-15
0
-8.41226e-17
0
0
0
0
0
0
0
0
0
0
0
0
0
0
0
0
0
0
5.2885e-15
0
-2.99005e-14
0
0
0
0
0
0
-5.10817e-31
0
0
0
0
0
0
0
0
0
0
0
0
0
0
0
0
0
-3.9234e-16
3.59069e-16
0
0
0
0
0
0
0
0
0
0
-5.76255e-17
5.17209e-16
0
0
0
0
0
0
0
5.5022e-15
0
0
0
0
0
0
0
0
3.15757e-18
2.58794e-17
0
0
0
0
0
0
0
0
0
0
0
0
4.2951e-16
0
0
0
-5.29401e-14
-2.62699e-14
0
0
0
0
0
0
0
0
0
0
0
0
0
0
0
0
0
0
0
0
1.07824e-16
0
0
0
0
0
0
0
0
0
0
0
0
0
0
0
0
0
0
0
-1.00166e-16
0
0
5.52299e-08
0
0
0
0
0
0
0
0
0
0
-1.14564e-16
0
-5.84035e-17
0
0
0
0
0
0
0
0
0
0
0
0
0
0
0
0
0
0
0
0
0
0
0
0
0
0
0
0
0
0
0
0
0
0
0
0
0
0
0
0
0
0
0
0
0
0
0
0
0
0
0
-1.07067e-16
0
0
0
0
2.57908e-31
5.44773e-08
0
0
0
0
0
0
0
0
0
0
0
0
0
0
0
0
0
-1.12647e-15
1.90382e-15
0
0
0
0
0
0
-2.16489e-17
0
0
0
0
1.18194e-16
1.93293e-16
0
0
0
0
0
0
0
0
0
0
0
0
0
0
0
0
0
0
-1.28348e-14
-5.00553e-14
0
0
0
0
0
0
0
0
0
0
0
0
0
0
0
0
0
0
0
0
0
0
0
0
0
0
0
0
0
0
0
0
0
0
0
0
0
0
0
0
0
0
0
0
0
0
0
0
0
0
0
0
0
0
0
0
0
0
0
0
0
2.01029e-15
2.45096e-15
0
0
0
1.24129e-15
0
0
5.00031e-08
3.44308e-16
4.57468e-08
0
0
0
0
0
0
0
0
0
0
0
0
0
0
0
0
0
0
0
0
0
-4.98225e-15
0
1.89713e-15
0
0
0
4.37145e-17
-4.04583e-16
0
0
0
0
0
0
0
0
0
0
0
0
0
0
0
0
0
0
0
0
0
0
-1.10787e-16
0
0
0
-3.0088e-14
0
0
0
0
0
0
0
0
0
0
9.5501e-17
0
0
0
0
0
0
0
0
0
0
0
0
0
0
0
0
0
0
0
0
0
0
0
0
0
0
0
0
0
0
0
0
0
0
0
0
0
0
0
0
0
-2.10335e-15
0
-1.36355e-15
0
0
0
0
0
0
0
0
0
0
0
0
0
0
0
0
0
0
0
0
0
0
0
0
0
0
0
0
0
0
0
0
0
0
0
5.42678e-14
0
-1.34927e-14
0
0
0
0
0
-4.35058e-14
0
0
0
0
0
0
0
0
1.03802e-16
5.2036e-08
0
0
0
0
0
0
0
0
0
0
0
0
-6.23782e-14
-3.57554e-14
0
0
0
0
0
0
0
0
0
0
0
0
-1.67413e-16
-9.33798e-19
0
0
0
0
0
0
0
0
0
0
0
0
0
0
0
0
0
0
0
0
0
0
0
0
0
0
5.84099e-15
3.72867e-15
0
0
0
0
0
0
0
0
0
0
0
0
0
0
0
0
0
0
0
0
0
0
0
0
0
0
0
0
0
0
0
0
0
0
0
0
0
0
0
1.40305e-17
1.16273e-15
0
0
0
0
0
0
0
0
0
0
0
0
0
0
0
0
0
4.78484e-08
0
0
0
0
0
0
0
0
5.53794e-15
4.85578e-15
0
0
0
-1.46646e-14
3.83293e-15
0
0
0
0
0
3.24907e-15
1.1067e-17
7.78957e-15
0
0
0
-5.04326e-15
-2.01528e-30
0
0
0
0
-2.13365e-16
0
0
0
0
0
0
0
0
0
0
0
0
0
4.80759e-08
-5.82673e-17
0
5.06268e-17
0
0
1.15518e-16
0
0
0
0
0
0
0
0
0
1.43053e-14
0
0
0
0
0
0
0
0
0
-7.83372e-16
6.33963e-16
-1.14293e-16
0
0
0
0
0
-1.39065e-14
0
0
0
0
0
0
0
0
0
0
0
0
0
0
0
0
0
0
0
0
0
0
0
0
0
-2.64795e-15
-2.1886e-15
0
0
0
0
0
0
0
0
0
0
0
0
0
0
2.6805e-17
-1.18707e-16
0
0
0
0
0
0
0
0
0
0
0
0
0
0
0
0
0
0
0
0
0
0
0
0
0
0
0
0
0
0
0
0
0
0
0
0
0
0
0
0
0
0
0
0
0
-9.53848e-16
0
0
0
0
0
0
0
0
0
0
0
0
-3.79994e-16
0
0
0
0
0
0
-9.88667e-17
0
0
0
0
0
0
0
0
-2.11607e-15
2.14055e-15
0
0
0
0
0
1.28725e-14
0
-1.76617e-14
0
0
0
0
0
0
0
0
0
0
0
0
0
-2.24366e-16
0
0
0
0
0
0
0
0
0
0
0
0
0
0
0
0
0
0
0
-8.74137e-15
0
1.02676e-14
0
0
0
0
0
0
0
0
0
0
0
0
0
0
0
0
0
0
0
0
0
0
0
0
0
0
0
0
0
2.69489e-16
2.19181e-15
0
0
0
0
0
0
0
-4.79459e-16
0
0
0
0
0
4.80759e-08
1.15251e-16
0
0
0
0
0
0
0
0
0
0
0
0
0
0
0
0
-5.71141e-17
0
6.55116e-29
0
0
0
0
0
2.05816e-15
2.30704e-16
0
0
0
0
0
0
0
-3.21125e-15
0
0
-4.18813e-16
0
0
0
3.39328e-14
0
0
0
0
0
0
0
0
0
0
0
0
0
0
0
0
0
0
0
0
0
0
0
2.38878e-15
-2.13291e-14
0
0
0
0
0
0
0
0
0
0
-1.07615e-15
4.80759e-08
0
0
0
0
0
0
5.77692e-17
-1.30829e-16
0
0
0
0
0
0
0
0
0
0
0
0
0
0
0
-2.31443e-15
7.56244e-15
0
0
0
0
-1.09872e-15
-1.51326e-15
0
0
0
0
0
2.97432e-16
5.2126e-08
0
0
0
0
0
0
-1.24135e-15
0
0
0
0
0
0
0
0
0
0
0
0
0
0
0
0
0
0
0
0
0
0
0
0
0
0
0
0
-1.00517e-15
0
0
0
0
0
0
0
0
1.39027e-14
-1.3066e-13
0
0
0
0
0
0
0
0
0
0
0
0
0
0
0
0
0
0
0
0
0
0
0
0
0
0
0
0
0
0
0
0
0
0
0
0
0
0
0
0
0
0
0
0
0
0
0
0
0
0
0
0
0
0
0
0
0
0
0
0
0
-1.43553e-15
-6.50269e-16
0
0
0
0
0
2.96245e-16
0
-8.09182e-16
0
0
0
0
0
0
0
0
0
0
0
0
0
0
0
0
0
0
0
0
0
0
0
0
0
0
0
0
0
0
0
0
0
0
0
0
0
0
0
0
0
0
0
0
0
0
0
0
0
0
0
0
2.0187e-15
0
-1.32306e-15
0
0
0
0
0
2.48964e-17
-5.97737e-17
0
0
0
0
0
0
0
0
0
0
0
0
0
0
0
0
0
0
0
0
0
0
0
0
0
0
0
0
0
0
0
0
0
0
0
0
0
0
0
0
0
0
0
0
0
0
0
0
0
0
6.71469e-16
0
0
-3.06789e-16
0
0
0
0
-7.95097e-16
0
-4.65749e-16
0
0
0
0
0
0
0
0
0
0
0
0
0
0
0
0
0
0
7.74104e-14
0
0
0
0
0
0
0
0
0
0
0
-1.64872e-16
0
0
0
0
0
2.98515e-15
4.75764e-15
0
0
0
0
0
0
0
0
0
5.6244e-14
0
-8.23915e-15
0
0
0
0
0
0
0
0
0
0
0
0
0
0
0
0
0
0
-8.16089e-15
0
0
0
0
0
0
0
0
0
1.5541e-15
0
1.48803e-16
0
0
0
0
-3.65878e-17
0
2.25198e-14
0
-2.82801e-14
0
0
-2.39568e-15
0
0
0
0
0
0
0
0
0
0
0
0
0
0
0
0
0
-1.81012e-14
0
0
0
0
0
0
0
0
0
0
0
0
0
0
0
0
0
0
0
0
0
0
0
0
0
0
0
0
0
0
7.51131e-15
0
-3.67376e-15
0
0
0
0
0
0
0
0
0
0
0
0
0
0
3.03081e-17
0
0
0
0
0
0
0
0
0
0
-7.68315e-15
0
0
0
0
-9.30149e-15
0
0
0
0
0
0
0
0
0
0
0
0
0
0
0
0
0
0
0
0
0
0
0
0
0
0
0
0
0
0
0
0
0
0
-2.46998e-14
0
0
0
0
0
0
0
0
0
0
0
0
0
0
0
0
0
0
0
0
0
0
0
0
0
0
0
0
0
0
0
0
0
0
7.6829e-17
0
0
0
0
0
0
0
0
0
0
0
0
0
0
0
0
0
0
0
0
0
0
0
0
0
0
0
0
0
0
0
8.27671e-15
4.60715e-16
0
0
0
0
0
0
4.362e-14
0
0
0
0
0
0
0
1.0742e-16
0
1.37659e-15
0
0
0
0
0
0
-4.33036e-16
8.46121e-15
0
0
0
0
0
0
0
0
0
0
0
0
0
0
0
0
8.15283e-17
0
0
0
0
0
0
0
0
0
0
0
0
0
0
0
0
0
0
0
0
0
0
0
0
0
0
0
0
0
0
0
0
0
0
0
0
0
0
0
0
0
0
0
0
0
0
0
0
0
0
0
0
0
0
0
0
0
0
0
0
0
0
0
-1.93477e-14
0
0
0
0
0
0
0
0
0
0
0
0
0
0
0
0
0
0
0
0
0
7.25213e-15
-1.32581e-15
-1.92105e-15
0
0
0
0
0
0
0
0
0
0
0
0
0
0
0
0
0
0
0
0
0
0
0
0
0
0
0
0
0
-3.36741e-15
0
0
0
0
0
0
0
0
0
0
0
0
0
0
0
0
0
0
0
0
0
-3.61212e-14
1.3914e-14
0
0
0
0
0
0
0
0
0
-7.43358e-14
0
0
0
0
0
0
0
0
0
0
0
0
0
0
1.60908e-15
0
0
5.2619e-16
-7.14326e-16
0
0
0
0
0
0
0
0
0
0
0
0
0
0
0
0
0
0
0
0
0
0
0
0
0
0
0
0
0
0
0
0
0
0
0
0
0
0
0
0
0
0
0
0
0
0
0
0
0
0
0
0
0
0
0
0
0
0
0
0
0
0
0
0
0
0
0
0
0
0
1.43679e-16
2.06326e-30
0
0
0
0
0
0
0
0
0
0
0
0
0
0
0
0
0
0
-1.19957e-31
0
0
0
0
0
0
0
0
-2.42626e-16
0
0
0
-5.40455e-15
0
0
0
0
0
0
0
0
0
0
0
4.52237e-16
0
0
0
0
0
0
0
0
0
0
0
0
0
0
0
0
0
0
0
0
0
0
0
0
0
0
0
-3.3499e-16
0
0
0
0
0
0
0
0
0
0
0
0
0
0
0
0
0
0
0
0
0
0
0
0
0
0
0
0
0
0
0
0
0
0
0
0
0
0
0
0
0
0
0
0
0
0
0
0
0
0
0
0
0
0
0
0
-1.78002e-15
4.71673e-16
0
0
0
0
0
0
0
0
0
-2.83065e-16
0
0
0
1.08108e-15
-8.86141e-16
0
0
0
0
0
0
0
0
0
0
0
0
0
0
0
3.59578e-14
-3.35786e-14
0
0
0
0
0
0
0
5.42923e-15
-5.35248e-15
0
0
0
0
0
0
0
0
0
0
0
0
0
0
0
0
0
0
0
0
0
0
0
-1.21063e-16
0
0
0
-2.08948e-16
0
0
0
0
0
0
0
0
0
0
0
0
0
0
0
0
0
0
0
0
0
0
0
0
0
0
0
0
0
0
0
0
0
0
0
0
0
0
0
0
0
0
0
0
0
0
0
0
0
0
0
0
0
0
0
0
0
0
0
0
0
0
0
0
0
0
0
0
0
0
0
0
0
0
0
0
0
0
-1.11031e-16
0
0
0
0
0
2.81645e-14
4.25673e-15
1.0008e-14
-5.93096e-17
0
0
0
0
0
0
0
0
0
0
0
0
0
0
0
0
0
0
0
0
0
0
0
0
0
0
0
-1.02563e-30
0
0
0
0
0
0
0
0
1.08325e-14
0
2.38353e-15
-4.46513e-14
0
0
0
0
0
0
0
-2.88759e-16
2.91197e-16
0
0
0
0
0
0
0
0
0
0
0
0
0
0
0
0
0
0
0
0
0
0
0
0
0
0
0
0
0
1.34155e-16
0
0
0
-3.57341e-14
0
-2.08232e-14
0
0
0
0
0
0
0
0
0
0
0
0
0
4.04572e-16
7.76948e-16
0
0
0
0
0
0
0
0
0
0
0
3.15647e-16
-1.81941e-16
0
0
0
0
0
0
0
0
0
0
0
0
0
0
0
0
0
0
0
0
0
0
0
0
0
0
0
0
0
0
2.18374e-16
0
0
0
0
0
0
0
0
0
0
0
0
0
0
0
0
0
0
0
0
0
0
0
0
0
0
0
0
3.4876e-15
0
0
0
0
0
0
0
0
0
0
0
0
0
0
0
0
0
0
0
0
0
0
0
0
0
0
0
0
0
0
0
0
0
0
0
0
0
0
0
-2.51227e-15
0
-8.15708e-30
0
0
0
0
0
0
0
0
0
0
0
0
0
0
0
0
0
0
0
0
0
0
0
0
0
0
0
0
0
0
-5.29151e-15
1.46975e-15
-5.80515e-15
1.42307e-15
0
0
0
0
0
0
0
0
0
0
0
0
0
0
0
0
0
0
0
0
0
0
0
0
0
6.79467e-17
0
0
0
5.48673e-16
0
4.54173e-15
0
0
0
0
0
0
0
0
0
0
0
0
0
0
0
0
0
0
0
0
0
0
0
0
0
0
0
0
0
0
0
0
0
0
0
0
0
0
0
0
0
0
-3.99895e-17
4.31253e-16
0
0
0
0
0
0
0
0
0
0
0
0
0
0
0
0
0
0
0
0
0
0
-5.44978e-14
0
-8.97168e-15
0
0
0
0
0
0
0
0
0
0
0
0
0
0
0
0
0
0
0
0
0
0
0
0
0
0
0
0
0
0
0
-3.46669e-15
0
0
0
0
0
0
0
0
0
0
0
0
0
0
0
3.09889e-32
0
0
0
0
0
0
0
0
0
0
0
0
0
0
0
0
0
0
0
0
0
0
0
0
0
0
0
0
0
0
0
0
0
0
0
0
0
0
0
0
0
0
0
0
0
0
0
0
0
0
0
0
0
-6.81395e-14
0
0
0
-1.05107e-15
0
0
0
0
0
0
0
0
0
0
0
0
0
0
0
0
0
0
0
0
0
0
0
0
0
0
0
0
0
0
0
0
0
0
0
2.33328e-16
-6.96918e-16
0
0
0
0
0
0
0
0
0
0
0
0
0
0
0
0
0
0
0
0
0
0
0
0
0
0
0
0
0
0
0
0
0
0
0
0
0
0
0
0
0
0
0
0
0
0
0
0
0
6.37338e-16
-8.05973e-17
0
0
0
0
0
0
0
0
0
0
-9.51409e-16
0
0
0
0
0
0
0
0
0
0
0
0
0
0
0
0
0
0
0
0
0
0
0
0
0
0
0
0
0
0
0
-3.15199e-14
0
4.79787e-14
0
0
0
0
0
0
0
0
0
0
0
0
0
0
0
0
0
0
0
0
0
0
0
0
0
0
0
0
0
0
0
0
0
0
0
0
0
0
0
0
0
0
0
0
0
0
0
0
0
0
0
0
0
0
0
0
0
0
0
0
0
0
-1.06242e-16
1.77407e-16
0
0
0
0
0
0
0
0
0
0
0
0
0
0
0
0
0
0
0
0
0
0
0
0
0
0
0
0
0
0
0
0
0
0
-1.92612e-15
-1.53792e-15
0
0
0
0
0
0
0
0
0
0
0
0
0
0
0
0
0
0
0
0
0
0
7.96175e-15
-2.31688e-15
3.3194e-15
0
0
0
0
0
0
0
0
0
0
0
0
0
0
0
0
0
0
0
0
0
0
0
0
0
0
0
0
0
0
0
0
0
0
0
0
0
0
0
2.05149e-16
0
0
0
0
0
0
0
0
0
0
0
0
0
0
0
0
0
0
0
0
0
0
0
0
0
0
0
0
0
0
0
0
0
0
0
0
0
0
0
0
0
0
0
1.18227e-15
0
-3.6344e-15
0
0
0
0
0
0
0
0
0
0
0
0
0
0
0
0
0
0
0
0
0
0
0
0
0
0
0
0
0
0
0
0
0
0
0
0
0
0
0
0
0
0
0
0
0
0
0
0
0
0
0
0
0
0
0
0
0
0
0
0
0
0
-6.5158e-17
1.49301e-16
0
0
0
0
0
0
0
0
0
0
0
0
0
0
0
0
0
0
0
0
1.34549e-15
5.13655e-15
0
0
0
0
0
0
0
0
0
0
4.90315e-17
1.94855e-16
0
0
0
0
0
0
0
0
0
0
0
0
0
0
0
0
0
0
0
0
0
0
0
0
0
0
0
0
0
0
0
0
0
0
0
0
0
0
0
0
0
0
0
0
0
0
0
0
0
-3.79614e-14
-2.14978e-14
0
0
0
0
0
0
0
0
0
0
0
0
0
0
0
0
0
0
0
0
0
0
0
0
0
0
0
0
0
0
0
0
0
0
2.79165e-16
0
0
0
0
0
0
1.32741e-15
0
0
0
0
0
0
0
0
0
0
-1.80679e-14
3.59463e-14
0
0
0
0
0
0
0
0
0
0
0
0
0
0
0
1.18755e-18
0
0
0
0
0
0
0
0
0
0
0
0
0
0
0
0
0
0
0
0
0
0
0
0
0
0
0
0
0
0
0
-5.62362e-15
-2.51258e-15
0
0
0
0
0
0
0
0
-1.74139e-14
-2.09386e-14
0
0
0
0
0
0
0
0
0
0
0
0
0
7.91037e-15
-3.24836e-14
0
0
0
-1.44161e-14
0
0
0
0
0
0
0
0
-1.72876e-16
0
0
0
0
0
0
0
0
0
0
0
0
0
0
0
0
0
0
0
0
0
0
0
0
0
0
0
0
0
0
0
0
0
0
0
0
0
0
0
0
0
0
0
0
0
0
0
0
0
0
0
0
0
0
0
0
0
0
-3.48727e-14
0
0
0
0
-8.04001e-15
0
0
1.38104e-15
-7.05314e-16
0
0
0
0
0
0
0
0
0
0
0
0
0
0
0
0
0
0
0
0
0
0
0
0
0
0
0
0
0
0
0
0
0
0
0
0
0
0
0
0
0
0
0
0
0
0
0
0
0
0
0
0
0
0
0
0
0
0
0
0
0
0
0
0
0
0
0
0
0
0
0
0
0
0
-4.32966e-15
0
0
0
0
0
0
0
0
0
0
0
0
0
0
0
0
0
0
0
0
0
0
0
0
0
0
0
0
0
-8.36104e-15
0
0
0
0
0
0
0
0
0
0
0
0
0
0
0
0
0
0
0
0
-3.49701e-15
0
0
0
0
0
0
0
0
0
0
0
0
0
0
2.21557e-14
0
0
0
0
0
0
0
0
0
0
0
0
0
0
0
0
0
0
0
0
0
0
0
0
0
0
0
0
0
0
0
0
0
0
0
-1.0473e-16
0
0
0
0
0
0
0
0
0
0
0
0
0
0
0
0
0
0
0
0
0
0
6.9844e-15
0
0
0
0
0
0
0
0
0
-3.97724e-08
-5.63794e-08
0
0
-9.02716e-16
0
0
0
0
-1.26873e-15
0
-1.75875e-14
0
0
0
0
0
0
0
0
0
0
0
0
-3.07255e-16
0
0
0
0
0
0
0
0
0
0
-1.55593e-16
1.01703e-16
0
0
0
-1.48112e-16
0
0
0
0
0
0
0
0
0
0
0
0
0
0
0
0
0
0
0
0
0
0
0
0
0
0
0
0
0
0
0
0
0
0
0
0
8.58912e-14
0
-2.88313e-14
0
0
0
0
0
-2.86446e-16
0
0
0
0
8.2703e-15
0
0
0
0
0
0
0
0
0
0
0
0
0
0
0
0
0
0
0
0
0
0
0
0
0
0
0
0
0
0
0
0
0
0
0
0
0
0
0
0
0
0
0
0
0
0
0
0
0
0
0
0
0
0
0
0
0
0
0
0
0
0
0
0
0
0
0
0
0
0
0
0
0
0
0
0
0
0
0
0
0
0
0
0
0
0
0
0
0
0
0
0
0
0
0
0
0
0
0
0
0
0
-7.73053e-17
0
-4.25881e-16
0
0
0
0
0
0
0
0
0
0
0
0
0
0
0
0
0
0
0
0
0
0
0
0
0
0
0
0
0
0
0
0
0
0
0
0
0
0
0
0
0
0
0
-1.63601e-14
0
0
-5.33368e-17
-6.40396e-32
0
0
0
0
0
0
1.24869e-15
0
0
0
0
0
0
0
0
0
0
0
0
0
0
0
0
0
0
0
0
0
0
0
0
-2.41701e-15
0
0
0
0
0
0
0
0
0
0
0
0
0
0
0
0
0
0
0
0
0
0
0
0
0
0
0
0
0
0
0
0
0
0
0
0
0
0
0
0
8.15804e-16
-1.46334e-15
0
0
0
0
0
0
0
0
-9.17796e-14
0
0
0
0
0
0
0
0
0
0
0
0
0
0
0
0
0
0
0
0
4.09557e-16
0
0
0
0
0
0
-1.18104e-16
0
0
0
0
0
0
0
0
0
0
0
0
0
0
0
0
0
0
0
0
0
0
0
0
0
5.68596e-18
-1.14003e-16
0
0
0
0
0
0
0
0
0
0
0
0
0
-3.35723e-16
0
3.81703e-14
2.54501e-14
0
0
0
0
0
0
0
0
0
0
0
0
0
0
0
0
0
0
0
0
0
0
0
0
1.40775e-16
7.06776e-17
0
0
0
0
0
0
0
0
0
0
0
0
0
-1.50795e-15
-1.02563e-30
0
0
0
0
0
0
0
0
0
0
0
0
0
0
0
0
0
0
0
0
0
0
0
0
0
0
0
0
0
0
0
0
0
0
0
0
0
0
3.41916e-16
0
0
0
0
0
0
0
0
0
0
0
0
0
0
0
-1.5539e-14
4.82526e-14
0
0
0
0
0
0
0
0
0
0
0
0
0
0
0
0
0
0
0
0
0
0
0
4.24101e-15
-1.0396e-14
0
0
0
0
0
0
0
0
0
0
0
0
5.99409e-14
1.48869e-14
0
0
0
0
0
0
0
0
0
-1.20481e-16
0
2.67114e-16
0
0
0
0
0
0
0
0
0
0
1.80756e-14
8.60267e-15
0
0
0
0
0
0
0
0
-2.98073e-14
0
1.63142e-29
1.44014e-16
0
0
0
4.4606e-14
0
-1.80061e-14
0
0
0
0
0
0
0
0
0
0
0
0
0
0
0
0
0
0
0
0
0
0
0
0
0
0
0
0
0
0
0
6.99101e-15
2.78959e-15
0
0
0
0
0
0
0
0
-5.65413e-15
1.04123e-14
4.67665e-08
0
0
0
0
0
0
0
0
0
0
-2.68584e-16
-1.07546e-15
0
0
0
0
0
1.3647e-14
0
0
0
0
0
0
0
0
0
0
0
0
0
0
0
0
0
0
0
0
0
0
0
0
0
0
0
0
0
0
0
0
0
0
0
0
0
0
0
0
0
0
0
0
0
0
1.22787e-15
-6.51762e-17
0
0
0
0
0
0
0
-1.52168e-16
0
0
0
0
0
0
0
0
0
0
0
0
0
0
0
0
0
0
0
0
0
0
0
0
0
0
0
0
0
0
0
0
0
0
0
0
0
0
0
0
0
0
0
0
0
0
0
0
0
0
0
0
0
0
0
0
0
0
0
0
0
0
0
0
0
0
0
0
0
0
0
0
0
0
0
0
0
0
0
0
0
0
0
0
0
0
0
0
5.21665e-17
-2.84317e-16
0
0
0
0
0
0
0
0
0
0
0
0
0
0
0
0
0
0
0
0
0
0
0
0
0
0
0
0
0
0
0
7.54353e-17
0
0
5.98615e-15
1.60472e-14
-6.54966e-29
0
0
0
0
0
0
-1.94085e-16
0
0
0
0
0
0
0
0
0
0
0
0
0
0
0
0
0
0
0
0
0
0
0
0
0
0
0
0
0
0
0
0
0
0
0
0
0
0
0
0
0
0
0
0
0
0
0
0
0
0
0
0
-1.28399e-15
4.52374e-15
0
0
0
0
0
0
0
0
0
0
0
0
0
0
0
0
0
0
0
0
0
0
0
0
0
0
0
0
0
0
0
0
0
0
0
0
0
0
0
0
0
-1.29897e-15
0
0
0
-5.52245e-08
-4.09273e-08
0
0
-2.93564e-14
1.05648e-14
0
0
0
0
0
0
0
0
0
0
0
0
0
0
0
0
0
0
0
0
0
0
0
0
0
0
0
2.97077e-16
0
0
0
0
0
0
0
0
0
0
0
0
0
0
0
0
0
0
0
0
0
0
0
0
0
0
0
0
0
0
0
0
0
0
0
0
0
0
0
0
0
0
0
0
0
0
0
0
0
0
0
0
0
0
0
0
0
1.22344e-14
0
0
1.50564e-15
0
0
0
0
0
0
0
0
0
0
0
0
0
0
0
0
0
0
-3.67747e-15
0
0
0
0
0
0
0
0
0
0
0
0
0
0
0
0
0
0
0
0
0
0
0
0
0
0
0
0
0
8.35429e-17
0
0
0
0
0
0
0
0
0
0
0
0
0
0
0
0
0
0
0
0
0
0
0
0
0
-8.47088e-16
0
0
0
0
0
0
0
0
0
0
0
0
0
0
0
0
0
0
0
0
0
0
2.76874e-15
-9.59657e-32
0
0
0
0
0
0
0
0
0
0
0
0
0
0
0
0
0
0
0
0
0
0
0
0
0
5.96605e-17
0
0
0
0
0
0
0
0
6.11268e-15
0
0
0
0
0
0
0
0
0
0
0
0
0
0
0
0
0
0
0
0
0
0
0
0
0
0
-1.05843e-16
0
-1.05165e-16
0
0
0
0
0
0
0
0
0
1.10925e-16
1.99758e-16
0
0
1.73942e-16
5.09818e-31
-2.06024e-16
-4.39446e-16
0
0
0
0
0
0
0
0
1.41013e-15
7.51409e-16
0
0
0
0
0
0
0
0
0
0
0
0
0
0
0
0
0
0
0
0
0
0
0
0
0
0
0
-4.40511e-16
0
0
0
0
0
0
0
0
0
0
0
0
0
0
0
0
0
0
0
0
0
0
0
0
0
0
0
0
0
0
0
0
0
-1.88e-14
0
-3.96135e-15
0
1.00089e-15
0
0
0
0
0
0
0
0
0
0
0
0
0
0
0
0
0
0
0
0
0
0
0
0
0
0
0
0
0
0
0
0
0
0
0
0
0
0
0
0
0
0
0
0
0
0
0
0
0
0
0
0
0
0
0
0
0
0
0
0
0
0
0
2.80065e-15
0
0
-4.50848e-18
-1.72149e-16
0
0
0
0
0
0
0
0
0
0
0
0
0
0
0
0
0
0
1.81538e-16
-1.0338e-17
0
0
0
0
0
0
0
0
0
0
0
0
0
0
0
0
0
0
-1.5444e-14
0
0
0
0
0
0
0
0
0
0
0
0
0
0
0
0
0
0
0
0
0
0
0
0
0
0
0
0
0
0
0
0
0
0
0
0
0
0
0
3.31676e-14
-2.76762e-15
0
0
0
0
0
0
0
0
0
0
0
0
0
0
0
0
0
0
0
0
0
-1.62236e-16
-1.13323e-16
0
0
0
0
0
0
-7.25919e-17
7.67726e-31
0
0
0
0
0
0
0
0
0
0
0
0
0
0
0
0
0
0
0
0
0
0
0
0
0
0
0
0
0
0
0
0
0
0
0
0
0
0
0
0
0
0
0
0
0
0
0
0
0
0
0
0
0
0
0
0
0
0
0
0
0
0
0
0
0
-1.24483e-16
0
0
0
0
6.60803e-17
3.73222e-16
0
0
0
0
0
0
2.06326e-16
0
0
0
0
0
0
0
0
0
0
0
0
0
-1.22537e-15
2.96488e-15
-4.28243e-16
-3.98762e-17
4.96341e-16
0
0
0
0
0
0
0
0
0
0
0
0
0
0
0
0
0
0
0
0
0
0
0
0
0
0
0
0
0
0
0
0
0
0
0
0
0
0
0
0
0
0
0
0
0
0
2.00436e-15
0
0
0
0
0
0
0
0
0
0
0
0
0
0
0
0
1.15159e-30
0
0
1.21751e-16
-2.64462e-15
0
0
0
0
0
0
0
0
0
0
0
0
0
0
0
0
0
0
0
-3.65389e-16
0
0
0
-1.12273e-16
0
0
0
0
0
0
0
0
0
0
0
0
0
0
0
0
0
0
0
0
0
0
0
0
0
-4.12109e-16
0
4.93929e-16
0
0
0
0
0
0
0
0
0
0
0
0
0
0
0
0
0
0
0
0
-7.88721e-16
0
0
0
0
0
0
0
0
0
0
0
0
0
0
0
0
0
0
0
0
0
0
1.74051e-15
-1.37878e-15
0
0
0
0
0
0
0
0
0
0
0
0
0
0
0
0
0
0
0
0
0
0
0
0
0
0
0
0
0
0
0
0
0
0
0
0
0
0
0
0
0
0
0
0
0
0
0
0
0
0
0
0
0
0
0
0
1.34591e-13
-5.45711e-14
-5.27341e-14
4.30124e-15
0
0
0
0
0
0
0
0
0
1.81659e-14
0
0
0
0
0
0
0
0
0
0
0
0
0
0
0
0
0
0
0
0
0
0
0
0
0
0
0
0
0
0
0
0
-1.77372e-16
0
0
0
0
0
0
0
0
0
0
0
0
0
0
0
0
0
0
0
0
0
0
0
0
0
0
0
0
0
0
0
0
0
0
0
0
0
0
0
0
0
0
0
0
0
0
0
0
0
0
0
0
0
0
0
0
0
0
0
0
0
0
0
0
0
0
0
8.75026e-14
0
0
0
-1.0889e-16
0
0
0
0
0
0
0
0
0
0
0
0
0
3.90768e-16
0
0
0
0
0
0
0
0
0
0
0
0
0
0
0
0
0
0
0
0
0
0
0
0
0
0
0
0
0
0
0
0
0
0
0
0
0
-1.36033e-16
-2.3184e-16
-1.33036e-16
0
0
0
0
0
0
0
0
0
0
0
0
0
0
0
0
0
0
0
0
0
0
0
0
0
0
0
0
0
0
0
0
0
0
0
0
0
0
0
0
0
0
0
0
0
0
0
0
0
0
0
0
0
0
2.92009e-16
0
0
0
0
0
0
0
0
0
0
0
0
0
0
0
0
0
0
0
0
0
0
0
0
0
0
0
0
0
0
0
0
0
0
0
0
0
0
0
0
0
-2.44323e-15
1.02106e-14
0
0
0
0
0
0
0
0
0
0
0
0
0
0
0
0
0
0
0
0
0
0
0
0
0
0
0
0
0
0
0
0
0
0
0
0
-1.78029e-16
0
-9.85272e-17
0
0
0
0
0
0
0
0
0
0
0
0
0
0
0
0
0
0
0
0
0
1.66703e-14
0
0
0
0
0
0
0
0
0
0
0
0
0
0
0
0
0
-2.71475e-15
0
0
0
0
0
0
0
0
0
0
0
0
0
0
0
0
0
0
0
0
0
0
0
0
0
1.28306e-16
1.45338e-16
0
0
0
0
0
0
0
0
0
0
0
0
0
0
0
0
0
0
0
1.77586e-17
-5.26795e-17
0
0
0
0
0
0
0
0
4.19068e-14
-1.81377e-14
0
0
0
0
0
0
0
0
0
0
0
0
0
0
0
0
0
0
0
0
0
0
0
0
0
0
0
0
0
0
0
0
0
0
0
0
0
0
0
0
0
0
0
0
0
0
0
0
0
-4.2823e-15
2.08585e-15
0
0
0
0
0
0
0
0
0
0
0
0
0
0
0
-1.10683e-15
0
0
0
0
0
0
0
1.96397e-15
0
0
0
0
0
0
0
0
0
0
0
0
0
0
0
0
0
0
0
0
0
0
0
0
0
0
0
0
0
0
0
0
0
0
0
0
0
0
0
0
0
0
0
0
0
0
0
0
0
0
0
0
0
0
0
0
0
0
0
0
0
0
0
0
-3.28628e-16
0
0
0
0
0
0
0
0
0
0
0
0
0
0
0
0
0
0
0
0
0
0
0
0
0
0
0
0
0
0
0
0
0
0
0
0
0
0
0
0
0
0
0
0
-1.29534e-16
-1.31523e-16
0
0
0
0
0
0
0
0
0
0
0
0
0
0
0
0
0
0
0
0
0
0
0
0
0
0
0
0
0
0
0
0
0
0
0
0
0
0
0
0
0
0
0
0
-3.25004e-29
0
1.73093e-14
0
0
0
0
0
0
0
0
0
0
0
0
0
0
0
0
0
0
0
0
0
0
0
0
0
0
0
0
0
0
0
0
0
0
0
0
0
0
0
0
-2.55419e-14
0
0
0
0
0
0
0
0
0
0
0
0
0
0
0
0
0
0
0
0
0
0
0
0
0
0
0
0
0
0
0
0
0
0
0
0
0
0
0
0
0
0
0
0
0
0
0
0
0
0
0
-3.77241e-14
0
0
0
0
0
0
0
0
0
0
0
0
0
0
0
0
7.4605e-16
0
0
-1.28252e-14
0
0
0
0
0
0
0
0
0
0
0
0
0
0
0
0
0
0
0
0
0
0
0
0
0
0
0
0
0
0
0
0
0
0
0
0
0
-7.61763e-17
0
0
0
0
0
0
0
0
0
0
0
0
0
0
0
0
0
0
0
0
-3.3568e-16
0
0
0
0
0
0
0
0
0
0
0
0
0
0
0
0
0
0
0
0
0
0
0
0
0
0
0
4.73538e-16
0
0
0
0
0
0
0
0
0
0
0
0
0
0
0
0
0
0
0
0
0
0
0
0
0
0
0
0
0
0
0
0
0
0
0
0
0
0
0
0
0
0
0
0
0
0
3.4783e-14
0
0
0
0
0
0
0
0
0
0
0
0
0
0
0
0
0
0
0
0
0
0
0
0
0
0
0
0
0
0
0
0
0
0
0
-1.13293e-14
0
0
0
-1.10317e-15
0
0
0
0
0
0
0
0
-5.49223e-15
-4.92768e-15
4.4328e-15
0
-6.4903e-15
0
0
0
0
0
0
0
0
0
0
0
0
0
0
0
0
0
0
0
0
0
0
0
0
0
0
0
0
0
0
0
0
0
0
0
0
0
0
0
0
0
0
0
0
0
0
0
0
0
0
0
0
0
0
0
0
0
0
0
0
0
0
0
0
0
0
0
0
0
0
0
0
0
0
0
0
0
0
0
0
0
0
0
0
0
0
0
0
0
0
0
0
0
0
0
0
0
0
0
0
0
0
0
0
0
0
0
0
0
0
0
0
0
0
0
0
0
0
0
0
0
0
0
0
0
0
0
0
0
0
0
0
-1.3267e-16
0
0
0
0
0
0
0
0
0
0
0
0
0
0
0
0
0
0
0
0
0
0
0
0
0
0
0
0
0
0
0
0
0
0
0
0
0
0
0
0
0
0
0
0
0
0
0
0
0
0
0
0
0
0
0
0
0
0
0
0
0
0
0
0
0
0
-4.07517e-16
3.89619e-17
0
0
0
0
0
0
0
0
0
0
0
0
1.00481e-15
0
0
0
0
0
0
0
0
0
0
0
0
0
0
0
0
0
0
0
0
0
0
5.47994e-17
0
0
0
0
0
0
0
0
0
0
0
0
0
0
0
0
-1.4834e-16
0
0
0
0
0
0
0
0
0
0
0
0
0
0
0
0
0
0
0
0
0
2.53791e-15
0
0
0
0
0
0
0
0
0
0
0
0
0
0
0
0
0
0
0
0
0
0
0
0
0
0
0
0
0
0
0
0
4.18056e-15
-8.04853e-16
0
0
0
0
0
0
0
0
0
0
0
0
0
0
0
0
0
0
0
0
0
0
0
0
0
0
0
-1.85254e-17
0
1.28954e-31
0
0
0
0
0
0
0
0
-6.01897e-16
0
0
0
0
0
0
0
0
0
0
0
0
0
0
0
0
0
0
0
0
0
0
0
0
0
0
0
0
0
0
0
0
0
0
0
-3.27471e-14
-2.51985e-14
0
0
0
0
0
0
0
0
0
0
0
0
0
0
0
0
0
0
0
0
0
0
0
0
0
0
0
0
0
0
0
0
0
0
0
0
0
0
0
0
-4.4006e-15
-1.9094e-14
0
0
-8.61981e-15
0
0
0
0
0
3.02184e-15
0
0
0
0
0
0
0
0
0
0
0
-3.81986e-14
0
-4.23055e-14
0
0
0
0
0
0
0
0
0
0
0
0
0
0
0
0
0
0
0
0
0
0
0
0
0
0
0
0
0
0
0
0
0
0
0
0
0
0
0
0
0
0
0
0
4.91958e-08
0
0
0
0
0
0
-2.56076e-15
0
0
0
0
0
0
0
0
0
0
0
0
0
0
0
-2.72507e-16
0
0
0
0
-9.67605e-16
0
0
0
0
0
0
0
0
0
0
0
0
0
0
0
0
0
0
0
0
0
0
0
0
0
0
0
0
0
0
0
0
0
0
0
0
0
0
0
0
0
0
0
0
0
0
0
0
0
0
0
0
0
0
0
0
0
0
0
0
0
0
0
0
-3.79063e-14
0
0
0
0
-1.28906e-13
1.57189e-14
0
0
0
0
0
0
0
0
0
0
0
0
0
0
0
0
0
0
0
0
0
0
0
0
0
0
0
0
0
0
0
0
0
0
0
0
0
0
0
0
9.57162e-15
0
0
0
0
0
0
0
0
0
0
0
0
0
0
0
0
0
0
0
0
0
0
-2.38762e-14
0
1.45014e-14
0
0
0
0
0
0
0
0
0
0
0
0
0
0
0
0
0
0
0
0
0
0
0
0
0
0
0
0
0
0
0
0
0
0
0
-1.0797e-16
-3.63314e-16
0
0
0
0
0
0
0
0
0
0
0
0
0
0
0
0
0
0
0
0
0
0
0
0
0
0
0
0
0
0
0
0
0
0
0
0
0
0
0
0
0
0
0
0
0
0
7.32225e-16
0
0
0
0
0
0
0
0
0
0
0
0
0
0
0
0
0
0
0
0
0
0
0
0
0
-1.03439e-15
0
4.50837e-14
0
0
0
0
0
0
0
1.26769e-14
2.44594e-16
0
0
0
0
0
0
0
0
0
0
0
0
0
0
0
0
0
0
0
0
0
0
-3.96082e-14
0
0
0
0
0
0
0
0
0
0
0
0
0
0
0
0
0
0
0
0
0
0
0
0
0
0
0
0
0
0
0
0
0
0
0
0
8.7658e-15
0
0
0
0
0
0
0
0
-2.23195e-16
0
0
0
0
0
8.66345e-15
-6.18272e-15
0
0
0
0
0
0
0
0
0
0
0
0
0
0
1.39885e-14
-3.49047e-14
0
0
0
0
0
0
0
0
0
0
6.96904e-14
-5.73055e-14
0
0
0
0
0
0
0
0
-2.34443e-15
0
0
0
0
0
0
0
0
0
0
0
0
0
0
0
0
0
0
0
-4.48504e-15
0
0
0
0
0
0
0
0
0
0
2.92035e-15
0
0
0
0
0
0
0
0
-2.93471e-15
-8.61789e-17
0
0
0
0
0
0
0
0
0
-1.63198e-14
0
0
0
0
0
1.6135e-17
0
-2.08081e-16
0
0
-1.53451e-16
0
0
0
0
0
0
0
0
0
0
0
0
0
0
0
0
0
0
0
0
0
0
0
0
0
2.80198e-15
-1.50441e-15
0
0
0
0
0
0
0
0
0
0
0
0
0
0
0
0
0
0
0
1.77127e-14
7.05197e-15
-4.32195e-14
0
0
0
0
0
0
0
0
0
0
0
0
0
0
0
0
0
0
0
0
1.9514e-15
-3.51976e-14
0
0
0
0
0
0
0
0
0
0
0
0
0
0
0
0
0
0
1.689e-29
1.71459e-29
0
0
0
0
0
0
0
0
0
0
0
0
0
0
0
0
0
0
0
0
0
4.71668e-15
0
0
0
0
0
0
0
0
0
0
-2.65444e-14
4.41191e-14
0
0
0
0
0
0
0
0
0
0
0
0
0
0
0
0
0
0
0
0
0
0
0
0
0
0
0
0
0
0
0
0
0
0
0
0
0
0
0
0
0
0
0
0
0
0
0
0
0
0
0
0
0
0
0
0
0
0
0
0
0
0
3.93033e-14
0
0
0
0
0
0
0
0
0
0
0
0
0
0
0
0
0
0
0
-9.46009e-17
0
0
0
0
0
1.75284e-16
0
0
0
0
0
0
0
0
0
0
0
0
0
0
0
0
0
0
0
0
0
0
0
0
0
0
0
0
0
0
0
0
0
0
0
0
0
0
0
0
0
0
0
0
0
0
0
0
0
0
0
0
0
0
0
0
0
0
0
0
0
0
0
0
0
0
0
0
0
0
0
0
0
0
0
0
0
0
0
0
0
0
0
0
0
0
0
0
0
0
0
0
0
2.60555e-14
0
-4.36344e-14
0
0
0
0
0
0
0
0
0
0
0
0
0
0
0
0
0
0
0
0
0
0
0
0
0
0
0
0
0
0
0
0
0
0
0
0
0
0
0
0
0
0
0
0
0
0
0
0
0
0
0
0
0
0
0
0
0
0
0
0
0
0
0
0
0
0
0
0
0
0
0
0
0
0
0
-3.0729e-16
-2.0169e-15
0
0
0
0
0
0
0
0
0
0
0
0
0
0
0
0
0
0
0
0
0
0
2.1913e-14
-1.06696e-14
0
0
0
0
0
6.85691e-14
0
0
0
0
0
0
0
0
0
0
0
0
0
0
0
0
0
0
0
0
0
0
0
-1.84166e-14
0
0
0
0
0
0
0
0
0
0
0
0
0
0
0
0
0
0
0
0
-1.08647e-15
0
0
0
0
0
0
0
0
0
0
0
0
0
0
0
0
0
0
0
0
0
0
0
0
1.76408e-14
0
0
0
0
0
0
0
0
-3.43115e-14
0
0
0
0
0
0
0
-6.4565e-15
8.09754e-15
0
0
0
0
1.48812e-15
0
0
0
0
0
0
0
0
0
0
0
0
0
0
-1.19048e-15
-6.4489e-29
6.71289e-14
0
0
0
0
0
0
0
0
0
0
0
0
0
0
0
0
0
-2.3993e-14
0
0
0
0
0
0
0
-4.11253e-16
0
0
0
0
0
-2.14347e-14
0
0
0
0
0
0
0
0
0
0
0
0
0
0
0
0
0
0
0
0
0
0
0
0
0
0
0
0
0
0
0
0
0
0
0
-2.7278e-15
0
0
-7.65503e-14
0
4.80993e-14
0
0
0
0
0
0
0
0
-1.79342e-15
0
-4.54296e-15
0
0
0
-2.66197e-14
-5.81457e-14
1.46506e-13
0
0
0
0
0
0
0
0
0
0
0
0
-8.83425e-17
0
0
0
0
0
0
0
0
0
0
0
0
0
0
0
4.24018e-15
0
0
0
0
0
0
4.46927e-16
0
0
0
0
0
0
0
0
0
0
0
0
0
0
0
0
0
0
0
0
0
0
0
0
0
0
0
0
0
0
0
0
0
0
0
0
0
0
0
0
0
0
0
0
0
0
0
0
0
0
0
0
0
-8.59367e-16
0
0
0
0
0
0
0
0
0
0
0
0
0
0
0
0
0
0
0
0
0
0
0
0
0
0
0
0
0
0
0
0
0
0
0
0
3.84387e-14
0
6.46027e-14
0
0
0
0
0
0
0
0
0
0
0
0
0
0
0
0
0
0
0
0
0
0
0
0
0
0
0
0
0
0
0
0
0
0
0
0
0
0
0
0
0
0
0
0
0
0
0
0
0
0
0
0
0
0
0
0
0
0
0
0
0
0
0
0
0
0
0
0
0
0
0
0
0
0
0
0
0
0
0
0
0
0
0
0
0
0
0
0
0
0
0
2.18801e-14
0
0
0
0
0
0
0
0
0
0
0
-9.35217e-15
0
0
0
0
0
0
0
0
0
0
0
0
0
0
0
0
0
0
0
0
0
0
0
0
0
0
0
0
0
0
0
0
0
0
0
0
0
0
0
0
0
0
0
0
0
0
0
0
0
0
0
9.38131e-14
0
0
0
-1.27278e-14
0
0
0
0
0
0
0
0
0
0
0
0
0
0
0
0
0
0
0
1.62958e-15
0
0
0
0
0
0
0
0
0
-1.84214e-16
0
0
0
0
0
0
0
0
0
0
0
0
0
0
0
0
0
0
0
0
0
0
0
0
0
0
0
0
0
0
0
0
0
0
0
0
0
0
0
0
0
0
0
0
0
3.47218e-16
1.99402e-16
0
0
0
1.84093e-14
0
0
0
0
0
-5.60704e-15
0
0
0
0
0
0
0
0
0
0
0
0
0
0
0
0
0
0
0
0
0
0
0
0
0
0
0
0
0
0
0
2.97324e-15
0
0
0
0
0
0
0
0
0
0
0
0
1.28668e-17
0
0
0
0
0
0
0
0
0
0
0
0
0
0
0
0
0
0
0
0
-8.20507e-30
0
0
0
-1.07683e-16
0
0
0
0
0
0
0
0
0
0
0
0
0
0
7.95125e-17
-2.35822e-17
0
0
0
0
0
0
0
0
0
0
0
0
0
0
0
0
0
0
1.17404e-16
0
0
0
0
0
0
0
0
0
1.29686e-18
-8.04499e-17
0
0
0
0
0
0
0
0
0
0
0
0
0
0
0
0
6.88646e-16
0
0
0
0
0
0
0
0
0
0
0
0
0
0
0
0
0
0
0
0
0
0
0
0
0
0
0
0
0
0
0
0
0
0
0
0
0
0
0
0
0
0
0
0
0
0
0
0
0
0
0
0
0
0
0
0
0
0
0
0
0
0
0
0
1.76356e-16
3.18166e-16
0
0
0
0
0
0
0
0
0
0
0
0
0
0
0
0
0
0
0
0
0
0
0
0
0
0
0
0
0
0
0
0
0
0
0
0
0
0
0
0
1.83665e-14
6.55146e-29
0
0
0
0
0
0
0
0
0
0
0
0
0
0
0
0
0
6.34195e-15
0
-9.55418e-15
0
0
0
0
0
0
0
0
0
0
0
0
0
0
0
0
0
0
0
0
0
0
0
0
0
0
0
0
0
0
0
0
0
0
0
0
0
0
0
0
0
0
0
0
0
0
0
0
0
-3.7266e-16
1.60357e-15
0
0
0
-5.09818e-31
1.26794e-16
0
0
0
0
0
0
0
0
0
0
0
0
0
0
0
0
0
0
0
0
0
0
0
0
0
0
0
0
0
0
-7.94252e-17
0
0
0
0
0
0
0
0
0
0
0
0
0
1.38597e-16
0
0
0
0
0
0
0
0
0
0
0
0
0
0
0
0
0
0
0
0
0
0
0
0
0
0
0
0
0
0
0
0
0
0
0
0
0
0
0
0
0
0
0
0
0
0
0
0
0
0
-3.20267e-16
-7.39898e-17
-3.29482e-17
0
0
0
0
0
0
0
0
0
0
0
0
0
0
0
0
0
0
0
0
0
0
0
0
0
0
0
0
0
0
0
0
0
0
0
0
0
0
0
0
0
0
0
0
0
0
0
0
0
6.82908e-14
0
0
0
0
0
0
0
0
0
0
0
0
0
0
0
0
0
0
0
0
0
0
0
0
0
0
0
0
0
-1.28765e-14
-5.60158e-14
0
0
0
0
0
0
0
0
0
0
0
-3.09141e-14
0
0
0
0
0
0
0
0
0
0
0
0
0
0
0
0
0
0
0
0
0
2.02501e-16
0
0
0
0
0
0
0
0
0
0
0
0
0
0
0
0
0
0
0
0
0
0
0
0
0
0
-2.13059e-16
0
0
0
0
0
0
0
0
0
0
0
0
0
0
0
0
0
0
0
0
0
0
0
0
0
0
0
0
0
0
0
0
5.64807e-16
0
-3.44906e-16
0
7.81681e-16
0
0
0
0
0
0
0
0
0
0
0
0
0
0
0
0
0
0
0
0
0
0
0
0
0
0
0
0
0
3.79484e-16
-1.37209e-16
0
0
0
0
0
0
0
0
0
0
0
0
0
0
0
0
0
0
0
0
0
0
0
0
0
0
0
0
0
0
0
0
0
0
0
0
0
0
0
0
0
0
0
0
0
0
0
0
0
0
0
0
0
0
0
0
0
-2.16563e-15
0
0
0
0
0
0
0
0
0
0
0
0
0
0
0
0
0
0
-9.82522e-16
0
0
0
0
-1.07068e-15
-4.45123e-16
0
0
0
0
0
0
0
0
0
0
0
0
0
0
0
0
0
0
0
0
0
0
0
0
0
0
0
0
0
0
0
0
0
0
0
0
0
0
0
0
0
0
0
0
0
0
0
0
0
0
0
0
0
0
0
0
0
0
0
0
0
0
0
0
0
0
0
0
0
0
0
0
0
0
0
0
0
0
9.83546e-16
0
0
0
0
0
0
0
0
0
0
-1.06098e-14
0
0
0
0
0
0
0
0
0
0
0
0
-1.28258e-13
6.52277e-14
0
0
0
0
0
0
0
0
0
0
0
0
0
0
0
0
0
0
0
0
0
0
0
0
0
0
0
0
0
0
0
0
0
0
0
0
0
0
0
0
0
0
0
-7.24276e-15
0
0
0
0
0
0
0
0
0
0
0
-4.07079e-14
0
0
0
0
0
0
0
0
0
0
0
0
0
0
0
0
0
0
0
0
0
0
0
0
0
0
0
0
0
0
0
0
0
0
-1.18728e-16
0
0
0
0
0
0
0
0
0
0
0
0
0
0
0
0
0
0
0
0
9.10323e-14
-9.9107e-14
0
0
0
0
0
0
0
0
0
0
0
0
0
0
0
0
0
0
0
0
0
0
0
0
0
0
0
0
0
0
3.7908e-14
-1.77607e-17
0
0
0
0
0
0
-1.68007e-15
2.64863e-15
0
0
0
0
0
0
0
0
0
0
0
0
0
0
0
0
0
0
0
0
0
0
0
0
2.10419e-14
1.00346e-15
0
0
0
0
0
0
0
0
0
0
0
0
0
0
0
0
0
0
0
0
0
0
0
0
0
0
0
0
0
0
0
0
0
0
0
0
0
0
0
-1.81508e-16
6.91592e-16
0
0
0
0
0
0
0
0
0
0
0
0
0
0
0
0
0
0
0
0
0
0
0
0
0
0
0
0
0
0
0
0
0
0
0
0
0
0
0
0
0
0
0
0
0
0
0
0
0
0
0
0
0
0
0
0
0
0
0
0
0
0
0
0
0
0
0
0
0
0
0
0
0
-5.57321e-14
5.03984e-17
-5.92708e-17
0
0
0
0
0
0
0
0
0
0
0
0
0
0
0
0
0
0
0
-9.75156e-16
0
0
0
0
0
0
0
0
0
0
0
0
0
0
0
0
0
0
0
0
0
0
0
0
0
0
0
0
0
7.38374e-14
-1.84038e-14
0
0
0
0
0
0
0
0
1.4933e-15
0
0
0
0
0
0
0
0
0
0
0
0
0
0
0
0
0
0
0
0
0
0
0
0
1.90081e-15
0
0
0
0
0
0
0
0
0
0
0
0
0
0
0
0
0
0
0
0
0
0
0
0
0
0
0
0
0
0
0
0
0
0
0
0
0
0
0
0
-1.03049e-15
0
0
0
0
0
0
0
0
0
0
0
0
0
0
0
0
0
0
0
0
0
0
0
0
0
0
0
0
0
0
0
0
0
0
0
0
0
0
0
0
0
0
0
0
0
0
0
0
0
0
0
0
2.78128e-15
0
0
0
0
0
0
0
0
0
0
0
0
0
0
0
0
0
0
0
0
0
0
0
0
0
0
0
0
0
0
0
-3.51603e-15
-1.42734e-15
0
0
0
0
0
0
0
0
0
0
0
0
0
0
0
0
0
0
0
6.34076e-17
-1.96758e-16
0
0
0
0
0
0
0
0
0
0
0
0
0
0
0
0
0
0
0
0
0
0
0
0
0
0
0
0
0
0
0
0
0
0
0
0
0
0
0
0
0
0
0
0
0
0
0
0
0
0
0
0
0
0
0
0
0
0
0
0
0
0
0
0
0
0
0
-4.67403e-17
0
0
0
0
0
0
0
0
0
0
0
0
0
0
0
0
0
0
0
0
0
0
0
0
0
0
0
0
0
0
0
0
0
0
0
0
0
0
0
0
0
0
0
0
0
0
0
0
0
0
0
0
0
0
0
0
0
0
0
0
0
0
0
0
0
0
0
0
0
0
0
0
0
0
0
0
0
0
0
0
0
-4.03787e-15
-1.10971e-14
0
0
0
0
0
0
0
0
0
0
0
0
0
0
0
0
0
0
0
0
0
0
0
0
0
0
0
0
0
0
0
0
0
0
0
0
0
0
0
0
0
0
0
0
0
0
0
0
0
0
0
0
0
0
0
0
0
0
0
0
0
0
0
0
0
0
0
0
2.53516e-15
0
0
0
0
0
0
0
0
0
0
0
0
0
0
0
0
0
0
0
0
0
0
0
0
0
0
0
2.55203e-15
0
0
0
0
0
0
0
-1.17955e-15
0
-9.43379e-17
0
0
0
0
0
0
0
0
0
0
0
0
0
0
0
0
0
0
0
0
0
0
0
0
0
0
0
0
0
0
0
0
0
0
0
0
0
0
0
-6.36015e-14
0
0
0
0
0
0
-2.20662e-15
0
0
0
0
0
0
0
0
0
0
0
0
0
0
0
0
0
0
0
0
0
0
0
0
0
0
0
0
0
0
0
0
0
0
0
0
0
0
0
0
0
0
0
0
0
0
0
0
0
0
0
0
0
0
0
0
0
0
0
0
0
0
0
0
0
0
0
0
0
-4.83374e-15
-4.14616e-16
0
0
0
0
0
0
0
0
0
0
0
0
0
0
0
0
0
-3.1224e-16
0
0
0
0
0
0
0
0
0
0
0
-5.01926e-15
0
0
-2.85403e-14
-1.01552e-15
0
0
0
0
0
1.97624e-15
0
0
0
0
0
0
0
0
0
1.50665e-14
-8.21878e-15
3.0761e-14
4.68662e-15
-4.00069e-14
0
0
0
0
0
0
0
0
0
0
0
0
0
0
0
0
0
0
0
0
0
0
0
0
0
0
0
0
0
0
0
0
0
0
0
0
0
0
0
0
0
0
0
0
0
0
0
0
0
0
0
0
0
0
0
0
0
0
0
0
0
0
0
0
0
0
0
0
0
0
0
0
0
0
0
0
0
0
0
0
0
-1.39622e-15
0
0
0
0
0
0
0
0
0
1.15432e-14
1.31763e-14
5.54941e-15
-1.44229e-15
0
0
0
0
0
0
5.37042e-14
0
0
0
0
0
0
0
0
0
0
0
0
0
0
0
0
0
0
0
0
0
0
0
0
0
0
0
0
0
0
0
0
0
0
0
-1.1741e-16
-5.1075e-17
0
0
0
0
0
0
0
0
0
0
9.93597e-16
-1.52169e-15
0
0
0
0
0
0
0
0
0
0
0
0
0
0
0
0
0
0
0
0
0
-2.25199e-16
0
0
0
0
0
0
0
0
0
0
0
0
0
0
0
0
0
0
0
0
0
0
0
0
0
0
-6.95977e-14
0
0
0
0
0
0
0
0
0
0
0
0
0
0
0
0
0
0
0
0
0
0
0
0
0
0
0
0
0
0
0
0
0
0
0
0
0
0
0
0
0
0
0
0
0
0
0
0
0
0
0
0
0
0
0
0
0
0
0
0
0
0
0
0
0
0
0
0
0
0
0
0
0
0
0
0
0
0
0
-2.79496e-15
0
0
0
0
0
0
0
0
0
0
0
0
0
0
-2.44967e-15
0
0
0
0
0
0
0
0
0
0
0
0
0
0
0
0
-1.75305e-14
6.64318e-14
0
0
0
0
0
0
0
0
0
0
0
0
0
0
0
0
0
0
0
0
0
0
0
0
0
0
0
0
0
0
0
0
0
0
0
-3.82165e-15
0
0
0
0
0
0
0
0
0
0
0
0
0
0
0
0
0
0
0
0
-6.18171e-14
0
0
0
0
0
0
0
0
0
-1.56406e-14
0
0
0
0
0
0
0
0
0
0
0
0
0
0
0
0
0
0
0
0
0
0
0
0
0
0
0
0
0
0
0
0
0
0
0
0
0
0
0
0
0
0
1.74934e-16
0
-1.89791e-16
2.11363e-17
0
0
0
0
0
0
0
0
0
0
0
0
0
0
0
0
0
0
0
0
0
0
0
0
0
0
0
0
0
0
0
0
0
0
0
0
0
0
0
0
0
0
0
0
0
0
0
0
0
0
0
0
0
0
0
0
0
1.06433e-14
0
0
0
0
0
0
0
0
0
0
0
-6.35383e-14
9.80922e-14
0
0
0
0
0
0
0
0
6.84746e-15
0
0
0
0
0
0
0
0
0
0
0
0
0
0
0
0
0
0
0
0
0
-5.08217e-16
0
0
0
0
0
0
0
0
0
0
0
0
0
0
0
0
0
0
0
0
0
0
0
0
0
0
-1.86634e-14
0
0
0
0
0
0
0
0
0
0
0
0
0
0
0
0
0
0
0
0
0
0
0
0
0
0
0
0
0
0
0
0
3.59726e-14
0
0
0
0
0
0
0
0
0
0
0
0
0
0
0
0
0
0
0
0
0
0
0
0
0
0
0
0
0
0
0
0
0
0
0
0
0
0
0
0
0
0
0
0
0
0
0
0
-1.0582e-15
-3.60437e-16
0
0
0
0
0
0
0
0
0
0
0
0
0
4.29548e-17
8.6361e-17
0
0
0
0
0
0
0
0
0
0
3.02112e-16
0
0
0
0
0
0
0
0
0
0
0
0
0
0
0
0
0
0
0
0
0
0
0
0
0
0
0
0
0
0
0
0
0
0
0
0
0
0
0
0
0
0
0
0
0
0
0
0
0
0
0
0
0
0
0
0
0
0
0
0
0
0
0
0
0
0
0
0
0
0
0
0
0
0
0
0
0
0
0
0
0
0
0
0
0
0
0
0
0
0
0
0
0
0
0
0
0
0
0
0
0
0
0
0
0
0
0
0
0
0
0
0
0
0
0
0
0
0
0
0
0
0
0
-8.61114e-17
0
0
0
2.7941e-14
0
0
0
0
0
0
5.70349e-14
2.28058e-14
1.08693e-14
-8.05548e-14
0
0
0
0
0
0
0
0
0
0
0
0
0
0
0
0
0
0
0
2.39316e-16
0
0
0
0
0
0
0
0
0
0
0
0
0
0
0
0
0
0
0
0
0
0
0
0
0
0
0
0
2.74505e-16
0
0
0
0
0
0
0
0
0
0
0
0
0
0
0
0
0
0
0
0
0
0
0
0
0
0
0
0
0
0
0
0
0
0
-5.24062e-15
0
0
0
6.21923e-17
0
0
-2.04292e-14
0
0
0
0
0
0
0
0
0
0
0
0
0
0
0
0
0
0
0
0
0
0
0
0
0
0
0
0
0
0
0
0
0
0
0
0
0
0
0
0
0
0
0
0
0
0
0
0
0
0
0
0
0
0
0
0
0
0
0
0
0
0
0
0
0
0
0
0
0
0
0
0
0
0
0
0
0
0
0
0
2.99801e-16
0
0
0
0
0
0
0
0
2.95911e-16
0
0
0
0
0
0
0
0
0
0
0
0
0
0
0
0
0
0
0
0
0
0
0
0
0
0
0
0
0
0
0
0
0
4.12153e-16
0
0
0
0
0
0
0
0
0
0
0
0
0
0
0
0
0
0
0
4.26609e-16
0
0
0
0
0
0
0
0
0
0
0
0
0
0
0
0
0
0
0
0
0
0
0
0
0
0
0
0
0
0
0
0
8.37418e-15
0
-3.81013e-15
0
0
0
0
0
0
0
0
0
0
0
0
0
0
0
5.57744e-15
0
0
0
0
0
0
0
0
0
0
0
0
0
0
0
2.5094e-18
-2.1365e-16
0
0
4.47973e-14
-1.4912e-18
0
0
0
0
0
0
0
0
0
0
0
0
0
0
0
0
0
0
0
0
0
0
0
0
0
0
0
0
0
0
0
0
0
0
0
0
0
0
0
0
0
0
0
0
0
0
0
0
0
0
0
0
-5.30077e-15
8.5233e-16
0
0
0
0
0
0
0
0
0
0
0
0
0
0
0
0
0
0
0
0
0
0
0
0
0
0
0
0
0
0
0
0
0
0
0
0
0
0
0
0
0
0
0
0
0
0
0
0
0
0
0
0
0
0
0
0
0
0
0
0
0
0
0
0
0
0
-4.24606e-14
0
0
0
0
0
0
-9.19813e-15
0
0
0
0
0
0
0
-9.33401e-16
0
0
0
0
0
0
0
0
0
0
2.21961e-16
0
0
0
0
0
0
0
0
0
0
0
0
0
0
0
0
0
0
0
0
0
0
0
0
0
0
0
0
0
0
0
0
0
0
0
0
0
0
0
0
0
0
0
0
0
0
0
0
0
0
0
0
5.70336e-16
0
0
0
0
0
0
0
0
0
0
0
0
0
0
0
0
0
0
0
0
0
0
0
0
-6.92935e-16
0
0
0
0
0
0
0
0
-2.00822e-15
0
0
0
-1.93217e-15
0
0
0
0
0
0
0
0
0
0
0
0
0
0
0
0
0
0
0
0
0
0
0
0
0
0
0
0
0
0
0
0
0
0
0
0
0
0
0
0
0
0
0
0
0
0
0
0
0
0
0
0
0
0
0
0
0
0
0
0
0
0
0
0
5.74183e-17
4.38591e-16
0
0
0
0
0
0
0
0
0
0
0
0
0
0
0
0
0
0
4.29557e-16
0
0
0
0
0
0
0
0
1.85179e-13
0
0
0
0
0
0
0
0
0
0
0
0
0
0
0
0
0
4.39988e-16
0
0
0
0
2.38335e-16
0
0
0
0
0
0
0
0
0
0
0
8.7266e-16
0
0
0
0
0
0
0
0
0
0
0
0
0
0
0
0
0
0
0
0
0
0
0
0
0
0
0
0
0
0
0
0
3.82954e-14
-1.85877e-14
0
0
-5.81255e-17
0
0
0
0
0
0
0
0
0
0
0
0
0
0
0
0
0
0
0
0
0
0
0
0
0
0
0
0
0
0
0
0
0
0
0
0
0
0
0
0
0
0
0
0
0
0
0
0
0
0
0
0
0
0
0
0
0
0
0
0
0
0
0
0
0
0
0
0
0
0
0
0
0
0
0
0
0
0
0
0
0
0
0
0
0
0
0
0
0
0
0
0
0
0
0
0
0
0
0
0
0
0
0
0
0
0
0
1.6923e-14
0
0
0
0
0
0
0
0
0
0
0
0
0
0
0
0
-1.18898e-15
6.51007e-16
0
0
0
0
0
0
0
0
0
0
0
0
0
0
0
0
0
0
0
0
0
0
0
0
0
0
0
0
0
5.15816e-31
0
0
0
0
0
0
0
0
0
0
0
-3.59317e-16
0
0
0
0
0
0
0
0
0
0
0
0
0
0
0
0
0
-3.23507e-15
0
0
0
0
0
0
0
0
-1.47691e-15
-3.39255e-15
0
0
0
0
0
0
0
0
0
0
0
0
0
0
0
-7.16218e-15
-3.19022e-14
4.64382e-15
0
0
0
0
0
0
0
0
0
0
0
0
0
0
0
0
0
0
0
0
0
0
0
0
0
0
0
0
0
0
0
0
0
0
0
1.35624e-16
1.62248e-16
0
0
0
0
0
0
0
0
0
0
0
0
0
0
0
0
0
0
0
0
0
-1.08933e-16
0
0
0
0
0
0
0
0
-3.47906e-14
0
4.30526e-15
0
-3.52962e-14
0
0
0
0
0
0
0
-1.14276e-14
0
0
0
0
0
0
0
0
-1.16054e-14
-3.39044e-14
1.05866e-14
0
0
0
0
0
0
0
1.15186e-15
0
0
0
0
0
0
0
0
0
5.87532e-15
-3.49397e-14
0
0
0
0
2.10624e-14
0
9.29252e-15
0
0
0
0
0
0
0
0
0
0
0
0
0
0
0
0
0
0
0
0
0
0
0
0
0
0
0
0
0
0
0
0
0
0
0
-2.92001e-15
-2.08134e-17
0
0
0
0
0
0
0
0
0
0
0
0
1.05763e-13
0
0
0
0
2.62691e-15
0
0
0
0
0
0
0
0
0
0
0
0
0
0
0
0
0
0
0
0
0
0
0
0
0
0
0
0
0
0
0
0
0
0
0
0
0
0
0
0
0
0
0
0
0
0
4.19395e-14
0
-1.48452e-14
0
0
0
0
0
0
0
0
0
0
0
2.7893e-14
-7.62468e-14
0
0
0
0
0
0
0
0
0
0
0
0
0
0
0
-1.49916e-14
0
0
0
0
0
0
0
0
0
0
0
0
0
0
0
0
0
0
0
0
0
0
-7.05215e-14
3.99737e-14
0
0
0
0
0
0
0
0
0
0
0
0
0
0
0
0
0
-1.86794e-14
0
0
0
0
0
0
0
0
0
0
0
0
0
0
0
0
0
0
0
0
0
0
0
0
0
0
0
0
0
0
0
0
0
0
0
0
0
0
0
0
0
0
0
0
0
0
0
0
0
0
0
0
0
0
0
0
-3.45981e-14
-7.17176e-16
2.45728e-14
0
0
0
0
0
0
0
0
0
0
0
0
0
0
0
0
0
0
0
0
0
0
0
0
0
0
4.36285e-16
0
0
0
0
2.09324e-14
0
0
0
0
0
0
0
0
0
0
0
0
0
0
0
0
0
0
0
0
0
0
0
0
0
0
0
0
0
0
0
0
0
0
0
0
0
0
0
0
0
0
0
0
0
0
-4.51593e-15
0
0
0
0
0
0
0
0
0
0
0
0
0
0
0
0
0
0
0
0
0
0
0
0
0
0
-1.13078e-16
2.1591e-17
0
0
0
0
0
0
0
0
0
0
0
0
0
0
0
0
0
0
0
0
-4.55162e-08
-5.06356e-08
-5.10051e-08
-4.51467e-08
-5.38659e-08
-4.22859e-08
-4.6956e-08
-4.82412e-08
-4.79106e-08
-4.69233e-08
-4.92285e-08
-4.80759e-08
-4.80759e-08
-4.48611e-08
-4.92034e-08
-4.69484e-08
-4.80759e-08
-4.09219e-08
-4.94891e-08
-4.66626e-08
-4.72997e-08
-4.8852e-08
-4.92505e-08
-4.69012e-08
-4.85453e-08
-4.76064e-08
-5.04049e-08
-4.81461e-08
-4.80056e-08
-5.40888e-08
-4.20629e-08
-4.80759e-08
-4.80759e-08
-4.43151e-08
-5.18367e-08
-4.80759e-08
-4.80759e-08
-5.06872e-08
-4.54646e-08
-4.80759e-08
-4.80759e-08
-4.80759e-08
-4.80759e-08
-4.80759e-08
-4.80759e-08
-6.17749e-08
-3.43769e-08
-4.83034e-08
-4.56327e-08
-5.05191e-08
-5.54529e-08
-4.06988e-08
0
0
0
0
0
0
0
0
0
0
0
0
0
0
0
0
0
0
0
0
0
0
0
0
0
0
0
0
0
0
0
0
0
0
0
0
0
0
0
3.44421e-14
0
0
0
0
0
0
0
0
0
0
0
0
0
0
0
0
0
0
0
0
0
0
0
0
0
0
0
0
0
0
0
0
0
0
-4.57505e-08
-5.04012e-08
0
0
-5.07319e-08
-4.54199e-08
-4.80869e-08
-4.80649e-08
-4.80759e-08
-4.80759e-08
-4.80759e-08
-4.80759e-08
0
0
0
0
0
0
-4.77558e-08
-4.83959e-08
-4.97782e-08
-4.63736e-08
-5.07878e-08
-4.5364e-08
-4.39245e-08
-5.22273e-08
-5.95901e-08
-3.65617e-08
0
0
-5.62686e-08
-3.98831e-08
-4.80759e-08
-4.80759e-08
-4.80759e-08
-4.80759e-08
0
0
-4.83913e-08
-4.77605e-08
0
0
-4.90585e-08
-4.70933e-08
-4.80759e-08
-4.80759e-08
-4.80759e-08
-4.80759e-08
0
0
0
0
0
0
0
0
0
-5.31304e-08
-4.30213e-08
0
0
-4.80759e-08
-4.80759e-08
0
-5.48314e-15
0
-4.80759e-08
-4.80759e-08
0
0
0
0
0
0
0
0
0
0
0
0
-4.80759e-08
-4.80759e-08
0
-4.78403e-08
-4.83114e-08
0
0
0
0
0
0
0
0
0
0
0
0
0
0
0
0
0
0
-4.76877e-08
-4.84641e-08
0
0
0
-5.64999e-08
-3.96519e-08
-1.87877e-15
-5.34773e-08
-4.26745e-08
0
0
0
-4.81418e-08
-4.80099e-08
-4.80759e-08
-4.80759e-08
0
-5.97561e-08
-3.63957e-08
0
0
0
0
0
0
0
0
0
0
0
0
0
0
-4.80162e-08
-4.81356e-08
0
0
0
0
0
0
0
0
-4.80759e-08
0
0
-4.80759e-08
-4.80759e-08
0
0
0
0
-6.43471e-08
-3.18046e-08
0
0
0
-4.59434e-08
-5.02084e-08
-4.80759e-08
-4.80759e-08
0
0
-5.51379e-08
-4.10139e-08
0
0
0
0
0
0
0
0
0
0
0
0
0
-6.19694e-08
-3.41823e-08
0
0
0
0
-5.83592e-08
-3.77925e-08
-4.80759e-08
-4.80759e-08
0
0
0
0
0
0
0
0
0
0
-5.2643e-08
-4.35088e-08
0
0
0
-4.80759e-08
-4.80759e-08
0
0
0
0
0
-4.64138e-08
-4.97379e-08
0
0
0
0
-6.18132e-08
-3.43385e-08
0
0
0
0
0
0
0
0
7.83277e-15
-4.80759e-08
-4.80759e-08
0
0
-4.80759e-08
-4.80759e-08
0
0
0
0
0
0
0
0
0
0
0
0
-4.8211e-14
-1.75635e-14
0
0
0
0
0
0
0
0
0
0
0
0
0
0
0
0
0
0
0
0
0
-4.86863e-08
-4.74654e-08
0
0
0
0
0
0
0
0
0
0
0
0
0
0
0
0
0
0
0
0
0
-4.80759e-08
-4.80759e-08
0
-4.80759e-08
8.00362e-15
0
0
0
0
0
0
0
0
0
0
0
0
0
0
0
0
-8.73501e-15
0
0
-1.63423e-14
0
0
0
0
0
0
0
3.94386e-17
0
0
0
0
0
0
0
-4.80759e-08
-4.80759e-08
0
0
0
0
0
0
0
0
0
0
0
0
0
0
0
0
0
0
0
0
0
0
0
-4.6725e-08
-4.94268e-08
-4.77178e-08
-4.8434e-08
0
0
0
0
0
0
0
0
0
0
0
0
0
0
2.97447e-15
0
0
0
0
0
0
0
0
0
0
0
-4.67777e-08
-4.93741e-08
0
0
0
0
0
0
0
0
-9.80487e-15
0
0
0
0
0
0
0
0
0
0
0
0
0
0
0
0
0
0
0
0
0
0
0
0
0
0
0
0
-4.74574e-08
-4.86943e-08
-4.80759e-08
-4.80759e-08
0
0
0
0
0
0
0
0
0
0
0
0
0
0
0
0
0
0
0
0
0
-3.87607e-14
0
0
0
0
0
0
0
0
0
0
0
0
0
0
0
0
0
0
0
0
0
0
0
0
0
0
0
0
0
0
0
0
0
0
0
0
0
-4.93853e-08
0
0
0
0
0
0
0
-3.76455e-08
-5.85063e-08
0
0
0
0
0
0
0
0
0
0
0
0
0
0
0
0
0
0
0
0
0
0
0
0
0
0
0
0
1.46762e-14
6.31021e-16
0
0
0
0
0
0
0
0
0
0
0
0
0
0
0
0
0
0
0
0
0
0
0
0
0
-4.16745e-08
0
-1.43641e-15
0
0
0
0
0
0
0
2.04527e-30
0
0
0
0
0
-8.14671e-15
0
0
0
0
0
0
0
2.24636e-15
-7.0299e-16
0
0
0
0
-3.20729e-14
0
0
0
0
0
0
0
0
0
0
0
0
0
0
0
0
0
0
0
0
0
0
0
0
0
0
0
0
-4.96699e-08
-4.64819e-08
0
0
0
0
0
0
0
0
0
0
0
0
0
0
0
0
0
0
0
0
0
0
0
0
0
0
0
0
0
0
-4.40258e-08
0
0
0
0
0
0
0
0
0
0
0
0
0
0
0
0
0
0
0
0
0
0
0
0
0
0
0
0
0
0
0
0
0
0
0
-9.02739e-16
2.11045e-15
0
-1.59805e-15
0
-1.91941e-14
0
0
0
0
0
2.83262e-14
4.69134e-15
0
0
0
0
0
-5.1631e-08
-4.45208e-08
0
0
3.06966e-14
0
0
0
0
0
0
0
0
0
0
0
0
0
0
0
0
0
0
0
0
-1.40793e-14
0
0
0
0
0
0
0
0
0
0
0
0
0
0
0
0
0
0
0
0
0
0
0
0
0
0
0
0
0
0
0
0
0
0
0
0
0
0
0
0
0
0
0
0
0
0
-4.80759e-08
-4.80759e-08
-4.59261e-08
-5.02256e-08
0
0
0
1.01334e-14
0
0
0
0
-7.31452e-15
0
0
0
0
0
0
0
0
0
0
0
0
-4.68863e-08
-4.92655e-08
0
0
0
0
0
0
0
0
0
0
0
0
0
0
0
0
0
0
0
0
0
0
0
0
0
0
0
0
0
0
0
0
0
0
0
0
0
0
0
0
0
0
0
0
0
0
0
0
5.71911e-16
-4.55239e-15
0
0
0
0
0
0
0
0
0
0
0
0
0
0
0
0
0
0
0
0
0
0
0
0
0
0
0
0
0
0
0
0
0
0
0
0
0
0
0
0
0
-6.77134e-14
0
7.6616e-14
0
0
0
0
0
0
0
0
0
0
0
0
0
0
0
0
0
0
0
0
0
0
0
0
0
0
0
0
0
0
0
0
0
-3.3848e-16
0
0
1.7398e-14
0
0
0
0
0
0
0
0
0
0
0
0
0
0
0
0
0
0
0
0
0
0
0
0
0
0
1.56999e-14
0
0
0
0
0
0
0
0
0
0
0
0
0
0
0
0
0
0
0
0
0
0
0
0
0
0
0
0
-4.64159e-08
-4.97358e-08
5.10401e-16
0
0
0
0
0
0
0
0
0
0
0
0
0
0
0
0
0
8.53536e-15
3.92412e-14
0
0
0
0
1.74578e-14
0
0
0
0
0
0
0
0
0
0
0
0
0
0
0
0
0
0
0
0
0
0
-1.79926e-16
-3.86366e-16
0
0
0
0
0
0
0
-3.66514e-14
-2.7971e-14
0
0
0
0
2.97332e-15
0
0
0
0
0
0
0
0
0
0
0
0
0
0
0
0
0
0
0
0
0
0
0
0
0
0
0
0
0
0
0
0
0
0
0
0
0
0
0
0
0
0
0
0
0
0
0
0
0
0
0
0
0
0
0
0
0
0
0
0
0
0
0
0
0
0
0
0
0
0
0
0
0
0
0
0
0
-5.32267e-17
0
0
0
0
0
0
0
0
0
0
0
0
0
0
0
0
0
0
0
0
0
0
0
1.96709e-14
1.63793e-28
2.99407e-14
0
0
0
0
0
0
0
0
0
0
0
0
0
0
0
0
0
0
0
0
0
0
0
0
0
-2.61528e-16
0
0
0
0
0
0
-4.80759e-08
-4.80759e-08
0
0
0
0
0
0
0
0
1.20062e-14
0
0
0
0
0
0
0
0
0
0
0
0
0
0
0
0
0
0
0
0
0
0
0
2.89154e-16
-3.21142e-16
0
0
0
0
0
0
0
0
0
0
0
0
0
0
0
0
0
0
0
-4.65586e-08
-4.95931e-08
0
0
0
0
0
0
0
0
0
0
0
0
0
0
0
0
0
0
0
0
0
0
0
0
0
0
0
0
0
0
0
0
0
0
0
0
0
0
0
0
0
0
0
0
-4.09348e-16
0
0
0
0
0
0
0
0
0
0
0
0
0
0
0
8.31392e-15
0
0
0
0
0
0
0
0
0
0
0
0
0
0
0
0
0
0
0
0
0
-1.3376e-14
0
0
0
0
0
0
0
0
0
0
0
0
0
0
-5.70013e-17
-1.28464e-15
0
0
0
0
0
0
0
0
0
0
0
0
0
0
0
0
0
0
0
0
0
0
0
0
0
0
0
0
0
0
0
0
0
0
0
0
0
2.35018e-15
-3.3888e-15
0
0
0
0
0
0
0
0
0
0
-1.41516e-16
-3.33856e-16
0
0
0
0
0
0
0
0
2.89949e-14
1.21356e-14
0
0
0
0
0
0
0
0
0
0
0
0
0
0
0
0
0
-3.69376e-15
2.13154e-15
0
0
0
0
0
0
1.58898e-14
-5.88145e-08
-3.73373e-08
0
0
0
0
0
0
0
0
0
0
0
0
0
0
0
0
0
0
0
0
0
0
0
0
0
0
0
0
0
0
0
0
0
0
0
0
0
0
0
0
0
0
0
0
0
0
-4.62243e-08
-4.99275e-08
0
0
0
0
0
0
0
0
0
8.65961e-15
0
0
0
0
0
0
0
5.21031e-16
0
0
0
0
0
0
0
0
0
0
0
0
0
0
0
0
0
0
0
0
0
0
0
0
0
0
0
0
0
0
0
0
0
0
0
0
0
0
0
0
0
0
0
0
0
0
0
0
0
0
0
0
0
0
0
0
0
0
0
0
0
0
0
0
0
0
0
0
0
0
0
0
0
0
0
1.15744e-14
0
9.06777e-15
0
0
0
0
0
0
0
0
0
0
0
0
0
0
0
0
0
0
0
-2.82935e-14
0
0
0
0
0
0
0
0
0
0
0
0
0
0
0
0
0
0
1.91691e-16
0
0
0
0
0
0
0
-4.86804e-16
-3.96311e-16
-4.80759e-08
-4.80759e-08
0
0
0
0
0
0
-6.84277e-16
-3.47545e-16
0
0
0
0
-2.90888e-14
0
0
0
0
0
0
0
0
0
0
0
0
0
0
0
0
0
0
0
0
0
0
0
0
0
0
0
0
0
0
0
0
0
0
0
0
0
0
0
0
0
0
0
0
0
0
0
0
0
0
0
0
0
0
0
0
0
0
0
0
0
0
0
0
0
0
0
0
0
0
0
0
0
0
0
0
0
0
0
0
0
0
0
0
0
0
0
0
0
4.25045e-16
-1.01964e-30
0
0
0
0
0
0
0
0
1.87259e-16
0
0
0
0
0
0
0
0
0
0
0
0
0
0
0
0
0
0
0
0
0
0
0
0
0
0
0
0
0
-4.33331e-16
0
3.68227e-16
0
0
0
0
0
0
0
0
0
0
0
0
0
0
0
0
0
0
0
0
0
0
0
0
0
0
0
0
0
0
0
0
0
0
0
0
0
0
0
0
0
-1.20802e-16
0
0
0
0
0
0
0
0
0
0
0
0
0
0
0
0
0
0
0
0
0
0
0
0
0
0
0
0
0
0
0
0
0
0
0
0
0
0
0
0
0
-3.21603e-15
0
0
-6.49114e-16
0
0
0
0
0
0
0
0
0
0
0
0
0
0
0
0
0
0
0
0
0
0
0
0
0
0
0
0
0
0
0
-1.81443e-16
-1.70461e-15
0
0
0
0
0
0
0
0
0
0
0
0
0
0
0
0
0
-9.45968e-16
0
0
0
0
0
0
0
0
0
0
5.0382e-31
0
0
0
-4.31386e-15
1.43996e-15
0
0
0
0
0
0
0
0
0
0
0
0
0
0
0
0
0
0
0
0
0
0
0
0
0
0
0
0
0
0
0
0
0
0
0
0
0
0
0
0
0
0
0
0
0
0
0
0
0
0
0
0
0
0
0
0
0
0
0
0
0
0
0
0
0
0
0
0
0
0
0
0
0
0
0
0
0
0
0
0
0
0
0
0
0
0
0
0
0
0
0
0
0
0
0
0
0
0
0
0
0
0
0
0
0
8.20673e-16
0
0
0
0
0
0
0
0
0
0
0
0
0
0
0
0
0
0
0
0
0
0
0
0
-2.50159e-15
0
0
0
0
0
0
0
0
0
0
0
0
0
0
0
0
0
0
0
0
0
0
0
0
0
0
-6.30894e-14
0
0
0
0
0
0
0
0
0
0
0
0
0
0
0
0
0
0
0
0
0
0
0
0
0
0
0
0
1.15264e-16
5.76255e-17
0
0
0
0
5.92508e-17
0
0
0
0
0
0
0
0
0
2.23011e-14
9.54716e-16
0
0
0
0
0
0
0
0
0
0
0
3.64348e-14
0
0
0
0
0
0
0
0
0
0
4.19156e-16
0
0
0
0
0
0
0
0
0
0
0
0
-1.00293e-16
-8.79029e-17
0
0
0
0
0
0
0
0
0
0
0
0
0
0
-1.83052e-16
1.73174e-16
0
0
0
0
0
0
0
0
0
0
0
0
0
0
0
0
0
0
0
0
0
0
0
0
0
0
0
0
0
0
0
5.83313e-17
0
0
0
0
0
0
0
5.87887e-17
0
0
0
0
0
0
0
0
0
-4.90137e-08
-4.71381e-08
0
0
0
0
0
0
0
4.42852e-16
0
0
0
-4.16465e-16
0
0
0
0
0
0
0
0
0
0
0
0
0
0
0
0
0
0
0
0
0
0
0
0
0
0
0
0
0
0
0
0
0
0
0
0
0
0
0
0
0
0
0
0
0
0
0
0
0
0
0
4.30223e-15
0
0
0
0
0
0
0
0
0
0
5.99528e-15
-6.51688e-14
0
0
0
0
0
0
0
0
6.73982e-17
0
1.29613e-14
3.88191e-15
0
0
0
0
2.63672e-16
0
0
0
0
5.76584e-17
5.76255e-17
0
0
0
0
0
0
0
0
0
0
0
0
0
0
0
0
-3.98804e-15
-2.2541e-16
0
0
0
0
0
0
-4.39508e-15
0
0
0
0
0
0
0
0
0
0
0
0
5.78173e-17
0
0
0
0
0
1.12847e-16
0
0
7.02619e-16
1.02563e-30
0
0
0
0
0
0
-3.73801e-15
0
0
0
0
0
-1.50375e-14
5.17332e-14
0
0
0
1.25025e-13
3.89162e-16
0
0
0
0
0
0
0
0
0
0
0
0
0
0
0
0
0
0
0
0
0
0
0
1.72876e-16
0
0
0
5.74916e-17
0
0
0
0
0
0
5.22735e-17
0
0
0
0
0
0
0
0
0
0
0
0
0
0
0
2.81475e-15
0
-6.1507e-08
-3.46447e-08
0
0
0
0
0
0
0
0
0
0
0
0
0
0
0
0
0
0
0
0
0
0
0
0
0
0
5.57208e-17
1.13899e-16
-5.81154e-16
1.78839e-14
0
0
0
0
0
0
0
0
0
0
2.62063e-16
-9.76624e-16
0
0
0
-1.53183e-15
0
0
0
-4.94597e-08
-4.66921e-08
0
0
0
0
0
0
2.79086e-16
0
0
0
0
2.00881e-16
1.12787e-15
0
0
0
0
0
0
0
0
0
0
1.42833e-14
0
0
0
-4.59031e-16
0
0
0
0
-4.76551e-16
0
0
0
0
0
0
0
0
0
0
0
0
0
0
0
0
0
0
0
0
0
0
0
0
0
0
0
0
0
0
0
0
0
0
0
0
0
0
0
0
0
0
0
0
0
0
0
0
0
0
0
0
0
0
0
0
0
0
0
0
0
0
0
0
0
0
1.04387e-18
0
0
0
0
0
0
0
0
0
5.92848e-17
0
0
0
0
0
0
0
0
0
1.55399e-16
1.00387e-15
0
0
0
0
0
0
0
0
0
0
0
0
0
0
0
0
0
0
0
0
0
-5.48433e-08
-4.13084e-08
0
0
0
0
0
0
0
0
0
0
0
-5.67647e-15
0
0
0
0
0
0
0
0
0
0
0
0
0
0
0
0
0
0
0
0
0
0
0
-4.30774e-14
0
0
0
0
4.5034e-15
-1.61801e-15
0
0
0
0
0
0
0
0
0
0
0
0
0
0
0
0
0
0
0
0
2.25789e-16
0
0
0
-1.07068e-14
2.24364e-14
0
0
0
0
0
0
3.43059e-16
-2.96273e-16
0
0
0
0
0
0
0
2.06326e-30
0
0
0
0
0
0
0
0
0
0
0
0
0
0
0
0
0
0
0
0
0
0
0
0
0
0
0
0
0
0
0
0
0
0
0
0
0
0
0
3.76516e-14
0
0
0
0
0
0
0
0
0
0
0
0
0
0
0
-4.68545e-08
-4.92972e-08
0
0
0
0
0
0
0
0
0
0
0
0
0
0
0
0
0
0
0
0
0
0
0
0
0
0
0
0
0
0
0
0
0
0
7.49189e-14
0
0
0
0
0
0
0
0
0
0
0
0
0
0
0
0
0
0
0
0
0
0
0
0
0
0
0
0
0
0
0
0
0
0
0
0
0
0
0
0
0
0
0
0
0
0
-2.83381e-16
0
-5.23211e-15
0
0
0
0
4.27559e-16
0
0
0
0
0
0
-1.02064e-15
0
0
0
0
4.04122e-16
0
0
0
0
0
0
-1.95474e-15
3.95697e-15
0
0
0
0
0
0
0
0
0
0
0
0
0
0
0
0
0
0
0
0
0
0
0
0
0
-2.27141e-14
1.41704e-15
0
0
0
0
0
0
0
0
0
0
0
0
0
0
0
0
0
1.76632e-15
4.08456e-16
0
0
0
0
0
0
0
0
0
0
0
0
0
0
0
0
0
0
6.63241e-14
8.20675e-16
0
0
0
1.13045e-17
0
0
0
0
0
0
0
0
0
0
0
0
0
0
0
0
-1.09e-13
2.00149e-14
0
0
0
0
0
0
0
0
0
0
0
0
0
0
0
0
0
0
0
0
0
2.84905e-16
0
0
0
0
-5.31134e-17
1.04353e-16
0
0
0
0
0
0
0
0
0
0
0
0
0
0
0
0
0
0
0
0
1.62473e-15
0
0
0
0
0
0
0
0
0
0
0
0
0
0
0
0
0
0
0
-1.24856e-16
1.00524e-15
0
0
0
0
0
0
0
4.17581e-16
0
0
0
0
0
0
0
-8.99635e-16
-2.06369e-15
0
0
0
0
0
0
0
0
0
0
0
2.92302e-16
0
0
0
0
0
0
0
0
0
0
0
0
0
0
0
0
0
0
0
0
0
0
0
0
0
9.26063e-14
1.80145e-14
0
0
0
0
0
0
0
0
0
0
0
0
0
0
0
0
0
0
0
0
0
0
0
0
0
0
0
0
0
0
0
0
0
0
0
0
0
0
0
0
0
0
0
0
0
-7.27765e-16
0
0
0
0
0
0
0
0
0
0
0
0
0
0
0
0
0
0
0
0
0
0
0
0
0
0
0
0
0
0
-1.29543e-18
0
0
-4.38356e-14
4.80759e-08
0
0
0
0
0
0
0
0
0
0
0
0
0
0
0
-2.52221e-15
0
0
0
0
0
0
0
0
0
0
0
0
0
0
0
0
7.22652e-16
0
0
0
0
0
0
0
0
0
0
0
0
0
0
0
0
0
0
0
0
6.55206e-29
0
0
0
0
0
0
0
0
1.19225e-13
0
0
0
0
0
0
0
0
0
0
0
0
0
0
0
0
0
0
0
0
0
0
0
0
0
0
0
0
0
0
0
0
0
4.80759e-08
0
0
0
0
0
0
2.17166e-15
0
0
0
9.89325e-16
0
0
0
0
-2.24853e-14
0
0
1.89318e-16
0
0
0
0
0
0
9.87661e-17
0
0
0
0
0
0
0
0
0
0
0
0
0
0
0
0
0
-2.71352e-15
-7.15013e-15
0
0
0
0
0
0
0
0
0
-1.56119e-14
9.78374e-16
0
0
0
0
0
0
0
0
0
0
0
0
0
0
0
0
0
0
0
0
-3.38297e-14
0
0
0
0
0
-4.80759e-08
0
0
0
-4.25601e-15
0
3.06503e-17
0
0
0
0
0
0
0
0
0
0
0
0
0
0
2.17766e-14
0
0
0
0
0
0
0
0
0
0
0
0
0
0
0
0
0
0
0
-4.461e-16
5.88649e-16
0
-4.12117e-14
0
0
0
4.80759e-08
0
0
0
0
0
0
0
0
0
0
0
0
0
0
0
0
0
0
-1.02537e-15
0
0
0
0
0
0
0
0
0
0
0
0
0
0
0
0
6.52448e-15
0
0
0
0
0
0
0
0
0
0
0
0
0
0
0
0
-1.58671e-14
0
0
0
0
0
0
0
0
0
0
0
0
0
0
0
0
0
0
0
0
0
0
0
0
0
0
0
0
0
0
0
0
0
0
0
1.47439e-15
0
0
0
0
0
0
0
-8.19443e-16
0
0
0
0
0
0
0
0
0
0
0
-3.71933e-16
0
0
0
2.87974e-17
0
0
0
0
0
0
0
0
0
0
0
0
0
0
-1.2111e-15
0
5.24082e-16
0
0
0
0
0
0
0
0
3.27667e-15
0
-1.24347e-15
0
0
-1.15903e-15
0
0
0
0
0
0
0
0
0
0
0
0
0
0
3.80765e-14
0
3.38656e-14
0
0
0
0
0
5.85348e-17
0
0
0
0
-3.60915e-15
0
0
0
0
0
0
0
0
0
0
0
0
0
0
0
0
0
0
0
-1.33651e-14
0
0
0
2.62132e-16
2.56408e-31
0
-8.18427e-16
-1.03794e-15
0
0
0
0
0
0
0
0
0
0
0
0
0
0
0
0
0
-1.05772e-16
0
0
0
0
0
0
-4.21191e-15
0
0
0
0
0
1.54402e-16
0
0
0
0
0
0
0
0
0
0
0
0
0
0
0
0
0
0
0
0
0
0
0
0
0
0
0
0
0
0
0
0
0
0
0
0
1.90052e-14
0
0
0
0
0
0
0
0
0
0
0
1.41727e-15
0
0
0
0
0
0
0
0
0
0
0
0
0
0
3.07876e-16
0
0
0
0
0
4.25856e-08
5.94469e-17
0
0
0
0
0
0
0
0
0
0
0
0
0
0
0
0
1.16976e-16
-6.676e-16
0
0
0
0
0
0
0
0
0
0
0
0
0
0
0
0
0
0
0
0
0
0
0
0
0
0
0
0
0
0
0
0
0
0
0
0
0
0
0
0
0
0
0
0
0
0
0
0
0
0
0
0
0
0
5.35662e-08
0
8.33046e-08
0
3.63982e-16
0
0
0
0
0
0
0
0
0
0
-7.92724e-15
0
0
4.20201e-08
2.15985e-16
0
0
0
0
0
0
0
0
0
0
0
0
0
0
0
0
1.2009e-14
0
0
0
0
0
0
0
0
0
0
0
7.36015e-16
0
0
0
0
0
0
0
0
0
0
0
0
0
0
4.54333e-16
0
0
0
0
0
0
0
0
0
0
0
0
0
0
0
0
0
0
0
0
0
0
0
0
0
0
0
0
0
0
0
0
0
-1.57042e-14
0
0
0
0
0
0
0
0
0
0
0
0
0
0
0
0
0
0
0
0
0
0
0
0
0
0
0
0
0
0
0
0
4.9025e-15
0
1.70361e-15
0
0
0
0
0
-1.54997e-16
0
0
0
0
0
0
0
0
0
0
0
0
8.23608e-17
0
0
0
1.66819e-15
0
1.1006e-15
0
0
0
0
0
0
0
0
-3.31188e-15
0
0
0
0
0
0
0
0
0
0
0
-5.28052e-16
5.41316e-08
0
0
6.38035e-16
0
1.42612e-16
0
0
0
0
0
0
0
0
0
0
0
0
0
0
0
0
0
0
0
0
0
0
0
0
0
0
0
0
0
0
1.45893e-16
0
0
0
0
0
0
5.17746e-08
1.0901e-16
0
0
0
0
0
-2.31699e-15
0
0
0
0
0
0
0
0
0
0
0
0
0
0
0
0
0
0
0
0
0
0
-5.82201e-14
6.90878e-14
0
0
0
0
0
0
0
0
0
0
0
0
0
0
0
0
0
0
0
0
0
0
0
0
0
0
0
0
0
0
0
0
0
0
0
0
0
0
0
0
0
0
0
-4.96546e-16
7.4551e-17
0
0
0
0
0
0
0
0
0
0
0
0
0
0
0
0
0
0
0
0
0
0
0
0
1.68653e-17
0
0
0
0
4.59874e-08
-1.11325e-16
0
0
0
0
0
0
0
0
-1.82036e-16
0
0
0
0
0
0
0
0
0
0
0
2.98993e-14
0
0
-4.66376e-14
0
0
5.01644e-08
-6.9568e-17
0
0
0
0
0
0
0
0
0
8.4843e-15
0
0
0
0
0
0
0
0
0
-9.18849e-17
0
0
0
0
-1.38688e-14
0
3.19806e-14
0
0
0
0
0
0
0
0
0
0
0
0
0
0
0
0
0
0
0
0
0
0
0
0
-1.39551e-15
1.30522e-15
0
0
0
0
0
0
0
0
0
0
0
0
0
0
0
5.88546e-16
-1.96115e-15
0
0
0
0
-1.50646e-16
0
0
0
0
0
0
0
3.5697e-08
4.8304e-08
0
0
0
0
0
0
0
0
0
0
0
0
0
-2.77165e-16
0
0
3.48991e-08
0
1.01964e-30
0
0
1.85036e-16
0
0
0
0
0
0
0
0
0
0
0
0
0
0
0
0
0
0
0
-3.7793e-16
0
0
0
6.12527e-08
0
0
0
0
0
0
-3.85503e-16
0
0
0
0
0
0
0
0
0
0
0
0
0
0
0
0
0
0
0
0
0
0
0
0
0
4.80759e-08
0
0
0
0
0
0
0
-5.57512e-17
0
0
0
0
0
0
0
0
0
0
0
0
0
0
0
0
0
0
0
0
0
0
0
0
0
6.88092e-16
0
0
0
0
0
0
0
0
0
0
0
0
0
0
0
0
0
0
0
0
0
6.67502e-16
4.76415e-16
0
-7.26714e-16
0
0
0
0
0
0
0
0
0
0
0
-2.83742e-16
0
0
0
0
0
0
0
0
0
0
0
0
0
0
0
0
0
0
0
0
0
0
0
0
0
0
0
0
0
0
0
0
0
0
0
4.83073e-08
1.12723e-17
-3.80963e-16
0
0
0
0
-5.12317e-31
4.78375e-17
0
0
0
0
0
0
0
0
0
0
0
0
0
0
0
0
0
0
0
0
1.32917e-17
0
0
0
0
0
-3.1159e-16
0
0
0
-5.57541e-15
0
0
0
0
0
0
0
0
0
1.2575e-15
0
0
0
0
0
0
-2.3238e-16
2.04759e-16
0
0
2.26703e-14
0
4.34804e-08
0
0
-4.43772e-08
0
4.80759e-08
0
0
0
0
0
0
0
0
0
0
0
0
0
0
0
5.26714e-08
0
0
0
0
0
0
0
0
0
0
0
0
0
0
0
0
0
0
5.38738e-08
0
0
0
0
0
1.45588e-14
-4.13882e-15
0
0
0
0
0
0
0
0
0
0
0
0
0
0
0
0
0
0
0
0
0
0
0
0
0
0
0
0
0
0
0
0
0
0
0
0
0
2.24716e-14
0
0
0
0
0
0
0
0
0
3.53021e-14
0
0
2.3747e-15
0
0
0
-6.19314e-17
0
0
0
0
0
0
0
0
4.22779e-08
0
0
0
0
0
0
-5.67225e-14
0
0
0
0
0
-5.463e-16
0
0
0
0
5.48724e-08
0
0
0
0
6.01276e-16
0
0
0
1.34821e-14
0
0
0
0
0
0
0
4.12793e-08
0
0
0
0
0
0
0
0
0
0
-3.78812e-15
0
0
0
-3.34793e-16
1.25361e-15
0
0
0
0
-1.64114e-16
0
0
7.05447e-15
1.25284e-15
0
0
0
0
0
0
0
0
0
0
0
0
0
0
0
0
0
0
0
0
0
0
0
0
0
0
0
0
0
0
0
0
0
0
0
0
0
0
0
0
0
0
0
0
3.39034e-14
0
0
0
0
0
0
0
0
0
0
6.4137e-17
4.55657e-08
0
0
0
0
0
0
0
-1.37743e-15
0
0
0
0
0
0
0
0
0
0
0
0
0
0
0
0
0
0
0
0
0
0
0
0
0
0
0
0
0
0
0
-1.20182e-15
-1.25124e-15
0
0
0
0
0
0
0
0
0
0
0
-1.98241e-15
0
0
0
0
0
0
0
0
-6.2728e-16
0
0
0
0
0
0
0
0
0
0
0
0
0
0
0
0
0
0
0
0
2.61435e-14
0
0
0
0
-2.41487e-16
0
0
8.90527e-16
0
0
0
0
0
0
0
0
0
0
-1.72621e-16
0
0
0
0
1.8895e-15
0
0
0
0
0
0
0
0
-3.18869e-14
0
0
0
0
0
0
0
0
0
-2.99406e-15
4.94869e-14
0
0
0
0
0
4.57403e-08
0
0
0
0
0
0
0
0
0
0
0
0
0
0
0
0
0
0
0
0
0
0
0
0
0
0
0
0
0
0
0
0
0
0
9.34798e-16
0
0
0
0
-2.88813e-16
0
0
0
0
0
0
0
0
0
0
0
0
0
0
0
0
0
0
4.31978e-08
0
4.41158e-08
0
0
0
5.15357e-16
5.11692e-31
3.39231e-14
0
0
0
0
0
0
0
0
0
0
5.04114e-08
0
0
4.38053e-18
1.16341e-16
0
0
0
0
0
0
0
-1.61009e-14
0
0
0
0
0
0
0
0
0
0
0
1.34089e-14
0
0
0
0
0
0
4.83962e-08
0
0
0
0
0
0
4.96274e-08
2.28621e-16
0
0
0
0
5.87245e-08
0
5.8497e-15
0
0
4.75598e-08
0
0
0
0
0
0
4.65244e-08
0
0
0
0
0
0
0
0
3.28777e-17
4.22369e-17
0
0
0
4.8592e-08
0
0
0
0
0
0
0
0
0
0
0
0
0
0
0
0
0
0
0
0
0
0
0
5.2954e-08
0
0
0
0
-4.78478e-08
0
0
0
0
0
0
0
0
0
0
0
0
4.80759e-08
0
7.65411e-14
0
2.23781e-17
-3.20605e-16
0
0
0
0
0
0
0
0
0
0
0
0
0
0
0
0
0
0
0
0
0
0
-5.1336e-15
0
0
0
0
0
0
0
0
0
0
0
0
0
0
0
0
0
0
0
0
0
0
0
0
0
0
0
0
0
0
0
0
0
0
7.19661e-14
0
0
0
0
0
0
0
0
0
0
0
0
0
0
0
0
1.2202e-14
6.43974e-14
0
0
0
0
0
0
0
0
-2.39406e-16
0
0
0
0
0
0
0
2.44379e-16
0
2.59206e-14
0
0
0
0
0
0
0
0
0
-4.29007e-16
2.45494e-16
0
0
0
0
0
0
0
0
0
0
0
0
0
0
-6.74596e-17
0
0
0
-4.10181e-15
0
0
0
0
0
0
0
0
0
0
0
-2.59513e-16
-7.579e-16
0
0
0
0
3.10925e-16
0
-1.64306e-14
0
0
0
0
0
0
0
0
0
0
0
0
0
0
0
0
0
0
0
0
0
0
0
0
2.03186e-15
0
0
0
4.80759e-08
0
0
0
0
0
0
0
0
0
0
0
0
0
0
0
0
0
-3.83679e-16
-6.20371e-16
0
0
0
0
0
0
-5.33681e-08
0
0
0
0
0
0
-3.53477e-14
0
0
0
0
0
0
0
0
0
4.43816e-14
0
0
0
0
0
0
0
0
0
0
0
0
0
0
0
0
0
0
0
0
0
0
0
0
0
0
0
0
0
0
0
0
0
0
0
0
0
0
0
0
0
0
0
-4.78445e-08
0
0
0
0
0
-4.29255e-16
0
0
0
0
0
0
0
0
0
0
0
0
0
0
0
0
0
0
0
0
0
0
0
0
-9.79391e-17
-1.80482e-16
-6.30123e-16
0
0
0
0
0
0
0
4.73722e-14
0
0
0
0
0
0
-1.12898e-16
0
0
0
0
0
8.72499e-14
0
0
0
0
0
0
0
0
0
0
0
0
0
0
0
0
0
0
0
0
0
0
0
0
0
0
0
0
0
0
0
0
3.52956e-16
7.85438e-17
0
0
0
0
0
0
0
0
0
0
2.80276e-14
0
0
0
0
0
0
0
0
0
0
0
0
0
0
5.84598e-17
0
5.69132e-17
5.05861e-08
0
0
0
0
0
0
0
0
0
0
0
-5.09147e-14
0
0
0
-7.52737e-15
-6.17159e-15
0
0
0
0
0
0
0
0
0
0
0
0
0
0
0
0
0
0
0
0
0
0
0
0
0
0
0
0
0
0
0
0
0
0
0
0
0
0
0
0
0
3.0899e-15
0
0
0
0
0
0
0
0
0
0
0
1.36754e-15
0
0
0
0
0
0
0
0
0
0
0
0
0
0
0
0
0
0
0
0
0
0
0
0
0
-1.52062e-14
0
0
0
0
0
0
0
1.62266e-16
7.98764e-17
8.79907e-16
0
0
0
0
0
0
0
0
0
0
0
0
0
0
-1.03536e-16
1.40588e-16
0
0
0
0
0
0
0
0
0
0
0
0
0
0
0
0
0
0
-1.19705e-15
0
0
0
0
0
-2.77264e-15
0
0
0
0
0
-3.89693e-16
0
0
0
0
0
0
0
0
0
0
0
0
-6.58638e-17
0
0
0
0
0
5.22286e-14
1.12516e-14
-2.38234e-16
0
0
0
0
-1.58431e-16
0
0
0
0
0
0
0
0
0
0
0
0
0
0
0
0
0
0
0
0
0
0
0
0
0
0
0
0
0
0
0
0
0
0
0
0
0
0
0
0
0
0
0
0
5.33681e-08
0
0
0
0
0
0
0
0
0
0
0
0
0
0
0
0
0
0
0
0
0
0
0
-6.97385e-14
0
0
0
0
0
0
0
0
0
0
0
0
0
0
-2.84874e-16
0
0
0
0
0
0
0
0
0
0
2.14459e-15
0
0
0
0
0
0
0
0
0
0
0
0
0
0
0
0
0
0
0
0
0
0
0
-1.71308e-14
0
0
0
0
0
0
2.46974e-15
0
0
4.1349e-14
0
-1.15989e-16
0
0
0
0
0
0
0
0
0
0
0
0
0
1.3226e-14
0
0
0
0
0
0
0
0
0
0
0
2.68429e-16
0
0
0
0
0
4.67794e-16
0
0
0
1.02945e-14
-5.38286e-14
2.49911e-34
0
0
0
0
-3.24407e-15
0
0
0
3.22099e-16
0
0
0
0
0
0
-1.04872e-16
0
1.26892e-16
-4.22333e-16
0
0
0
0
0
0
0
0
-5.84002e-14
0
0
0
0
0
0
0
0
0
0
0
0
0
0
0
0
0
0
3.15811e-17
-2.93233e-16
0
2.56408e-31
0
0
0
0
-1.15952e-14
0
0
0
0
0
0
0
0
0
0
0
0
0
0
0
0
0
0
0
0
0
0
3.27568e-14
0
0
1.93156e-16
0
0
0
0
0
-1.02215e-15
0
0
0
0
0
0
0
0
0
0
0
-8.75323e-15
0
0
0
0
0
0
0
0
0
0
0
0
0
3.27269e-16
0
0
0
0
0
0
0
0
0
0
0
0
0
0
0
0
0
0
0
0
0
0
0
0
0
0
0
0
0
0
0
0
0
0
0
0
0
0
0
-8.12238e-15
0
0
0
0
0
0
0
0
0
0
0
0
-5.45924e-14
0
0
0
0
0
0
4.30285e-16
0
0
0
0
0
0
0
0
0
0
0
0
0
0
0
0
0
0
0
0
0
0
0
0
0
0
-7.39251e-17
0
0
0
0
0
-1.10403e-14
0
0
0
-5.12817e-31
0
0
-2.14875e-14
0
0
0
0
0
0
0
0
0
0
0
0
0
0
0
0
0
0
0
0
0
0
2.29014e-16
0
0
0
0
0
-2.32971e-16
0
0
-3.69491e-16
0
0
0
0
0
0
0
0
0
0
0
0
0
0
0
0
0
0
0
0
0
0
0
0
0
0
0
0
8.64382e-17
0
0
0
0
0
0
0
0
0
0
0
0
0
0
0
0
0
0
0
0
0
0
0
0
0
7.55333e-16
0
1.54666e-16
0
0
0
0
0
0
0
0
0
0
0
0
0
0
0
0
0
0
0
0
0
0
0
3.15328e-16
3.6506e-15
0
0
0
0
0
0
0
0
0
0
0
0
-4.25256e-16
1.29967e-16
0
0
0
-3.74273e-08
0
0
0
0
0
0
0
0
6.6905e-17
0
0
0
0
0
-3.29519e-15
-1.33967e-14
0
0
0
0
0
0
-8.75177e-16
0
0
0
0
2.09127e-14
0
2.34577e-16
0
0
0
0
0
0
0
0
0
0
0
0
0
0
0
3.01312e-17
0
0
0
0
0
0
0
0
0
0
0
0
0
0
0
0
0
0
0
0
0
0
0
0
0
0
0
0
0
0
0
0
-3.50531e-14
-1.63616e-14
0
0
0
0
-4.09054e-30
0
0
2.21602e-14
0
0
0
0
0
0
-8.68474e-17
0
0
0
0
0
0
0
0
0
4.77555e-08
0
2.97528e-16
0
0
0
0
0
0
0
0
1.42477e-16
-6.72945e-17
0
0
3.7557e-14
0
0
3.63333e-17
0
0
0
0
0
0
0
0
0
0
1.8932e-17
0
0
0
0
0
0
0
0
0
0
0
0
0
0
0
0
0
0
0
0
0
0
0
0
0
0
0
0
0
0
0
0
0
0
0
0
0
0
0
0
0
0
0
0
0
0
0
0
0
0
6.50704e-14
0
0
0
0
0
0
0
0
0
0
0
0
5.80091e-17
-5.48492e-17
0
0
0
0
0
0
0
0
0
0
0
-1.03604e-16
0
0
0
0
0
0
0
0
0
7.16165e-17
0
0
2.12401e-17
0
0
0
0
0
6.1803e-16
0
-8.22545e-15
0
0
0
0
0
2.35375e-16
0
0
0
0
0
0
0
0
0
0
0
0
0
)
;

boundaryField
{
    frontback
    {
        type            empty;
        value           nonuniform List<scalar> 0();
    }
    topbottom
    {
        type            calculated;
        value           uniform 0;
    }
    outlet
    {
        type            calculated;
        value           nonuniform List<scalar> 0();
    }
    inlet
    {
        type            calculated;
        value           uniform 0;
    }
    walls
    {
        type            calculated;
        value           nonuniform List<scalar> 
135
(
1.92304e-07
1.92304e-07
1.92304e-07
1.92304e-07
1.92304e-07
1.92304e-07
1.92304e-07
1.92304e-07
1.92304e-07
1.92304e-07
1.92304e-07
1.92304e-07
1.92304e-07
1.92304e-07
1.92304e-07
1.92304e-07
1.92304e-07
1.92304e-07
1.92304e-07
1.92304e-07
1.92304e-07
1.92304e-07
1.92304e-07
1.92304e-07
1.92304e-07
1.92304e-07
1.92304e-07
1.92304e-07
1.92304e-07
1.92304e-07
1.92304e-07
1.92304e-07
1.92304e-07
1.92304e-07
1.92304e-07
1.92304e-07
1.92304e-07
1.92304e-07
1.92304e-07
1.92304e-07
1.92304e-07
1.92304e-07
1.92304e-07
1.92304e-07
1.92304e-07
1.92304e-07
1.92304e-07
1.92304e-07
1.92304e-07
1.92304e-07
1.92304e-07
1.92304e-07
1.92304e-07
1.92304e-07
1.92304e-07
1.92304e-07
1.92304e-07
1.92304e-07
1.92304e-07
1.92304e-07
1.92304e-07
1.92304e-07
1.92304e-07
1.92304e-07
1.92304e-07
1.92304e-07
1.92304e-07
1.92304e-07
1.92304e-07
1.92304e-07
1.92304e-07
1.92304e-07
1.92304e-07
1.92304e-07
1.92304e-07
1.92304e-07
1.92304e-07
1.92304e-07
1.92304e-07
1.92304e-07
1.92304e-07
1.92304e-07
1.92304e-07
1.92304e-07
1.92304e-07
1.92304e-07
1.92304e-07
1.92304e-07
1.92304e-07
1.92304e-07
1.92304e-07
1.92304e-07
1.92304e-07
1.92304e-07
1.92304e-07
1.92304e-07
1.92304e-07
1.92304e-07
1.92304e-07
1.92304e-07
1.92304e-07
1.92304e-07
1.92304e-07
1.92304e-07
1.92304e-07
1.92304e-07
1.92304e-07
1.92304e-07
1.92304e-07
1.92304e-07
1.92304e-07
1.92304e-07
0
1.92304e-07
1.92304e-07
1.92304e-07
1.92304e-07
1.92304e-07
1.92304e-07
1.92304e-07
1.92304e-07
1.92304e-07
1.92304e-07
1.92304e-07
1.92304e-07
1.92304e-07
1.92304e-07
1.92304e-07
1.92304e-07
1.92304e-07
1.92304e-07
1.92304e-07
1.92304e-07
1.92304e-07
0
)
;
    }
    procBoundary0to1
    {
        type            processor;
        value           nonuniform List<scalar> 
104
(
0
-5.52906e-15
0
0
0
0
0
0
0
0
0
0
0
0
0
0
0
0
-2.42861e-16
0
0
0
0
0
0
0
0
0
0
0
0
0
0
0
0
0
0
0
0
0
0
0
0
0
0
0
0
0
0
0
0
0
0
0
0
0
-4.26555e-16
0
0
0
0
0
0
0
0
0
2.17727e-14
-6.39741e-17
0
-7.77776e-15
0
0
0
0
0
0
0
0
0
0
0
0
0
0
0
0
5.85131e-14
0
0
0
0
0
0
0
0
0
0
0
0
-6.04547e-08
0
0
0
0
)
;
    }
    procBoundary0to2
    {
        type            processor;
        value           nonuniform List<scalar> 
83
(
9.88376e-16
0
0
1.25737e-15
-1.22726e-16
0
0
0
0
-1.10037e-16
0
5.66815e-17
2.77823e-15
0
-2.7234e-14
-3.77293e-14
0
0
-2.07271e-15
5.90479e-17
-8.65624e-15
-8.0441e-15
-3.76693e-16
4.94994e-16
0
0
0
0
-6.3536e-16
0
0
0
0
0
-1.88358e-15
0
0
0
0
0
0
-3.6208e-14
2.1202e-15
0
0
0
1.71718e-14
0
5.15195e-15
-1.02338e-15
4.42718e-16
0
0
0
0
0
0
0
0
-1.56517e-16
1.19572e-16
0
7.20378e-08
0
2.47377e-16
-6.1551e-15
0
-1.42074e-14
-7.99941e-15
2.7087e-16
0
0
0
0
0
0
1.15951e-16
0
0
4.62262e-15
0
0
0
)
;
    }
}


// ************************************************************************* //
