/*--------------------------------*- C++ -*----------------------------------*\
| =========                 |                                                 |
| \\      /  F ield         | OpenFOAM: The Open Source CFD Toolbox           |
|  \\    /   O peration     | Version:  v2012                                 |
|   \\  /    A nd           | Website:  www.openfoam.com                      |
|    \\/     M anipulation  |                                                 |
\*---------------------------------------------------------------------------*/
FoamFile
{
    version     2.0;
    format      ascii;
    class       surfaceScalarField;
    location    "700";
    object      meshPhi;
}
// * * * * * * * * * * * * * * * * * * * * * * * * * * * * * * * * * * * * * //

dimensions      [0 3 -1 0 0 0 0];
oriented        oriented;


internalField   nonuniform List<scalar> 
20537
(
0
0
0
-5.43328e-17
1.60311e-16
9.97862e-17
0
0
0
0
0
0
0
0
0
0
0
0
0
0
0
0
0
0
0
0
0
0
0
0
0
0
0
0
0
0
0
0
0
0
0
0
-1.23083e-14
2.90943e-14
0
0
0
0
0
0
0
0
0
0
2.48185e-15
0
2.03134e-30
0
0
0
0
0
0
0
0
0
0
0
0
0
0
0
0
0
0
0
-6.5406e-08
-2.40794e-17
0
0
0
0
0
0
0
0
0
0
0
0
0
0
0
0
0
0
0
0
0
0
0
0
0
0
0
0
0
0
0
0
0
0
0
-5.10823e-31
0
4.29098e-16
0
0
0
0
0
2.45831e-16
2.61097e-15
0
0
-8.13246e-17
5.85697e-17
0
0
0
0
0
0
0
0
0
0
0
0
0
0
0
0
0
2.68333e-14
2.71613e-14
6.55582e-15
0
0
0
0
0
0
0
0
0
0
0
0
0
0
0
0
0
0
0
0
0
0
0
0
0
0
0
0
0
0
0
7.56885e-15
-1.63038e-14
0
0
0
0
0
0
0
0
0
0
0
0
0
0
0
1.00406e-16
-1.59088e-16
3.2137e-14
6.14489e-14
-1.42308e-13
0
1.17719e-13
0
0
0
0
0
0
0
0
0
0
0
-4.82933e-16
1.13388e-16
0
0
0
0
0
0
0
0
0
-1.26426e-15
0
1.14176e-15
0
0
3.48124e-15
-1.03612e-15
0
0
0
0
0
0
0
0
0
0
0
0
0
0
0
0
0
0
0
0
0
0
0
0
0
0
0
0
0
0
0
0
0
0
0
1.29798e-15
0
-3.28722e-15
0
0
0
0
0
0
0
0
0
0
0
0
0
0
0
0
0
0
0
0
0
0
0
0
0
0
0
0
0
0
0
0
0
0
0
0
0
0
0
0
0
0
0
0
0
0
0
0
0
-9.46021e-16
0
0
0
0
5.45812e-16
0
0
0
0
0
0
0
0
0
0
0
0
0
0
0
0
0
0
0
0
0
0
0
0
0
0
0
0
0
0
0
0
0
-7.78211e-17
1.70226e-15
0
0
0
0
-2.0953e-17
-1.18318e-16
0
0
0
0
0
0
0
0
0
0
0
0
0
0
0
0
0
0
0
0
0
0
0
0
-1.42916e-13
4.12155e-14
0
0
0
0
0
0
0
0
0
0
0
0
0
0
0
0
0
0
0
0
0
0
0
0
0
0
0
0
0
0
0
0
0
0
0
0
0
0
0
0
0
0
0
2.79547e-16
1.04237e-16
0
0
0
0
0
0
0
0
0
0
0
0
0
0
0
0
0
0
0
2.53294e-15
0
0
0
0
0
0
0
0
0
0
0
0
0
0
0
0
0
0
0
0
0
0
0
0
0
0
0
0
0
0
0
0
0
0
0
0
0
0
0
0
0
0
0
0
0
0
0
0
0
0
0
0
0
0
0
0
0
0
0
0
0
0
0
0
0
0
0
0
-1.4966e-15
2.39136e-15
0
0
0
0
0
0
0
0
0
0
0
0
0
0
0
0
0
0
0
0
0
0
0
0
0
0
0
0
0
-1.12069e-15
0
0
0
0
0
0
0
0
0
0
0
5.1381e-31
-1.61342e-16
2.00744e-30
-2.21798e-15
0
0
0
0
0
0
0
0
0
0
0
0
-8.95841e-16
-1.46754e-16
6.59998e-18
0
0
0
0
0
0
0
0
0
0
0
0
0
0
0
0
0
0
0
0
0
0
0
0
0
0
0
0
0
0
0
0
0
0
0
0
0
0
0
0
0
1.21784e-13
4.76306e-17
-4.93633e-16
0
0
0
0
0
0
0
0
0
0
0
0
0
0
0
4.19719e-15
0
9.40457e-16
0
0
0
0
0
0
0
6.1725e-16
3.96143e-08
6.6881e-08
3.7725e-14
0
1.93616e-14
0
0
0
0
0
0
0
0
0
0
0
0
0
0
0
0
0
0
0
0
0
0
0
0
0
0
0
0
0
0
0
0
0
0
0
0
0
0
0
0
0
0
0
0
0
0
0
0
0
0
0
0
0
0
0
2.15607e-15
0
0
0
0
0
0
0
0
0
0
0
0
0
0
0
0
0
0
0
0
0
0
0
0
0
0
0
0
0
0
0
0
3.65557e-15
-6.41575e-16
0
0
0
0
0
0
0
0
0
0
0
0
0
0
0
0
0
0
0
0
0
0
0
0
0
0
0
0
0
-5.03242e-17
-2.20186e-15
0
0
0
0
0
0
0
0
0
0
0
0
0
0
0
0
0
0
0
0
0
0
0
-1.04687e-15
0
-3.78659e-16
0
0
0
1.21292e-16
2.99144e-16
0
0
0
0
0
0
0
0
0
0
0
0
0
0
0
0
0
0
0
0
0
0
0
0
0
0
0
0
0
0
0
0
0
0
-1.38479e-16
1.48604e-15
7.43081e-14
0
0
0
0
0
0
0
0
0
0
0
0
0
0
0
0
0
0
0
0
0
0
0
8.47068e-14
0
1.30388e-28
1.82585e-14
0
0
8.47592e-14
0
0
0
1.85833e-15
-5.16794e-15
0
0
0
-9.89255e-18
0
0
5.6132e-17
-8.13516e-17
0
0
0
0
0
0
0
0
0
0
0
0
0
0
0
0
0
0
0
0
0
0
0
0
3.15737e-15
0
0
0
0
-6.91423e-17
6.71876e-18
0
0
0
0
0
0
0
0
0
-5.04299e-17
0
0
0
0
0
0
0
0
0
0
0
0
-2.07477e-14
-3.47391e-16
0
0
0
0
-1.41093e-15
0
0
0
0
0
0
0
0
0
0
0
0
2.48565e-14
0
-8.34652e-14
0
0
4.04295e-15
0
0
0
0
0
0
0
0
0
0
0
0
0
-3.11595e-14
-6.56552e-15
0
0
0
0
0
0
0
0
0
0
0
0
0
0
0
0
0
0
0
0
0
0
0
0
2.15318e-14
1.06816e-14
0
0
0
0
0
0
0
0
0
0
0
3.62655e-16
3.03047e-16
0
0
0
0
0
0
0
0
0
0
0
0
0
0
0
0
0
0
0
0
0
0
0
0
0
0
0
0
-1.51726e-16
0
2.03238e-16
0
2.49716e-15
7.16651e-16
0
0
-2.72338e-16
0
0
0
-8.75413e-14
0
0
0
0
0
0
0
0
0
0
0
0
0
0
0
0
0
0
0
0
0
0
0
0
0
0
0
0
1.17192e-15
0
0
0
0
0
0
0
0
0
0
0
0
0
0
0
0
0
0
0
0
0
0
0
0
0
0
0
0
0
0
0
0
0
0
0
0
0
0
0
0
0
0
0
0
0
0
0
0
0
0
0
0
0
0
0
0
0
0
0
0
0
0
0
0
0
0
0
0
0
0
0
0
0
0
0
0
0
0
0
0
0
0
0
0
0
0
0
0
0
0
0
0
0
0
0
0
0
0
0
0
0
-1.38452e-15
2.74044e-16
0
0
0
0
0
0
0
0
0
0
0
0
2.01863e-17
-6.16279e-16
8.13532e-16
0
0
0
-2.84502e-17
-1.16833e-18
0
0
0
0
0
0
0
0
0
0
0
0
-5.83123e-17
0
2.35208e-16
0
0
0
0
0
0
0
0
0
0
0
0
0
0
0
0
0
0
0
0
0
0
0
0
0
0
0
0
0
0
0
0
0
-5.01252e-17
0
0
0
0
0
0
0
0
2.19593e-16
0
0
-7.11055e-14
-8.42353e-14
-9.60782e-15
-1.17765e-15
2.50896e-17
0
-1.84068e-15
9.46202e-17
0
0
0
1.7086e-17
4.70649e-17
0
0
0
0
0
0
0
0
0
0
0
0
0
0
0
0
0
0
0
0
0
0
0
0
0
2.55809e-14
3.19983e-14
0
0
0
0
0
0
0
0
0
0
0
0
0
0
0
0
0
0
0
0
0
0
0
0
0
0
0
1.15495e-16
0
0
0
0
0
0
0
0
0
0
0
0
0
0
0
0
0
0
0
0
0
0
0
0
7.16009e-14
-1.14137e-15
0
0
0
0
0
0
0
0
0
0
0
-1.95289e-15
0
0
0
0
0
0
0
0
0
0
0
0
0
7.43872e-14
-1.25464e-14
0
0
0
0
0
0
0
0
0
0
0
0
0
0
0
0
0
0
0
1.89054e-15
0
0
-6.13178e-14
6.90402e-14
0
0
0
0
0
0
-2.76199e-14
0
0
-3.10534e-14
0
-2.96189e-16
1.61667e-16
0
0
0
0
0
0
4.07587e-16
3.64661e-16
0
0
0
0
0
0
0
0
0
0
0
0
0
0
0
0
0
0
0
0
0
0
0
0
0
0
0
0
0
0
0
0
1.74206e-17
0
0
0
0
0
0
0
0
0
0
0
0
0
0
0
0
0
0
0
0
0
0
0
0
0
0
1.89375e-15
0
0
0
0
0
0
0
0
0
0
0
0
0
3.50677e-17
0
0
0
0
0
0
0
0
0
0
-5.41195e-16
-9.82142e-16
0
0
0
0
0
0
0
0
0
0
0
0
0
0
0
0
0
0
0
0
0
0
0
0
0
0
0
0
0
-2.84033e-15
1.43292e-15
-1.34879e-16
0
0
2.2111e-16
0
0
0
0
0
0
0
0
0
0
0
0
0
0
4.85635e-16
-1.53633e-15
0
0
0
0
0
0
0
0
0
0
0
0
0
0
0
0
1.0457e-17
-4.59738e-17
0
0
0
0
0
0
0
0
0
0
0
2.82838e-17
-3.1089e-17
0
0
0
0
0
0
0
0
0
0
0
-6.01356e-18
0
0
0
0
0
0
0
1.8166e-15
0
0
0
6.96615e-17
0
0
0
0
0
0
0
0
0
0
0
0
0
0
0
0
0
0
0
0
0
0
0
0
0
0
0
0
0
0
0
0
0
0
0
0
0
0
0
0
0
0
0
0
0
0
0
0
0
0
0
0
0
0
0
0
0
0
0
0
0
0
0
0
0
0
0
0
0
0
0
0
0
0
0
0
0
0
0
0
0
0
0
0
0
0
0
0
0
0
0
0
0
0
0
0
0
0
0
1.17737e-15
0
0
0
0
0
0
0
0
0
0
0
0
0
0
0
-1.03524e-16
-1.09764e-15
0
0
0
0
0
0
0
0
0
0
0
0
0
0
0
0
0
0
0
0
0
0
0
0
0
0
0
0
2.54762e-14
-1.09018e-15
0
0
1.60596e-29
0
0
0
0
0
0
0
0
0
0
0
0
0
0
0
0
0
0
0
0
0
0
0
0
0
0
0
0
0
0
0
0
0
0
0
0
0
0
0
0
0
0
0
0
0
0
0
0
0
0
0
0
0
0
1.81032e-14
-1.59386e-13
0
0
0
0
0
0
0
0
0
0
0
0
0
0
0
0
0
0
0
0
-7.2319e-17
1.1356e-16
0
0
0
0
0
0
0
0
0
0
0
0
0
0
1.02165e-30
-8.1378e-16
0
0
0
0
0
0
0
0
0
0
0
0
0
0
0
0
0
0
0
0
0
0
0
0
0
0
0
-8.23585e-16
0
-2.11979e-16
0
0
0
0
0
-1.81937e-17
0
0
0
0
0
0
0
0
0
0
0
0
0
0
0
0
0
0
0
0
0
0
0
0
0
0
0
0
0
-1.5177e-14
1.67014e-14
0
-1.87605e-17
0
0
0
0
0
0
0
0
1.06346e-15
0
0
0
0
0
0
0
0
0
0
0
-3.66408e-14
0
0
0
0
0
0
0
0
0
-5.33261e-16
0
4.15631e-16
0
0
0
0
0
0
0
0
0
0
0
0
0
0
0
0
0
0
0
0
0
0
0
0
0
0
0
0
0
0
0
0
0
0
0
0
0
0
0
0
0
0
0
0
0
0
0
0
0
0
0
0
0
0
0
0
0
0
0
0
0
0
0
0
0
0
0
0
3.53369e-17
5.46619e-17
2.65183e-15
0
0
0
0
0
0
0
0
0
0
0
0
0
0
0
0
0
0
0
0
0
0
0
0
0
0
0
0
0
0
0
0
0
0
0
0
0
0
0
0
0
0
0
0
0
0
0
-9.10566e-16
-2.69333e-16
0
0
0
0
0
0
0
0
0
0
0
0
0
0
0
0
0
0
0
0
0
0
0
0
0
0
0
0
0
0
0
5.84881e-16
0
-5.10325e-31
0
0
0
0
0
0
0
0
0
0
0
0
0
0
0
0
0
0
0
0
0
0
0
-3.84759e-18
-8.25039e-18
1.59456e-17
0
0
0
0
0
0
0
0
0
3.69821e-17
0
0
0
0
0
0
0
0
0
0
0
0
0
0
0
0
0
0
7.02228e-15
0
0
0
0
0
0
0
0
0
0
0
0
0
0
0
0
0
0
3.90126e-15
-2.04167e-15
0
0
0
0
0
0
0
0
0
0
0
0
0
0
0
0
0
0
0
0
0
0
0
0
0
0
0
0
0
0
-4.25565e-14
0
0
0
0
0
0
0
2.6988e-16
-4.31973e-17
0
0
0
0
0
0
0
0
0
0
-2.35861e-17
0
0
-2.17156e-15
1.9473e-17
0
0
0
0
0
0
0
0
0
0
0
0
0
0
0
0
0
0
0
0
0
0
0
0
0
0
-2.24083e-14
-6.1351e-16
0
0
0
0
0
0
0
0
0
0
0
0
0
0
0
0
0
0
0
0
0
0
0
0
0
0
0
0
7.02309e-15
-7.49988e-16
0
0
0
0
2.06973e-16
0
3.10791e-15
0
0
1.11201e-15
0
0
2.25019e-16
-3.05896e-30
0
0
0
0
0
0
0
0
0
0
0
0
0
0
0
0
0
0
0
0
0
0
0
0
0
0
0
0
0
0
0
0
0
0
0
0
0
0
0
0
0
0
0
0
0
0
0
0
0
0
0
2.35023e-17
0
0
0
0
0
0
0
0
0
0
0
2.56383e-14
0
0
0
0
0
3.44552e-16
3.41637e-16
0
0
0
0
0
0
0
-3.58443e-16
0
8.12586e-15
0
0
0
0
0
0
0
0
0
0
0
0
0
0
0
0
0
6.82804e-17
0
0
0
0
0
0
0
0
6.68774e-18
-5.61928e-17
0
0
0
0
0
0
0
0
0
0
0
0
0
0
0
0
0
0
0
0
0
0
0
0
0
0
0
0
0
0
0
0
0
0
0
0
0
0
0
0
0
0
0
0
0
0
0
0
0
0
0
0
0
0
0
0
1.14794e-16
1.18099e-16
0
0
0
0
0
0
0
0
0
0
0
0
0
0
0
0
0
0
0
0
0
0
-2.18737e-17
0
0
0
0
0
1.45814e-16
-8.16794e-16
0
0
0
0
0
0
0
0
0
0
0
0
0
0
0
0
0
0
0
0
0
0
0
0
0
0
0
0
0
0
0
0
1.29092e-17
-2.36758e-17
0
0
0
0
0
0
0
0
0
0
0
0
0
0
0
0
0
0
0
0
0
0
0
0
0
0
0
0
0
0
0
0
0
0
0
0
0
0
0
0
3.86381e-17
1.30881e-15
0
0
0
0
0
0
0
0
0
0
0
0
0
0
0
0
0
0
0
0
0
0
0
1.52236e-17
-1.68243e-29
0
2.00043e-14
0
0
0
0
0
0
0
0
0
0
0
0
0
0
0
-3.53184e-18
1.77971e-16
0
0
0
0
0
0
0
0
0
0
0
0
0
0
-2.07477e-15
0
0
0
0
0
0
0
0
0
0
0
0
0
0
0
0
0
-2.29537e-16
-3.52678e-16
0
0
-1.32017e-15
0
0
0
0
0
0
0
0
0
0
0
0
0
0
0
0
0
0
0
0
3.29211e-16
-4.49478e-17
0
0
0
0
0
0
0
0
0
0
0
0
0
0
0
0
0
0
0
0
0
0
0
0
0
0
0
0
0
0
0
0
0
0
0
0
0
0
0
0
0
0
0
0
0
0
0
0
0
0
0
0
0
0
0
0
0
0
0
0
0
0
0
0
0
0
0
0
0
0
0
0
1.56867e-16
0
0
0
0
0
0
0
0
0
0
0
0
0
0
0
0
0
0
0
0
0
0
0
0
0
0
0
0
0
0
0
0
0
0
0
0
0
0
0
0
0
0
0
0
0
0
0
0
0
0
0
0
0
0
0
0
0
0
0
0
0
0
0
0
0
0
0
0
0
0
6.76691e-15
0
0
0
0
0
0
0
0
0
0
0
0
0
0
-5.17082e-14
1.168e-13
0
0
0
0
0
0
0
0
0
0
0
0
0
2.63071e-28
-2.71006e-14
0
0
0
0
0
0
0
0
0
0
0
0
0
0
0
0
0
0
0
0
0
0
0
0
0
0
0
0
-4.00729e-16
2.92093e-15
-9.07836e-15
0
0
0
0
0
0
0
0
0
0
0
0
0
0
0
0
0
0
8.67262e-16
0
0
0
2.28655e-15
0
0
0
0
0
0
0
0
0
0
0
0
0
0
0
0
0
0
0
0
0
0
0
0
0
0
0
0
0
0
0
0
0
0
0
0
0
0
0
-2.0002e-16
0
0
0
0
0
0
0
0
0
0
0
0
0
0
0
0
0
0
0
0
0
0
0
0
0
0
0
0
0
0
0
0
0
0
0
0
7.5533e-14
-1.34336e-14
0
0
0
0
0
0
0
0
0
0
0
0
0
0
0
0
0
0
0
0
0
0
0
0
0
0
0
0
0
0
0
2.44155e-14
0
8.10413e-15
0
0
0
9.73566e-16
-1.66857e-17
-2.54665e-31
0
0
0
0
0
0
0
0
0
0
0
0
0
0
0
0
0
0
0
0
0
0
0
0
0
0
0
0
0
0
0
0
0
0
0
0
0
0
0
0
0
0
0
0
0
0
0
0
0
0
0
0
0
0
0
0
0
0
0
0
-5.68479e-18
0
-1.33303e-15
2.7576e-17
-1.99976e-17
0
0
0
0
0
0
0
0
0
0
0
0
0
0
0
0
0
0
0
0
0
0
0
0
0
0
0
5.02609e-16
-3.07022e-16
0
-2.83903e-14
0
0
0
-7.05915e-19
0
0
3.73409e-34
6.29223e-18
0
0
0
0
0
0
-4.37314e-14
-4.14357e-14
0
0
0
0
0
0
0
0
0
0
0
0
0
0
0
0
0
0
0
0
0
0
0
0
0
0
0
0
0
0
0
0
0
0
0
0
0
0
0
0
-1.04661e-16
2.53918e-31
0
0
0
0
0
0
0
0
0
0
0
0
0
0
0
0
0
0
0
0
0
0
0
0
0
0
0
0
0
0
0
0
0
0
-8.69382e-16
-8.35411e-15
-1.11102e-14
0
0
0
0
0
0
0
0
0
0
0
0
0
0
0
0
0
0
0
0
0
0
0
0
0
0
0
0
0
0
-1.90795e-16
4.12349e-17
0
0
0
0
0
0
0
0
0
0
0
2.18268e-17
0
0
0
0
0
-1.1089e-16
1.5487e-16
0
0
0
0
0
0
0
0
0
0
0
0
0
0
0
0
0
0
0
0
0
0
0
0
0
0
0
0
9.08414e-16
-1.07968e-14
2.98672e-16
4.47417e-15
-1.00315e-15
0
0
0
0
0
0
0
0
0
0
7.90689e-14
0
0
0
0
0
-1.51677e-16
0
0
0
0
0
0
0
0
0
0
0
0
1.12248e-16
0
0
0
0
0
0
0
0
-5.29962e-16
-1.73193e-17
0
0
0
0
0
4.13995e-16
0
0
0
0
0
0
0
0
0
0
0
0
0
0
0
0
0
0
1.20413e-15
1.57618e-17
0
0
0
0
0
0
0
0
0
0
0
0
1.26523e-15
0
4.35608e-15
0
0
0
0
0
0
0
0
0
0
0
0
0
0
0
0
0
0
0
0
0
0
0
0
0
0
0
0
-5.10823e-31
0
0
-1.87698e-15
-3.45144e-17
0
0
0
0
0
0
0
0
0
0
-3.25702e-18
-7.34328e-18
2.73141e-14
0
0
0
0
0
0
0
0
0
0
0
0
0
0
0
-2.54665e-31
0
0
0
-1.46591e-15
1.92208e-15
0
0
0
0
0
0
0
0
0
-9.60156e-16
0
0
0
0
0
0
0
0
0
0
0
0
0
0
0
0
0
0
0
0
0
-3.92715e-14
0
0
0
0
0
4.61691e-14
-2.40701e-14
6.61697e-17
-1.22865e-15
0
0
0
0
0
0
0
0
2.59816e-15
0
0
0
0
0
0
0
0
0
0
0
0
-1.27667e-16
0
0
0
0
0
3.87516e-15
0
-1.94898e-16
0
0
0
0
0
0
0
0
0
0
0
0
0
2.27706e-14
0
0
0
0
0
0
0
0
0
0
-2.34443e-17
8.26351e-18
0
0
0
0
0
0
0
0
2.79606e-17
0
0
0
0
9.81642e-18
0
0
0
0
0
0
0
0
0
4.19991e-15
-4.31858e-15
3.1352e-15
1.8403e-16
0
0
0
0
0
0
0
0
3.09863e-15
1.57892e-15
1.58319e-15
-1.65547e-15
0
0
0
0
0
0
0
0
0
0
0
0
0
0
0
0
0
0
0
0
0
1.6251e-15
4.40887e-16
-5.23922e-17
0
0
0
0
0
0
0
0
0
4.28171e-17
0
0
0
0
0
0
0
0
0
0
0
0
0
0
0
0
0
0
-6.90878e-17
4.77759e-17
0
0
-5.10076e-31
-2.86854e-17
0
0
0
0
0
0
0
0
0
0
0
0
0
0
0
0
0
0
0
0
0
0
0
-1.39304e-14
0
0
0
0
0
0
0
0
0
0
0
0
0
0
0
0
0
0
-1.16625e-16
-6.51154e-15
0
0
0
0
0
0
0
0
0
0
0
0
0
0
0
0
0
0
0
0
0
0
0
0
0
0
0
0
0
0
0
0
0
0
0
0
0
0
0
0
0
0
0
0
0
0
0
0
0
0
0
0
0
0
0
0
0
0
0
0
0
0
0
0
0
0
0
3.81934e-17
0
0
0
0
0
0
0
0
0
0
0
0
0
0
0
0
0
0
0
1.82194e-17
1.31171e-15
1.76711e-17
0
0
0
0
0
0
0
0
0
0
0
0
0
0
0
0
0
0
0
0
0
0
0
0
0
1.27743e-16
-4.92586e-17
0
0
0
-5.84273e-18
0
1.68881e-17
0
0
0
0
0
0
0
0
0
0
0
0
0
0
0
0
0
0
0
0
0
0
0
0
0
0
0
0
0
0
0
0
0
0
0
0
0
0
0
0
0
0
0
0
0
0
1.28303e-15
-3.61825e-17
3.75311e-17
0
0
0
0
-1.81992e-15
0
0
0
-3.21673e-15
5.03102e-15
-2.9627e-15
4.59565e-17
0
0
0
0
0
0
0
0
0
0
0
0
0
0
0
0
0
0
-1.12585e-15
0
0
0
0
0
0
0
0
0
0
0
0
0
0
0
0
-4.88733e-17
0
0
0
0
0
0
0
0
0
0
0
0
0
0
0
0
0
0
0
0
0
0
0
0
0
0
0
0
0
0
0
0
0
0
0
0
0
2.36862e-15
0
0
0
0
0
0
0
0
0
0
0
0
0
0
0
0
0
0
0
0
0
0
0
0
0
0
0
0
0
0
0
0
0
0
0
0
0
0
0
0
0
0
0
0
0
0
0
0
0
0
0
0
0
0
0
0
0
0
0
0
0
0
0
0
0
0
0
0
0
0
0
0
0
0
0
0
0
0
0
0
0
0
0
0
0
0
0
0
0
0
0
0
0
1.17204e-15
0
0
0
0
0
0
-3.37195e-17
-1.25683e-17
0
0
0
0
0
0
0
0
0
0
0
0
0
0
0
0
0
0
0
0
0
0
0
0
0
-3.07595e-17
0
8.34643e-18
0
0
0
0
0
0
0
0
0
0
0
0
0
0
0
0
0
0
0
0
0
0
0
0
0
0
0
0
0
0
0
0
0
0
0
-2.33142e-16
0
0
0
0
0
0
0
0
0
0
0
-5.03738e-16
2.30357e-16
0
0
0
0
0
0
0
0
-3.91396e-15
1.61187e-15
3.67549e-18
0
0
0
0
0
0
0
0
0
0
0
0
0
-3.78888e-15
-9.75533e-15
0
0
1.49235e-15
-2.07436e-15
6.35564e-16
0
0
0
0
0
0
0
0
1.31392e-16
-1.42306e-16
0
0
0
0
0
6.30926e-15
-7.75463e-15
0
0
0
0
0
0
0
0
0
0
0
0
0
0
0
0
0
0
0
0
0
2.53571e-16
0
0
0
0
0
0
0
0
0
0
0
0
0
0
0
0
0
0
0
0
0
0
0
0
0
0
4.32614e-16
1.45721e-16
0
0
0
0
0
0
0
0
0
0
0
0
0
0
0
0
0
0
0
0
0
0
0
0
0
0
0
0
0
0
0
0
0
0
0
0
0
0
0
4.44449e-15
-4.71195e-16
0
0
0
0
0
0
0
0
0
0
0
0
0
0
0
0
0
0
0
0
-1.61569e-16
0
0
0
0
0
0
0
0
0
0
0
0
0
0
0
0
0
0
0
0
0
0
0
0
0
0
0
0
0
0
0
0
0
-1.66059e-17
3.78675e-17
0
0
0
0
0
0
0
0
0
0
0
0
0
0
0
0
0
6.9889e-15
2.80833e-17
0
0
0
0
0
0
-1.70061e-16
0
0
2.50612e-16
3.21843e-15
0
-4.17726e-15
0
0
0
0
0
0
0
0
0
0
0
0
0
0
0
0
0
0
0
0
0
0
0
0
0
0
0
0
0
0
0
0
0
0
0
0
0
0
0
0
0
0
0
0
0
0
0
0
0
0
0
0
0
0
0
0
0
1.50767e-16
0
0
0
0
0
0
0
0
0
0
0
2.36023e-14
0
0
0
0
0
0
0
0
0
0
0
1.82486e-16
0
3.4181e-17
8.74539e-17
0
0
0
1.8156e-17
-5.37586e-17
0
0
0
0
0
0
0
0
0
0
0
0
0
0
0
0
0
0
0
0
0
0
0
0
0
0
0
0
0
0
0
0
0
0
0
0
0
0
0
0
0
0
0
0
0
0
0
0
0
0
0
0
-2.52695e-16
0
0
0
0
1.56892e-16
0
0
0
0
0
0
0
0
0
0
0
0
0
0
0
0
0
0
0
0
0
0
0
0
0
0
0
0
0
-3.96384e-16
0
1.1026e-15
0
0
0
0
0
0
0
0
0
0
0
0
0
0
0
0
0
0
0
0
0
0
0
0
0
0
0
0
0
0
5.43117e-16
0
4.07635e-17
0
0
0
0
0
0
0
0
0
0
0
0
0
0
0
0
0
0
0
0
0
0
0
0
0
0
-8.89267e-15
1.22871e-13
0
0
0
0
0
0
0
0
0
0
1.1746e-15
0
0
0
0
0
0
0
0
0
0
-3.85561e-17
1.10871e-15
0
0
1.80778e-15
0
0
0
0
0
8.99715e-18
1.17456e-17
-5.56958e-16
1.40946e-16
0
0
0
0
0
0
-4.48796e-16
0
0
0
0
0
1.45797e-16
5.77547e-16
0
0
0
0
0
0
0
0
0
0
0
0
0
0
0
0
0
0
0
0
0
0
0
0
0
0
0
0
0
0
0
0
0
0
0
0
0
0
0
0
-5.65599e-16
0
0
0
0
0
0
0
0
0
0
0
0
0
0
0
0
0
0
0
0
0
0
0
0
0
0
0
0
0
0
0
0
0
0
0
0
0
0
0
0
0
0
0
0
0
0
0
0
0
0
0
0
0
0
0
0
0
0
0
0
0
0
0
0
0
0
0
0
0
0
0
0
0
0
0
0
0
0
0
0
0
0
0
0
0
0
0
0
0
0
0
0
0
0
0
0
0
0
-2.54665e-31
-7.22258e-16
0
0
0
0
0
0
0
0
0
6.3539e-18
0
0
0
0
0
0
0
0
0
0
0
0
4.14677e-17
0
0
0
0
0
0
0
0
0
0
0
0
0
0
0
0
0
0
0
0
0
0
0
0
0
0
0
0
0
0
0
-7.93552e-16
-7.44149e-17
0
0
0
0
0
0
0
0
0
0
0
0
0
0
-3.25085e-15
4.26435e-15
0
0
0
0
0
0
0
0
-4.97446e-17
0
0
0
0
0
0
0
0
0
0
0
0
0
0
0
0
0
0
0
0
0
0
0
0
0
0
0
0
8.89748e-16
0
0
0
0
-1.45818e-17
9.6291e-16
0
0
0
0
0
0
0
0
0
0
0
0
5.18668e-16
0
0
0
0
0
0
0
0
0
0
0
0
-1.16601e-15
0
0
0
0
1.855e-16
-2.79145e-16
0
0
0
0
0
0
0
0
0
0
0
0
0
0
0
0
0
0
0
0
0
0
0
0
3.60702e-16
0
0
0
0
0
0
0
0
-2.53918e-31
-1.52147e-15
2.71534e-16
2.12854e-16
0
0
0
0
0
0
0
0
0
0
0
0
0
0
0
0
0
0
0
0
0
0
0
0
0
0
0
0
0
0
0
0
1.42561e-16
6.66836e-17
-8.60121e-17
0
0
0
0
0
0
0
0
0
0
0
0
0
0
0
0
0
0
0
0
0
0
0
0
0
0
0
0
0
0
0
0
0
0
0
0
0
0
6.67241e-16
9.7936e-16
0
7.32201e-17
2.23355e-17
0
0
0
-4.37508e-17
0
0
0
0
0
0
0
0
8.29256e-16
0
5.621e-15
0
3.5981e-15
2.06021e-15
-2.27148e-15
0
0
1.93163e-15
2.44099e-17
0
0
0
0
0
0
0
0
0
-1.02057e-15
1.98942e-15
0
0
0
0
0
0
0
0
0
0
0
0
0
-5.19756e-15
0
-2.42516e-15
0
0
0
0
0
0
0
0
0
0
0
0
0
0
0
0
0
0
0
0
0
0
0
-1.16478e-16
3.72406e-16
0
0
0
0
0
0
1.28076e-17
0
1.30353e-17
0
0
0
2.71385e-16
0
1.258e-13
0
0
0
0
0
0
0
0
0
0
0
0
0
0
0
0
0
0
0
0
6.20724e-16
5.18672e-16
0
0
0
0
0
0
0
0
0
0
0
0
0
0
0
0
0
4.74486e-15
0
0
0
0
0
0
0
0
1.34547e-16
0
0
0
2.79153e-14
-7.16554e-14
0
0
0
0
0
0
0
0
0
0
0
0
0
0
0
0
0
0
0
0
0
0
0
7.19084e-17
0
0
0
0
0
0
0
0
0
0
0
0
0
0
0
0
0
0
0
0
0
0
0
-3.28839e-29
0
0
0
0
0
-3.03646e-15
0
0
0
0
0
0
0
0
0
0
0
0
0
0
0
0
0
0
0
0
0
0
0
0
0
0
0
0
0
0
0
0
0
0
0
0
0
0
0
0
0
0
0
0
0
0
0
0
0
0
0
0
0
0
0
0
0
-5.71862e-17
0
-4.50024e-17
0
0
0
0
0
0
0
0
0
0
0
0
0
0
0
0
0
0
0
0
0
0
0
0
0
0
0
0
0
0
0
0
7.62333e-17
0
0
0
0
0
0
0
0
0
0
-4.4333e-16
7.27044e-15
0
0
0
0
0
0
0
0
0
0
0
0
0
0
0
0
1.50113e-14
0
0
0
0
0
0
8.84152e-17
8.23205e-15
0
0
0
-3.29433e-16
0
0
0
0
0
0
0
0
0
0
0
0
0
0
0
0
0
0
0
0
0
0
0
0
0
0
0
0
0
0
0
0
0
0
0
0
0
0
0
2.77047e-17
0
0
-4.18523e-14
4.42682e-15
0
0
0
0
0
0
0
0
0
0
0
0
0
0
0
0
0
0
0
0
0
0
-3.81076e-15
-2.9965e-15
0
0
0
0
0
0
0
0
0
0
0
0
0
0
0
0
0
0
0
0
0
0
0
0
0
-1.02442e-15
-5.54175e-16
0
0
-3.21276e-14
-6.41317e-15
0
0
0
0
0
0
0
0
0
0
0
0
1.43035e-16
-7.76492e-17
1.96159e-16
0
0
1.47061e-15
0
2.03841e-15
0
0
0
0
0
0
0
0
6.51942e-29
0
5.12459e-14
0
0
0
0
0
0
0
0
0
0
0
0
0
0
0
0
0
0
0
0
-7.67142e-15
-2.30425e-15
0
0
0
0
0
0
0
0
0
0
0
0
0
0
0
0
0
0
0
0
0
0
0
0
0
0
0
0
8.11782e-17
0
0
-1.44737e-14
0
0
0
-6.96736e-16
0
0
0
0
0
0
0
0
0
1.36782e-14
0
0
0
0
0
0
3.08998e-14
5.07934e-15
0
0
0
0
0
0
0
0
0
0
0
0
0
0
0
0
0
0
0
0
0
0
0
0
0
0
0
0
0
0
0
0
0
0
0
0
5.58055e-18
0
0
-1.63486e-15
3.65559e-17
0
0
0
0
0
0
0
0
0
0
0
0
0
0
0
0
0
3.45641e-15
7.37884e-15
0
0
0
0
0
0
0
-2.55255e-14
2.04147e-16
-8.68085e-15
0
0
0
0
0
0
0
0
-7.82774e-14
-9.08866e-14
0
0
0
0
0
0
0
0
-1.87032e-14
0
0
0
0
0
0
0
0
0
0
0
0
0
0
0
0
0
0
0
0
0
0
0
0
0
0
0
0
0
0
0
0
0
0
0
0
0
0
0
0
0
0
0
0
0
6.77575e-16
0
0
0
0
0
0
0
0
0
0
0
3.08358e-15
0
1.30142e-16
0
0
0
0
0
0
0
0
0
0
0
0
0
0
0
0
0
0
0
0
0
0
0
-1.20799e-15
0
0
0
0
0
0
0
0
0
0
-5.63073e-17
0
0
0
0
0
0
0
0
0
0
0
0
0
0
0
0
0
0
0
0
0
0
0
0
0
9.5937e-18
0
0
0
0
0
0
0
0
0
0
0
0
0
0
0
0
0
0
0
0
0
0
0
0
0
0
0
0
0
0
0
0
0
0
0
0
0
0
0
0
0
0
0
0
0
0
0
0
0
0
0
0
0
0
0
0
0
0
0
0
0
0
-6.65858e-17
0
0
0
1.6028e-14
-2.73336e-14
0
0
0
0
0
0
0
0
0
0
0
0
0
0
0
0
5.71714e-16
0
0
2.77285e-15
0
0
0
0
0
0
0
0
0
0
0
0
0
0
0
0
0
0
0
0
0
0
0
0
0
0
0
0
0
0
0
0
0
0
0
0
0
0
0
0
0
0
0
0
0
0
0
0
0
0
0
0
0
0
0
0
0
0
0
0
0
0
0
0
0
0
0
0
0
-1.62197e-15
0
0
0
0
0
9.08071e-16
0
0
0
0
0
0
0
0
0
0
0
0
0
-1.26602e-14
0
0
0
0
0
0
0
0
0
0
1.17278e-14
-8.54376e-15
0
0
0
0
0
0
0
0
0
0
0
0
0
0
0
0
0
0
0
0
0
0
0
9.32894e-15
0
-4.35126e-14
0
0
0
0
0
0
0
0
0
0
0
0
0
0
2.48939e-34
0
0
0
0
0
0
0
0
0
0
0
0
0
0
0
0
0
0
0
-7.5179e-16
1.01866e-30
0
0
0
0
0
0
0
0
0
0
-1.08092e-16
6.9192e-15
-1.45871e-17
0
0
0
0
0
0
0
0
0
0
0
0
0
0
0
0
0
0
0
0
0
0
0
0
0
0
0
0
0
0
0
0
0
0
0
0
0
0
0
0
0
0
0
0
0
0
0
0
0
0
9.54933e-18
0
-9.38209e-16
1.50635e-17
0
0
0
0
0
0
0
0
0
6.97528e-16
5.36659e-17
0
0
0
0
0
0
0
0
0
0
0
0
0
0
0
0
0
0
0
0
0
0
0
-1.95856e-14
0
0
0
0
0
0
0
0
0
0
0
0
0
0
0
0
0
-1.59937e-15
0
2.36712e-16
0
0
0
0
0
0
0
0
0
0
0
0
0
0
0
0
0
0
0
0
0
0
0
0
0
0
0
0
0
0
0
0
0
0
0
0
0
0
0
0
0
0
0
0
0
0
0
0
0
0
0
0
0
0
2.11463e-14
-1.64597e-16
0
0
0
0
0
0
0
0
0
0
0
0
0
0
0
0
0
0
0
0
0
0
0
0
0
0
0
0
0
0
0
0
0
0
0
0
0
0
0
0
0
0
0
0
0
0
0
0
0
0
0
0
0
0
0
0
0
0
0
0
0
0
0
0
0
0
0
0
0
-3.00878e-17
0
0
0
0
0
0
0
0
0
0
0
0
0
0
0
0
0
0
0
0
0
0
0
0
0
9.58657e-15
-2.62236e-14
0
0
0
0
0
0
0
0
0
0
0
0
0
0
0
0
0
0
0
0
0
0
0
0
0
0
0
0
0
0
0
0
-6.02223e-15
0
0
0
0
0
0
-5.53436e-17
1.73904e-16
0
0
0
0
0
0
0
0
0
0
1.36999e-16
-1.79872e-16
0
0
0
0
0
0
-1.45872e-14
0
6.92795e-15
0
0
0
0
0
0
0
0
0
0
0
0
0
0
0
0
0
0
0
0
0
0
0
0
0
0
0
0
0
0
0
0
0
0
0
0
0
0
0
0
0
0
0
0
0
0
0
0
0
0
0
0
0
0
0
0
0
-2.79907e-15
-1.99391e-14
0
-3.46941e-17
4.14739e-15
0
-8.03026e-14
0
0
0
-9.35191e-17
7.04674e-15
0
0
0
0
0
0
0
0
0
0
0
0
0
0
0
0
0
0
0
0
0
0
0
0
0
0
0
0
0
0
0
0
0
0
0
0
0
0
0
0
0
0
0
0
0
0
0
0
0
0
0
0
0
0
0
0
0
0
0
0
0
0
-1.54002e-14
0
0
0
0
0
0
1.11662e-15
0
0
0
0
0
0
0
0
0
0
0
0
0
0
0
0
0
0
0
0
0
-9.33046e-18
6.28534e-18
0
0
0
0
0
0
0
0
0
0
0
0
0
0
0
0
0
0
0
0
0
0
0
0
0
0
0
0
0
0
0
0
0
0
0
0
0
0
0
0
0
0
0
0
0
0
0
0
0
0
0
0
0
0
0
0
0
0
-4.59585e-18
0
0
0
0
0
0
0
0
0
0
0
0
0
0
0
0
0
0
0
0
0
0
0
0
0
0
0
0
0
0
0
-1.1149e-15
-1.30718e-16
1.95851e-15
0
0
0
0
0
0
0
0
0
0
0
0
0
0
0
0
0
0
0
0
0
0
0
0
0
0
0
0
0
0
0
0
0
0
0
0
0
0
0
0
0
-4.13996e-14
-5.42001e-14
1.29096e-13
0
0
0
0
0
0
0
0
0
0
-1.06928e-15
0
0
0
1.42701e-16
0
0
0
0
0
0
0
0
0
0
0
0
0
0
0
0
0
0
0
0
0
-2.33818e-15
-1.06887e-16
0
0
0
0
0
-1.1997e-14
0
0
0
0
0
0
0
0
0
0
0
0
0
0
0
0
0
0
0
0
0
0
0
0
0
0
0
0
0
0
0
-1.97949e-14
0
0
0
0
0
0
0
0
0
0
0
1.85164e-16
0
0
0
0
0
0
0
0
2.88556e-16
0
0
0
0
0
0
0
0
0
0
-3.48853e-16
2.30558e-14
0
0
0
0
0
0
0
0
0
0
0
0
0
0
0
0
0
0
0
0
0
0
0
0
0
0
0
0
0
0
0
0
0
0
0
0
0
0
0
0
0
0
0
0
0
0
0
0
0
0
0
0
0
0
0
0
0
0
0
-6.66552e-14
0
0
0
0
0
0
0
0
0
0
0
0
0
0
0
0
0
6.88561e-16
3.19759e-15
0
0
1.29999e-15
0
0
0
0
0
0
0
0
0
0
0
0
0
0
0
0
0
0
0
0
0
0
0
0
0
0
0
0
0
0
0
0
0
0
0
0
0
0
0
0
0
0
0
0
0
0
0
0
0
0
0
0
-3.65113e-14
0
0
0
0
0
0
0
0
0
0
0
0
0
0
0
0
0
0
0
0
0
0
0
0
0
0
0
0
0
0
0
0
0
0
0
1.15827e-15
0
0
0
0
0
0
-2.59017e-17
-2.189e-16
0
0
0
0
0
0
1.08976e-16
0
5.91824e-15
0
0
0
0
0
0
0
0
0
0
0
0
0
0
0
0
0
0
0
-6.58422e-18
0
0
0
0
0
0
0
0
0
0
0
0
0
0
0
0
0
0
0
0
0
0
0
0
0
0
0
0
0
0
0
0
0
0
0
0
0
0
0
0
0
0
0
0
0
0
-2.57625e-14
8.24977e-14
0
8.95867e-14
0
0
0
0
7.88438e-14
0
0
0
0
0
0
0
0
0
2.16369e-14
0
0
0
0
0
0
0
6.76386e-14
0
0
0
0
0
0
0
0
0
0
0
0
0
0
0
0
0
0
0
0
0
0
0
0
0
0
0
0
0
0
0
0
0
0
0
0
0
0
0
0
0
0
0
0
0
0
-1.53301e-17
0
0
0
0
0
0
0
0
0
0
0
0
0
-1.37665e-17
0
0
0
0
0
0
0
0
0
0
0
0
0
0
0
0
0
0
0
0
0
0
0
0
0
0
0
0
0
0
0
0
0
0
0
0
0
0
0
0
0
0
0
0
0
0
0
0
0
0
0
0
0
0
0
0
0
0
0
0
8.41525e-17
0
3.05687e-16
0
0
0
0
0
0
0
0
0
-2.52536e-14
1.69687e-16
0
0
0
0
0
0
0
0
0
0
0
0
0
0
0
0
0
0
0
0
0
0
0
0
0
0
0
0
0
0
0
0
0
0
0
0
0
0
0
8.16219e-14
0
0
0
0
0
0
0
0
0
0
0
0
0
0
0
0
0
0
0
0
0
0
0
0
0
0
0
0
0
0
0
-7.33547e-15
3.13775e-14
0
0
0
0
0
0
0
0
0
0
0
0
0
0
0
0
0
0
0
0
0
0
0
0
0
0
0
0
0
0
0
0
0
0
0
0
0
0
0
0
0
0
0
0
0
0
0
0
0
0
0
0
0
0
0
0
0
0
0
0
0
0
0
0
0
0
0
0
0
0
0
0
0
0
0
0
0
0
0
0
0
0
0
0
0
0
0
0
0
0
0
0
0
0
0
0
0
0
0
0
0
0
0
0
0
0
1.6634e-14
0
0
0
0
0
0
0
0
0
-3.46978e-17
0
0
0
0
0
0
0
0
0
0
0
0
0
0
0
0
0
0
0
0
0
0
0
0
0
0
0
0
0
0
0
0
0
0
0
0
0
2.78693e-17
0
0
0
0
0
0
0
0
0
0
0
0
0
0
0
0
0
0
0
2.54418e-17
1.90933e-17
0
0
0
0
0
0
0
0
0
0
0
0
0
0
7.95017e-16
0
0
0
0
0
-3.51833e-16
0
4.90944e-16
0
0
0
0
0
0
0
0
0
0
0
0
0
0
0
0
0
0
0
0
0
0
0
0
0
0
0
0
0
0
0
0
0
0
0
0
0
-1.14742e-14
-6.39065e-17
0
0
6.31576e-15
4.81913e-15
0
0
0
0
0
0
0
0
0
0
0
0
0
0
0
0
0
0
0
0
0
0
0
0
0
0
0
0
-5.27764e-15
-5.33542e-15
0
0
1.0123e-16
0
0
0
0
0
0
0
0
0
0
0
0
0
0
0
0
0
0
0
0
0
0
0
0
0
0
0
0
0
0
0
0
0
1.58327e-15
0
0
0
0
0
0
0
0
0
0
0
0
0
0
0
0
0
0
0
0
0
0
0
4.06269e-30
0
0
0
0
0
0
0
0
0
0
0
0
0
0
0
0
0
0
0
0
0
0
0
0
0
-6.65808e-14
6.50999e-14
0
0
0
0
0
-6.55649e-17
9.2901e-17
0
0
0
0
-6.17503e-16
0
1.03815e-14
0
0
0
0
0
0
0
0
0
0
0
0
-5.58917e-15
0
0
0
0
0
0
0
0
0
0
0
0
0
0
0
-5.06423e-14
0
2.84214e-14
0
0
0
0
0
0
0
0
0
0
0
0
0
0
0
0
0
0
0
0
0
0
0
0
3.49763e-16
0
0
0
0
0
0
0
0
0
0
0
0
0
0
0
0
1.30297e-17
0
0
0
0
0
0
0
0
0
0
0
0
0
0
0
0
0
0
0
0
0
0
0
0
0
0
0
0
0
0
0
0
0
0
0
0
0
0
0
0
0
0
0
0
0
0
0
0
0
3.04463e-16
-2.85637e-16
0
0
0
0
0
0
0
0
0
0
0
0
0
0
0
0
0
0
0
0
0
0
0
0
0
0
0
0
0
0
-1.73732e-14
0
0
0
0
0
0
0
0
0
0
0
0
0
0
0
0
0
0
0
0
0
0
0
0
0
0
0
0
0
0
0
0
0
0
0
0
0
0
0
0
0
-1.22314e-16
-1.04618e-16
0
0
0
0
0
0
0
0
0
0
0
0
0
0
0
0
0
0
0
0
0
0
0
0
0
0
0
0
0
0
0
0
0
0
0
0
0
0
0
0
0
0
0
0
0
0
0
0
0
0
0
0
0
0
0
0
0
0
0
0
0
0
0
0
0
0
0
0
0
0
0
0
0
0
0
0
0
0
0
0
0
0
0
0
0
0
0
0
0
0
0
0
0
0
0
0
0
0
0
0
0
0
0
0
0
0
0
0
0
0
0
0
0
0
0
0
0
2.00554e-17
0
0
0
0
0
0
0
0
0
0
0
0
0
0
0
0
-1.94528e-17
5.47524e-18
0
0
0
0
0
0
0
0
0
0
0
0
0
0
0
0
0
0
0
0
0
0
0
0
0
0
7.85347e-15
4.05299e-17
0
0
0
0
0
0
0
0
0
0
0
0
0
0
0
0
0
0
0
0
0
0
0
0
0
0
0
0
0
0
-1.2453e-16
0
0
0
0
0
0
0
0
0
0
0
0
0
0
0
0
0
0
0
0
0
0
0
0
0
0
0
0
0
0
0
6.51304e-29
5.82706e-14
0
0
0
0
0
0
0
0
0
0
0
0
0
0
0
0
0
0
0
0
0
8.1275e-15
7.92783e-15
0
0
0
1.1685e-16
1.13035e-17
0
0
0
0
0
0
0
0
0
0
0
0
0
0
0
0
0
0
0
0
0
0
0
0
0
0
0
0
1.62286e-15
0
0
0
0
0
0
0
0
0
0
0
0
0
0
0
0
0
0
0
0
0
0
0
0
0
0
0
0
0
0
0
0
0
-3.1604e-15
-3.56558e-15
0
0
0
0
0
0
0
7.41933e-15
-2.22911e-15
0
0
0
0
0
0
0
0
0
0
0
0
0
0
0
0
0
0
0
0
0
0
0
0
0
0
0
0
0
0
3.81127e-17
2.85463e-16
0
0
0
0
-4.80522e-17
0
0
0
0
0
1.40051e-17
5.43054e-18
0
0
0
0
0
0
0
0
0
0
0
0
0
0
0
0
0
0
0
0
0
0
0
0
0
0
0
0
0
0
0
0
0
0
0
0
0
0
0
0
0
-1.38705e-16
0
9.90982e-17
0
0
0
0
0
0
0
0
0
-1.44557e-17
-3.8206e-17
0
0
0
0
0
0
0
0
0
0
0
0
0
0
0
0
0
0
0
0
0
0
0
0
0
0
0
1.29385e-14
1.56989e-14
0
0
0
0
0
0
0
0
0
0
0
0
0
0
7.09805e-14
1.01567e-30
0
0
0
0
0
0
0
0
8.87993e-16
0
0
0
0
0
0
0
0
0
0
0
0
0
0
0
0
0
0
0
0
0
0
0
0
0
0
0
0
0
0
0
0
0
0
0
0
0
0
0
0
0
0
0
-3.4733e-17
-2.30191e-14
0
0
0
0
0
0
0
0
0
0
0
0
0
0
0
0
0
0
0
0
0
0
0
0
0
0
0
0
0
0
0
0
0
0
0
0
0
0
0
0
0
0
0
0
0
0
0
0
0
0
0
0
0
0
0
0
0
0
0
0
0
0
0
-4.02686e-16
0
0
0
0
0
0
0
0
0
0
0
0
0
0
0
0
0
0
0
0
0
0
0
0
0
0
0
0
0
0
0
0
0
0
0
0
0
0
0
0
0
0
0
0
0
0
0
0
0
0
0
0
0
0
0
0
-6.61642e-17
-3.19919e-16
0
0
0
0
0
0
0
0
0
0
0
0
0
0
0
0
0
0
0
0
0
0
0
0
0
0
0
0
0
0
0
0
0
0
0
0
0
0
0
0
0
0
0
0
0
0
0
0
1.15223e-16
0
0
0
0
0
0
0
0
0
0
0
0
0
0
0
0
0
0
0
0
0
0
0
0
0
0
0
0
0
0
0
0
0
0
0
0
0
-1.51362e-16
0
0
0
0
0
0
0
0
0
0
0
0
0
0
0
0
0
0
0
0
0
0
0
0
0
0
0
0
0
0
0
0
0
2.50169e-17
0
0
0
0
0
0
0
0
0
0
0
0
0
0
0
0
0
0
0
0
0
0
0
0
0
0
0
0
0
0
0
0
0
0
0
0
0
0
0
0
0
0
0
0
0
0
0
0
0
0
0
4.54151e-17
5.68003e-15
0
0
0
-7.19703e-16
0
0
0
0
8.08802e-14
0
0
0
0
0
0
0
0
0
0
0
0
0
0
0
0
0
0
0
0
0
0
0
0
0
0
0
0
0
0
0
0
0
0
1.93865e-14
5.51647e-16
-2.00629e-16
0
0
0
0
-2.43242e-17
-2.06217e-16
0
0
0
0
0
0
0
0
0
0
0
0
0
0
0
0
0
0
0
0
0
0
0
0
0
0
0
0
0
0
-1.516e-16
-9.68325e-17
-6.80459e-18
0
0
0
0
0
0
0
0
0
0
0
0
0
0
0
0
0
1.95734e-17
0
0
-4.19916e-14
1.90393e-14
-1.17518e-16
0
0
0
0
0
0
0
0
0
0
-8.22574e-17
0
0
0
0
0
0
0
0
0
0
0
0
0
0
0
0
0
0
0
0
0
0
0
0
0
0
0
0
0
0
0
0
0
0
0
0
0
0
0
0
0
0
0
0
0
0
0
0
0
0
0
0
0
0
0
0
0
0
0
0
0
0
0
0
0
0
0
0
0
0
0
0
0
0
0
0
0
0
0
0
0
0
0
0
0
0
0
0
0
0
0
0
0
0
0
0
0
0
0
0
0
0
0
0
2.02317e-16
0
0
0
0
0
0
0
0
0
2.95001e-16
0
0
0
0
-7.90899e-17
0
0
0
0
0
0
0
0
0
-3.84351e-14
5.92667e-14
0
0
0
0
0
0
0
0
0
0
0
0
0
0
0
0
0
0
0
0
0
0
0
0
0
0
0
0
0
0
0
0
0
0
-4.10157e-17
0
0
0
1.12134e-15
0
0
0
0
0
0
0
0
0
0
0
0
0
0
0
0
0
0
0
0
0
0
0
1.58126e-15
8.14726e-14
0
0
0
0
0
0
0
0
0
0
0
0
0
0
0
0
1.50121e-14
0
0
-3.70083e-16
0
0
0
0
0
0
0
0
0
0
0
0
0
0
0
0
0
0
0
0
0
0
0
0
0
0
0
0
0
0
0
0
0
0
0
0
0
0
0
0
0
0
0
0
0
0
0
0
0
0
0
0
0
0
0
0
0
0
0
0
-2.32637e-14
0
0
0
0
0
0
0
0
0
0
0
0
-3.85233e-15
0
0
0
0
0
0
-2.37425e-15
0
8.17317e-30
0
0
0
0
0
0
0
0
0
0
0
0
0
0
0
0
0
0
0
0
0
0
0
0
0
0
0
0
0
0
0
0
8.69302e-15
8.97686e-15
0
0
0
0
0
2.3427e-14
0
0
0
0
0
0
0
0
0
0
0
0
0
0
0
0
0
0
0
0
0
0
0
0
0
0
0
0
0
0
0
0
0
0
0
0
0
0
0
0
0
0
0
0
0
0
0
0
0
0
0
0
0
0
0
0
0
0
0
0
0
0
0
0
0
0
0
0
0
0
0
0
0
0
0
0
0
0
0
0
0
0
0
0
0
0
0
0
0
0
0
0
0
0
0
0
0
0
0
1.75741e-17
5.44586e-17
0
0
0
0
0
0
0
0
0
0
0
0
0
0
0
1.41159e-17
0
0
0
0
0
0
0
0
0
0
0
0
0
0
0
0
0
0
0
0
0
0
0
0
0
0
0
0
-2.19969e-16
3.59311e-17
0
0
0
0
0
0
0
0
0
-1.58577e-16
6.44036e-16
0
0
0
0
0
0
0
0
0
0
0
0
0
0
0
0
7.09421e-16
0
0
0
0
0
0
0
0
0
0
-8.52855e-14
0
0
0
0
0
0
0
0
0
0
0
0
0
0
0
0
0
0
3.50446e-14
0
0
0
0
0
0
0
0
0
0
0
0
0
0
0
0
0
0
0
0
0
0
0
0
0
0
0
0
0
0
0
0
0
0
0
0
0
0
0
0
0
0
0
0
0
0
0
0
0
0
0
0
0
0
0
0
0
0
0
7.97101e-14
0
0
0
0
0
0
0
0
0
0
0
0
0
0
0
0
0
0
0
0
0
0
0
0
0
0
0
0
0
0
0
0
0
0
-1.62307e-16
0
0
0
0
0
0
0
0
0
0
0
0
0
0
0
0
0
0
0
0
0
0
0
0
0
0
0
0
0
0
0
0
0
0
0
0
0
0
0
0
0
0
0
0
0
0
-3.4549e-14
0
0
0
0
0
0
0
0
0
1.2805e-14
3.25901e-16
0
0
0
0
0
0
0
0
0
0
0
0
0
0
0
0
0
0
0
0
0
0
0
0
0
0
0
0
0
0
0
0
0
0
0
0
0
0
0
0
0
0
0
0
0
0
0
0
0
0
0
0
0
0
0
0
0
0
0
0
0
0
0
0
0
0
0
0
0
0
0
0
0
0
0
0
0
0
0
0
1.83088e-14
3.12983e-14
0
0
0
0
0
0
0
0
0
0
0
0
0
0
0
0
0
0
0
0
0
0
0
0
0
0
0
0
0
0
0
0
0
0
0
0
0
0
0
0
0
0
1.63931e-16
2.30961e-16
-2.38271e-16
0
0
0
0
0
0
0
0
0
0
0
0
0
0
0
0
0
0
0
0
0
0
0
0
0
0
0
0
0
0
0
0
0
-4.15571e-14
-6.14214e-14
0
0
0
0
0
0
0
0
0
0
0
0
0
0
0
0
0
0
0
0
0
0
0
0
0
0
0
0
0
0
0
0
0
0
0
0
0
0
0
0
0
0
0
0
0
0
0
0
0
0
0
0
0
0
0
0
0
0
0
0
0
0
0
0
0
0
0
0
0
0
0
0
0
0
0
0
0
0
0
0
0
0
0
0
0
0
0
0
0
0
0
0
0
0
0
0
0
-5.98153e-17
0
0
0
0
0
0
0
0
0
0
0
0
0
0
0
0
0
0
0
0
0
0
0
0
0
0
0
0
0
0
0
0
0
0
0
0
0
0
0
0
0
0
0
0
0
0
0
0
0
0
0
0
0
0
0
0
0
0
0
0
0
0
0
0
0
0
0
0
0
0
0
0
0
0
0
0
0
0
7.3331e-15
0
0
0
0
0
0
0
0
0
0
0
0
0
0
0
0
0
0
0
0
0
0
0
0
0
0
0
0
0
0
0
0
0
0
0
0
0
0
1.05794e-16
-1.55903e-15
0
0
0
0
0
0
0
0
0
0
0
0
0
0
0
0
0
0
0
0
0
0
0
0
0
0
0
0
0
0
0
0
0
0
0
0
0
0
0
0
0
0
0
0
0
0
0
0
0
0
0
0
0
0
0
0
0
0
0
0
0
0
0
0
0
0
0
0
0
0
0
0
0
0
0
0
0
0
1.12602e-14
3.23064e-14
0
0
0
0
0
0
0
0
0
0
0
0
0
0
0
0
6.66449e-14
0
0
0
0
0
0
0
0
0
0
0
0
0
0
0
0
-3.072e-17
0
0
0
0
-3.49662e-14
-2.65638e-15
0
0
0
0
0
0
0
0
0
0
0
0
0
0
0
0
0
0
0
0
0
0
0
0
0
0
0
0
0
0
0
0
0
0
0
0
0
0
0
0
0
0
0
0
0
0
0
0
0
0
0
0
0
0
0
0
0
0
0
0
0
0
0
0
0
0
0
0
0
0
0
0
0
0
0
0
0
0
0
0
0
0
0
0
0
0
0
9.39852e-15
0
0
0
0
0
0
0
0
0
0
0
0
0
0
0
0
0
0
0
0
0
0
0
0
0
0
0
0
0
0
0
0
0
0
0
0
0
0
0
0
0
0
0
0
0
0
0
0
0
0
0
0
0
0
8.26716e-16
0
0
0
0
0
0
0
0
0
0
0
0
0
0
3.28839e-29
0
0
0
0
0
0
0
0
0
0
0
6.60491e-14
0
0
0
0
0
0
0
0
0
0
0
0
0
0
0
0
0
0
0
0
0
0
0
0
0
0
0
0
0
0
0
0
0
0
0
0
0
0
0
0
0
0
0
0
0
0
0
0
0
0
0
0
0
0
0
0
0
0
0
0
0
0
0
0
0
0
0
0
0
0
0
0
0
0
0
0
0
0
0
0
0
0
0
0
0
0
0
0
0
0
0
0
0
0
0
0
0
0
0
0
0
0
0
0
0
0
0
0
0
0
0
0
0
0
0
0
0
0
0
0
0
0
0
0
0
0
0
0
0
0
0
0
0
0
0
0
0
0
0
0
0
0
0
0
0
0
0
0
0
0
0
0
0
0
0
0
0
0
0
0
0
0
0
0
0
0
0
0
0
0
0
0
0
0
0
0
0
0
0
0
0
0
0
0
0
0
0
0
0
0
0
0
0
0
0
0
0
0
0
0
0
0
0
0
0
0
0
0
0
0
0
0
0
0
0
0
0
0
0
0
0
0
0
0
0
0
0
0
0
0
0
0
0
0
0
0
0
0
0
0
0
0
0
0
0
0
0
0
0
0
0
0
0
0
0
0
0
0
0
0
0
0
0
0
0
0
0
0
0
0
0
-2.13879e-14
0
0
0
0
0
0
0
0
0
0
0
0
0
0
0
0
0
0
0
0
0
0
0
0
0
0
0
0
0
0
0
0
0
0
0
0
0
0
0
0
0
0
0
0
0
0
0
0
0
0
0
0
0
0
0
0
0
0
0
0
0
0
0
0
0
0
0
0
0
0
0
0
0
0
0
0
0
0
0
0
0
0
0
0
0
0
0
0
-9.26615e-14
4.39776e-14
0
0
0
0
0
2.29203e-16
-5.16192e-17
0
0
0
0
0
0
0
0
0
0
0
0
0
0
0
0
0
0
0
0
0
0
0
0
0
0
0
0
0
0
0
0
0
0
0
0
0
0
0
0
0
0
0
0
0
0
0
0
0
0
0
0
0
0
0
0
0
0
0
0
0
0
0
0
0
0
0
0
0
0
0
0
0
0
0
0
0
0
0
0
0
0
0
0
0
0
0
0
0
0
0
0
0
0
0
0
0
0
0
0
0
3.73053e-14
0
0
0
0
0
0
0
0
0
0
0
0
0
0
0
0
0
0
0
0
0
0
0
0
0
0
0
0
0
0
0
0
0
0
0
0
0
0
0
0
0
0
0
0
0
0
0
0
0
0
0
0
0
0
0
0
0
0
-1.54051e-17
-8.33412e-14
0
0
0
0
0
0
0
0
0
0
0
0
0
0
0
0
0
0
-2.02694e-17
0
0
0
0
0
0
0
0
0
0
0
0
0
0
0
0
0
0
0
0
0
0
0
0
0
0
0
0
0
0
0
0
0
0
0
0
0
0
0
0
0
0
0
-2.75025e-16
5.02287e-17
0
0
0
0
0
0
0
0
0
0
0
0
0
0
0
0
0
0
0
0
0
0
0
0
0
0
0
0
0
1.00665e-15
-5.06531e-17
0
0
0
0
0
0
0
0
0
0
0
0
0
0
0
0
0
0
0
0
0
0
0
0
0
0
0
0
0
0
0
0
5.29586e-15
0
0
0
0
0
0
0
0
0
0
0
0
0
0
0
0
0
0
0
0
0
0
0
0
0
0
0
0
0
0
0
0
0
0
0
0
0
0
0
0
0
0
0
0
0
0
0
0
0
0
0
0
0
0
0
0
0
0
0
0
0
0
0
0
0
0
0
0
0
0
0
0
0
0
0
0
0
0
0
0
0
0
0
0
0
0
0
0
0
0
0
0
0
0
0
0
0
0
0
0
0
0
0
0
0
0
0
0
0
0
0
0
0
0
0
0
0
0
0
0
0
0
0
0
0
0
0
0
0
0
0
0
0
0
0
0
0
0
0
0
0
0
0
0
0
0
0
0
0
0
0
0
0
0
0
0
0
0
0
0
0
0
0
0
0
0
0
0
0
0
0
0
0
0
0
0
0
0
0
0
0
0
0
0
0
0
0
0
0
0
0
0
0
0
0
6.39952e-16
4.0328e-16
0
0
0
0
0
0
0
0
0
0
0
0
0
0
0
0
0
0
0
0
0
2.86698e-16
1.21703e-16
0
0
0
0
0
0
0
0
0
0
0
0
0
0
0
0
0
0
0
0
0
0
0
0
0
0
0
0
0
0
0
0
0
0
0
0
0
0
0
0
0
0
0
0
0
0
0
0
0
0
0
0
0
0
0
0
0
0
0
0
0
0
0
0
0
0
0
0
0
0
0
0
0
0
0
0
0
0
0
0
0
0
0
0
0
0
0
0
0
0
0
0
0
0
0
0
0
0
0
0
0
0
0
0
0
0
0
0
0
0
0
0
0
0
0
0
0
0
0
0
0
0
0
0
0
0
0
0
0
0
0
0
0
0
0
0
0
0
0
0
0
0
0
0
0
0
0
0
0
0
0
0
0
0
0
0
0
0
0
0
0
0
0
0
0
0
0
0
0
0
0
0
0
0
0
0
0
0
0
0
0
0
0
0
0
0
0
0
0
0
0
0
0
0
0
0
0
0
0
0
0
0
0
0
0
0
0
0
0
0
0
0
0
0
0
0
0
0
0
0
0
0
0
0
0
0
0
0
0
0
0
0
0
0
0
0
-1.0922e-16
0
0
0
0
0
0
0
0
0
0
0
0
0
0
0
0
0
0
0
0
0
0
0
0
0
0
0
0
0
0
0
0
0
0
0
0
0
0
0
0
0
0
0
0
0
0
0
0
0
0
0
0
0
0
0
0
0
0
0
0
0
0
0
0
0
0
0
0
0
0
0
0
0
0
0
0
0
0
0
0
0
0
0
0
0
0
0
0
0
0
0
0
0
0
0
0
0
0
0
0
0
0
0
0
0
0
0
0
0
0
0
0
0
0
0
0
0
0
0
0
0
0
0
0
0
0
0
0
0
0
0
0
0
0
0
0
0
0
0
0
0
0
0
0
5.30874e-15
0
0
0
0
0
0
0
0
0
0
0
0
0
0
0
0
0
0
0
-1.79978e-17
0
0
0
0
0
0
0
0
0
0
0
0
0
0
0
0
0
0
0
0
0
0
0
0
0
0
0
0
0
0
0
0
0
0
0
0
0
0
0
0
0
0
0
0
0
0
0
0
0
0
0
0
0
0
0
0
0
0
0
0
0
0
0
0
0
0
0
0
0
0
0
0
0
0
0
0
0
0
0
0
0
0
0
0
0
0
0
0
0
0
0
0
0
0
0
0
0
0
0
0
0
0
0
0
0
0
0
0
0
7.39164e-15
-9.65424e-15
0
0
0
0
0
0
0
0
0
0
0
0
0
0
0
0
0
0
0
0
0
0
0
0
0
0
0
0
0
0
0
0
0
0
0
0
0
0
0
0
0
0
0
0
0
0
0
0
0
0
0
0
0
0
0
0
0
0
0
0
0
0
0
0
0
0
0
0
0
0
0
0
0
0
0
0
0
0
0
0
0
0
0
0
0
0
0
0
0
0
0
0
0
0
0
0
0
0
0
0
0
0
0
0
0
0
0
0
0
0
0
0
0
0
0
0
0
0
0
0
0
0
0
0
0
0
0
0
0
0
0
0
0
0
0
0
0
0
0
0
0
0
0
0
0
0
0
0
0
0
0
0
0
0
0
0
3.40563e-16
0
0
0
0
0
0
0
0
0
0
0
0
0
0
0
0
0
0
0
0
0
0
0
0
0
0
0
0
0
0
0
0
0
0
0
0
0
0
0
0
0
0
0
0
0
0
0
0
0
0
0
0
0
0
0
0
0
0
0
0
0
0
0
0
0
0
0
0
0
0
0
0
0
0
0
0
0
0
0
0
0
0
0
0
0
0
0
0
0
0
0
0
0
0
0
0
0
0
0
0
0
0
0
4.0821e-17
-1.15831e-17
0
0
0
0
0
0
0
0
0
0
0
0
0
0
0
0
0
0
0
0
0
0
0
0
0
0
0
0
0
0
0
0
0
0
0
0
0
0
0
0
0
0
0
0
0
0
0
0
0
0
0
0
0
0
0
0
0
0
0
0
0
0
0
0
0
0
0
0
0
0
0
0
0
0
0
0
0
0
0
0
0
0
0
0
0
0
0
0
0
0
0
0
0
0
0
0
0
0
0
0
0
0
0
0
0
0
0
0
0
0
0
0
0
0
0
0
0
0
0
0
0
0
0
0
0
0
0
0
0
0
0
0
0
0
0
0
0
0
0
0
0
0
0
0
0
0
0
0
0
0
0
0
0
0
0
0
0
0
0
0
0
0
0
0
0
0
0
0
0
0
0
0
0
0
0
0
0
0
0
0
0
0
0
0
0
0
0
0
0
0
0
0
0
0
0
0
0
0
0
0
0
0
0
0
0
0
0
0
0
0
0
0
0
0
0
0
0
0
0
0
0
0
0
0
0
0
0
0
0
0
0
0
0
0
0
0
0
0
0
0
0
0
0
0
0
0
0
0
0
0
0
0
0
0
0
0
0
0
0
0
0
0
0
0
0
0
0
0
0
0
0
0
0
0
0
0
0
0
0
0
0
0
0
0
0
0
0
0
0
0
0
0
0
0
0
0
0
0
0
0
0
0
0
0
0
0
0
0
0
0
0
0
0
0
0
0
0
0
0
0
1.04323e-17
0
0
0
0
0
0
0
0
0
0
0
0
0
0
0
0
0
0
0
0
0
0
0
0
4.75039e-17
0
0
0
0
0
0
0
0
0
0
0
0
0
0
0
0
0
0
0
0
0
0
0
0
2.1393e-17
0
0
0
0
0
0
0
-2.93417e-14
0
0
0
0
0
2.92348e-17
0
0
0
0
0
0
0
0
0
0
0
0
0
0
0
0
0
0
0
0
0
0
0
0
0
0
0
0
0
0
0
0
0
0
0
0
0
0
0
0
0
0
0
0
0
0
0
0
0
0
0
0
0
0
0
-6.15677e-14
0
0
0
0
0
0
0
0
0
0
0
0
0
0
0
0
0
0
0
0
0
0
0
0
0
0
0
0
0
0
0
0
0
0
0
0
0
0
0
0
0
0
0
0
0
0
0
0
0
0
0
0
0
0
0
0
0
0
0
0
0
0
0
0
0
0
0
0
0
0
0
0
0
0
0
0
0
0
0
0
0
0
0
0
0
0
0
0
0
0
0
0
0
0
0
0
0
0
0
0
0
0
0
0
0
0
0
0
0
0
0
0
0
0
0
0
0
0
0
0
0
0
0
0
0
0
0
0
0
0
0
0
0
0
0
0
0
0
0
0
0
0
0
0
0
0
0
0
0
0
0
0
0
0
0
0
0
0
0
0
0
0
0
0
0
0
0
0
0
0
0
0
0
0
0
0
0
0
0
0
0
0
0
0
0
0
0
0
0
0
0
0
0
0
0
0
0
0
0
0
0
0
0
0
0
0
0
0
0
0
0
0
0
0
0
0
0
0
0
0
0
0
0
0
0
0
0
0
0
0
0
0
0
0
0
0
0
0
0
0
0
0
0
0
0
0
0
0
0
0
0
0
0
0
0
0
0
0
0
0
0
0
0
0
0
0
0
0
0
0
0
0
0
0
0
0
0
0
0
0
0
0
0
0
0
0
0
0
0
0
0
0
0
0
0
0
0
0
0
0
0
0
0
1.34556e-14
0
0
0
0
0
0
0
0
0
0
0
0
0
0
-1.99673e-14
0
0
0
0
0
0
0
0
0
0
0
0
0
0
0
0
0
0
0
0
0
0
0
0
0
0
0
0
0
0
0
0
0
0
0
0
0
0
0
0
0
0
0
0
0
0
0
0
0
0
0
0
0
0
0
0
0
0
0
0
0
0
0
0
0
-1.1577e-17
0
0
0
0
0
0
0
0
0
0
0
0
0
0
0
0
0
0
0
0
0
0
0
0
0
0
0
0
0
0
0
0
0
0
0
0
0
0
0
0
0
0
0
0
0
0
0
0
0
0
0
1.22824e-15
0
0
0
0
0
0
0
0
0
0
0
0
0
0
0
0
0
0
0
0
0
0
0
0
0
0
0
0
0
0
0
0
0
0
0
0
0
0
0
0
0
0
0
0
0
0
0
0
0
0
0
0
0
-9.80062e-14
0
0
0
0
0
0
0
0
0
0
0
0
0
0
0
0
0
0
0
0
0
0
0
0
0
0
0
0
0
0
0
0
0
0
0
0
0
0
0
0
0
0
0
0
0
0
0
0
0
0
0
0
4.64781e-17
-8.17647e-16
0
0
0
0
0
0
0
0
0
0
0
0
0
0
0
0
0
0
0
0
0
0
0
0
0
0
0
0
0
0
0
0
0
0
0
0
0
0
0
0
0
0
0
0
0
0
0
0
0
0
0
0
0
0
0
0
0
0
0
0
0
0
0
0
0
0
0
0
0
0
0
0
0
0
0
0
0
0
0
0
0
0
0
0
0
0
0
0
0
0
0
0
0
0
0
0
0
0
0
0
0
0
0
0
0
0
0
0
0
0
0
0
0
0
0
0
0
0
0
0
0
0
0
0
0
0
0
0
0
0
0
0
0
0
0
5.6175e-16
0
0
0
0
0
0
0
0
0
0
0
0
0
0
0
0
0
4.5404e-18
-1.86852e-17
0
0
0
0
0
0
0
0
0
0
0
0
0
0
8.97303e-17
0
0
0
0
0
0
0
0
0
0
0
0
0
0
0
0
0
0
0
0
0
0
0
0
0
0
0
0
0
0
0
0
0
0
0
0
0
0
0
0
0
0
0
0
0
0
0
0
0
0
0
0
0
0
-1.99317e-16
-5.05315e-16
0
0
0
0
0
0
0
0
0
0
0
0
0
0
0
0
0
0
0
0
0
0
0
0
0
0
0
0
0
0
0
0
0
0
0
0
0
0
0
0
0
0
0
0
0
0
0
0
0
0
0
0
0
0
0
0
0
0
0
0
0
0
0
0
0
0
0
0
0
0
0
0
0
0
0
0
0
0
0
0
0
0
0
0
0
0
0
0
0
0
0
0
0
0
0
0
0
0
0
0
-1.37444e-17
0
0
0
0
0
0
0
0
0
0
0
0
0
0
0
0
0
0
0
0
0
0
0
0
0
0
0
0
0
0
0
0
0
0
0
0
0
0
0
0
0
0
0
0
0
0
0
0
0
0
0
0
0
0
0
0
0
0
0
0
0
0
0
0
0
0
0
0
0
0
0
7.4403e-14
-2.8009e-14
0
0
0
0
0
0
0
0
0
0
0
0
0
0
-1.3198e-17
0
0
0
0
0
0
0
0
0
0
0
0
0
0
0
0
0
0
0
0
0
0
0
0
0
0
0
0
0
0
0
0
0
0
0
0
0
0
0
0
0
0
0
0
0
0
0
0
0
0
0
0
0
0
0
0
0
0
0
0
0
0
0
0
0
0
0
0
0
0
0
0
0
0
0
0
0
0
0
0
0
0
0
0
0
0
0
0
0
0
0
0
0
0
0
0
0
0
0
0
0
0
0
0
0
0
0
0
0
0
0
0
0
0
0
0
0
0
0
0
0
0
0
0
0
0
0
0
0
0
0
0
0
0
0
0
0
0
0
0
0
0
0
0
0
0
-1.50146e-17
0
5.31131e-17
0
0
0
0
0
0
0
0
0
0
0
0
0
0
0
0
0
0
0
0
0
0
0
0
-1.95206e-16
-5.76344e-17
3.13127e-16
0
0
0
0
0
0
1.91185e-31
-1.07712e-14
0
0
0
0
0
0
0
0
0
0
0
0
0
0
0
0
0
0
0
0
-2.85756e-16
1.16981e-16
0
0
0
0
0
0
0
0
0
0
0
0
0
0
0
0
0
0
0
0
0
0
0
0
0
0
0
0
0
0
0
0
0
0
0
0
0
0
0
0
0
0
0
0
0
0
0
0
0
0
0
0
0
0
0
0
0
0
0
0
0
0
0
0
0
0
0
0
0
0
0
0
0
0
0
0
0
4.73035e-15
1.48759e-13
0
0
0
0
0
0
0
0
0
-6.78192e-17
0
0
0
0
0
0
0
0
0
0
0
0
0
0
0
0
0
0
0
0
0
0
0
0
0
0
2.41831e-15
0
0
0
0
0
0
0
0
0
0
0
3.20743e-17
0
0
0
-4.62847e-17
0
0
0
0
0
0
0
0
0
0
0
0
0
0
0
4.36332e-14
9.72942e-15
0
4.59643e-15
0
8.16751e-16
0
0
-2.34369e-16
0
0
0
0
0
0
0
0
0
0
0
0
0
0
0
0
0
0
0
0
0
0
3.1539e-17
0
0
0
0
0
0
0
0
0
0
0
0
0
0
0
0
0
0
0
0
0
0
0
0
0
0
0
0
0
0
0
0
0
0
0
0
0
0
0
0
0
0
0
0
0
0
0
0
0
0
0
0
0
0
0
0
0
0
0
0
0
0
0
0
0
0
0
0
0
0
0
0
0
0
0
0
0
0
0
0
0
0
0
0
0
0
0
0
0
0
0
0
0
0
0
0
0
0
0
0
0
0
0
0
0
0
0
0
0
0
0
0
0
0
0
0
0
0
0
0
0
0
0
0
0
0
0
0
0
0
0
0
0
0
0
0
0
0
0
0
0
0
0
0
0
0
0
0
0
0
0
0
0
0
0
0
0
0
0
0
0
0
0
0
0
0
0
0
0
0
0
0
0
0
0
0
0
0
0
0
0
0
0
0
0
0
0
0
0
0
0
0
0
0
0
0
0
-1.21118e-15
0
2.27e-14
0
0
0
0
0
0
0
0
0
0
0
1.23188e-13
4.5006e-14
0
0
0
0
0
0
0
0
0
0
0
0
0
0
0
0
0
0
0
0
0
0
0
0
0
0
0
0
0
0
0
0
0
0
0
0
-1.44471e-16
0
0
0
0
0
0
0
9.14882e-15
0
0
0
0
0
0
0
0
0
0
0
0
0
0
0
0
0
0
0
0
0
0
0
0
0
0
0
0
0
0
0
0
0
0
0
0
0
0
0
0
0
0
0
0
0
0
0
0
0
0
0
0
0
0
0
0
0
0
0
0
0
0
0
0
0
0
0
0
0
0
0
0
0
0
0
0
0
0
0
0
0
0
0
0
0
0
0
0
0
0
0
0
0
0
0
0
0
0
0
0
0
0
0
0
0
0
0
0
0
0
0
0
0
0
0
0
0
0
0
0
0
0
0
0
0
0
0
0
0
0
0
0
0
0
0
0
0
0
0
0
0
0
0
0
0
0
0
0
0
0
0
0
0
0
0
0
0
0
0
0
0
0
0
0
0
0
0
0
0
0
0
0
0
0
0
0
0
0
0
0
0
0
0
0
2.90056e-16
0
0
0
0
0
0
0
0
-6.25943e-14
0
0
0
0
0
0
0
0
0
0
0
0
0
6.31739e-14
0
0
0
0
0
0
-5.28979e-17
-1.52948e-30
0
0
0
0
0
0
1.1182e-15
1.00206e-15
0
0
0
0
0
0
0
0
0
0
0
0
0
0
0
0
0
0
0
0
0
0
0
0
0
0
0
0
0
0
0
0
0
0
0
0
0
0
0
0
0
0
0
0
0
0
0
0
0
0
0
0
0
0
-3.78825e-17
0
9.33557e-16
2.59602e-16
0
0
0
0
0
0
0
0
0
0
0
0
0
0
0
0
0
0
0
0
0
0
0
0
0
0
0
0
0
2.93963e-16
3.48182e-17
0
0
0
0
0
0
0
0
0
0
0
0
0
0
0
0
0
0
0
0
0
0
-2.98722e-16
0
0
0
0
1.19832e-15
0
0
0
0
0
0
0
0
0
0
0
0
0
0
0
0
0
0
0
0
0
0
0
0
0
0
0
0
0
0
0
0
0
0
0
0
0
0
0
0
0
0
0
0
0
0
0
0
0
0
0
0
0
0
0
0
0
0
0
0
0
0
0
0
8.62263e-15
-5.07604e-14
0
0
0
0
0
0
0
0
0
0
0
0
0
0
0
0
0
0
0
0
0
0
0
0
0
0
0
0
0
0
0
0
0
0
0
0
0
0
0
0
0
0
0
0
0
0
0
0
0
0
0
0
0
0
0
0
0
0
0
6.23637e-15
0
0
0
0
0
0
0
0
0
0
0
0
0
0
0
0
0
0
0
0
0
0
0
0
0
0
0
0
0
0
0
0
0
0
0
0
0
0
0
0
0
0
-2.16065e-15
0
0
0
0
0
0
0
0
0
0
0
0
0
0
0
0
0
0
0
0
0
0
0
0
0
0
0
0
0
0
0
0
0
0
0
0
0
0
0
0
0
0
0
0
0
0
0
0
0
0
0
0
0
0
0
0
0
0
0
0
8.39307e-14
-1.09493e-14
0
0
0
1.56702e-14
0
0
0
0
0
0
0
0
0
0
0
0
0
0
0
0
0
0
0
0
0
0
0
0
0
0
0
0
0
0
0
0
0
0
0
0
0
0
0
0
0
1.33671e-14
-4.43787e-15
0
-2.01433e-17
-4.34914e-15
0
0
5.94168e-14
0
0
0
0
0
0
0
0
0
0
0
0
0
3.27014e-14
0
0
0
0
0
0
0
0
0
0
0
0
0
0
0
0
0
0
0
0
0
0
0
0
0
0
0
0
0
0
0
0
0
0
0
0
0
0
0
0
0
0
0
0
0
0
0
0
0
0
0
0
0
0
0
0
0
0
0
0
0
0
0
0
0
0
0
0
0
0
0
0
0
0
0
0
0
0
0
0
0
0
0
0
0
0
0
0
0
0
0
0
0
0
0
0
0
0
0
0
0
0
0
0
0
0
0
0
0
0
0
0
0
0
0
0
0
0
0
0
0
0
0
0
0
0
0
0
0
0
0
0
0
0
0
0
0
0
0
0
0
0
0
0
0
0
0
0
0
0
0
0
0
0
0
0
0
0
0
0
0
0
0
0
0
0
0
0
0
-5.7949e-14
0
-1.85761e-14
0
0
0
0
0
0
0
0
0
0
0
0
0
0
0
0
0
0
0
0
0
0
0
0
0
0
0
0
0
0
0
0
0
0
0
0
0
0
0
0
0
0
0
0
0
0
0
0
0
-1.59753e-15
2.94143e-14
0
0
0
0
0
0
0
0
0
0
0
0
0
0
0
0
0
0
0
0
0
0
0
0
0
0
0
0
0
0
0
0
0
0
0
0
0
0
0
0
0
0
0
0
0
0
0
0
0
0
0
0
1.49919e-15
2.95881e-15
0
0
0
0
0
0
0
0
0
0
0
0
0
0
0
0
0
0
0
0
0
0
0
0
0
0
0
0
0
0
0
0
0
0
0
0
0
0
0
0
0
0
0
0
0
0
0
0
0
2.68497e-17
0
0
0
0
0
0
0
0
0
0
0
0
0
0
0
0
0
0
0
0
0
0
0
0
0
0
0
0
0
0
0
0
0
0
0
0
2.88889e-16
0
0
0
0
0
0
0
0
0
0
0
0
0
0
0
0
0
0
-7.96249e-14
0
0
0
2.839e-16
0
0
0
0
0
0
0
0
0
0
0
0
2.90761e-16
0
0
0
0
0
0
4.61303e-17
-9.11244e-16
0
0
0
0
0
0
0
0
0
-4.03847e-16
0
-6.42382e-29
0
0
-7.68543e-14
0
0
0
-1.41728e-15
-1.821e-16
0
0
0
0
0
0
0
0
0
0
0
0
0
0
0
0
0
0
0
0
0
0
0
1.35626e-16
0
0
0
0
0
0
0
0
0
0
0
1.68369e-15
0
0
0
0
0
0
0
0
0
0
0
0
0
0
0
0
0
0
0
0
0
0
0
0
0
0
0
0
0
3.56413e-14
0
0
5.92936e-14
0
0
0
0
0
0
2.24779e-17
0
0
0
0
0
0
0
0
0
0
0
1.52445e-14
-1.37303e-14
0
0
0
0
0
0
0
0
0
0
0
0
0
0
0
8.17317e-30
0
0
0
0
0
0
0
0
0
0
0
0
0
0
0
0
0
0
0
0
0
0
0
0
0
0
0
0
0
0
0
0
0
0
0
0
0
-2.78575e-15
0
0
0
0
0
0
0
0
0
0
0
0
0
0
0
0
0
0
0
0
0
0
0
0
0
0
0
0
0
0
0
0
0
4.0266e-14
0
0
0
0
0
0
0
0
0
0
2.26349e-17
2.02893e-14
0
0
0
0
0
0
0
0
0
0
0
0
0
0
0
0
0
0
0
0
0
0
0
0
0
0
-1.78317e-17
2.56905e-31
0
0
0
0
0
0
0
0
0
0
0
0
0
0
0
0
0
0
0
0
0
0
0
0
0
-4.17336e-14
-1.14886e-14
-3.0119e-14
0
0
0
0
0
0
0
0
0
0
0
0
0
0
0
0
0
0
0
0
0
0
0
0
0
0
0
0
0
0
0
0
-1.03028e-15
4.83295e-15
0
0
0
0
0
0
0
0
0
0
4.36444e-17
0
0
0
0
0
0
0
0
0
6.83322e-17
0
0
0
0
0
0
0
0
0
0
0
0
0
0
-1.27583e-14
0
0
0
0
0
0
0
0
0
0
0
0
0
0
0
0
0
0
0
0
0
0
2.80268e-14
0
0
0
0
0
0
0
0
0
0
0
0
0
0
0
0
0
0
0
0
0
0
0
-6.27573e-16
0
0
0
0
0
0
0
0
0
0
0
0
0
0
6.20266e-16
0
2.9173e-14
0
0
0
0
0
0
0
0
0
0
0
0
0
0
0
0
0
0
0
0
0
0
0
0
0
0
0
0
0
0
0
0
0
0
0
0
0
0
0
0
0
0
0
0
0
0
0
0
0
0
0
0
0
0
0
0
0
0
0
0
0
-1.15677e-14
1.71789e-14
0
0
0
-1.45489e-17
5.21904e-17
0
0
0
0
0
0
0
0
0
0
-5.86267e-17
-3.82925e-17
0
0
0
0
0
0
0
0
0
0
0
0
0
0
0
0
0
0
0
0
0
0
0
0
0
0
0
0
0
-7.85844e-17
0
0
0
0
0
0
0
0
0
0
0
0
-1.63752e-14
0
0
0
0
0
0
0
0
0
0
0
0
0
0
0
0
0
0
0
0
0
0
0
0
0
0
0
0
0
0
0
0
0
0
0
0
0
0
0
0
0
0
0
0
0
-1.40519e-17
0
0
0
0
0
0
0
0
0
0
0
-1.31228e-14
5.06619e-17
0
0
0
0
0
0
0
0
0
0
0
0
4.12363e-16
0
0
0
0
3.90521e-15
1.7352e-14
2.75591e-14
0
0
0
0
0
0
0
0
7.18715e-17
0
0
0
0
0
0
0
0
0
0
0
2.1723e-14
0
0
0
0
0
0
0
0
0
0
0
0
0
0
0
-7.5965e-17
4.37049e-17
0
0
0
0
0
0
0
0
0
0
0
0
0
0
0
0
0
0
0
0
0
0
-6.5406e-08
7.54531e-08
-7.54531e-08
7.45521e-08
-7.45521e-08
0
0
0
0
0
0
-1.6587e-14
1.43686e-16
0
0
0
0
0
0
0
0
-8.09716e-14
0
0
0
0
0
0
0
0
0
0
0
6.53547e-08
-6.53547e-08
0
0
0
0
0
0
0
0
0
0
0
0
0
0
7.08814e-08
-7.08814e-08
0
0
0
0
0
0
0
0
0
0
0
0
0
-3.96143e-08
-3.96143e-08
-3.96143e-08
-3.96143e-08
-4.12496e-08
-3.79791e-08
-5.1532e-08
-2.76967e-08
-3.96143e-08
-3.96143e-08
-3.74482e-08
-4.17805e-08
-4.29323e-08
-3.62964e-08
0
0
0
0
0
0
-4.65625e-18
3.53581e-14
0
0
0
0
0
0
0
1.13559e-14
0
-1.6953e-15
0
0
0
0
0
-1.34677e-15
0
0
0
0
0
0
0
0
0
0
-4.91219e-16
2.34035e-14
0
0
0
0
0
0
0
0
0
0
0
0
0
0
0
0
0
0
0
0
0
0
0
0
0
-1.93084e-14
0
0
0
0
0
0
0
0
0
0
0
0
0
0
0
0
0
0
0
0
0
0
0
0
0
0
0
0
0
0
0
0
0
0
0
0
0
0
0
0
0
0
0
0
0
0
0
0
0
0
0
0
0
0
0
0
0
0
0
0
0
0
0
0
0
0
3.19793e-14
1.86668e-16
0
0
0
0
0
0
0
0
0
0
0
0
0
0
0
0
0
0
0
0
0
0
0
0
-2.53727e-14
9.03209e-15
0
0
0
0
0
0
0
0
0
0
7.45425e-16
2.63917e-18
0
0
0
0
0
0
0
0
2.89202e-15
0
0
0
0
0
0
0
0
0
0
0
0
0
0
-5.85772e-14
0
0
0
0
0
0
0
0
0
0
0
0
0
0
0
0
0
-6.0552e-15
-3.86994e-14
0
0
1.30419e-15
0
0
0
0
5.16792e-16
-7.49167e-15
0
0
2.33387e-16
0
0
0
0
-2.78849e-17
0
0
0
0
0
0
0
3.64442e-14
0
0
0
-2.16661e-17
-4.88562e-16
0
0
0
0
0
0
0
0
0
-1.73619e-14
1.17714e-15
0
0
0
0
0
0
0
0
0
-1.02738e-16
1.303e-15
0
-3.96143e-08
-3.96143e-08
0
0
0
0
0
0
0
0
0
0
0
0
0
0
0
0
0
0
0
0
0
0
0
0
0
0
0
0
0
0
-8.60894e-17
-2.35842e-16
0
0
0
0
0
-1.61059e-14
0
-2.9792e-08
-4.94367e-08
-3.99335e-08
-3.92952e-08
0
0
0
0
0
0
0
0
0
0
0
0
0
2.83567e-16
0
0
0
0
0
0
0
0
0
0
0
0
0
0
0
0
0
-8.76648e-17
0
0
0
0
0
0
0
-4.4866e-08
-3.43627e-08
0
0
0
0
0
0
0
0
0
-4.42344e-08
-3.49943e-08
0
0
0
0
0
0
0
0
0
0
0
0
0
0
0
0
0
0
0
0
0
0
0
0
2.45782e-14
0
0
0
0
0
0
0
0
0
0
0
3.66711e-14
-3.96143e-08
-3.96143e-08
0
0
0
0
0
0
0
0
0
0
0
0
0
-3.97831e-08
-3.94456e-08
0
0
0
0
0
0
0
0
0
0
0
0
0
0
0
-4.11775e-08
-3.80511e-08
0
0
0
0
0
0
0
0
0
0
0
-4.07157e-16
-1.79008e-15
6.73592e-16
0
0
0
0
0
0
0
0
0
0
0
0
0
0
0
0
0
-8.14927e-30
0
0
0
0
0
0
0
0
0
0
0
0
0
0
0
0
0
0
0
0
0
0
0
0
0
0
0
0
0
0
0
0
0
0
0
0
0
0
0
0
0
0
0
0
0
1.15981e-14
0
0
0
0
0
-4.4688e-08
-3.45407e-08
0
0
-6.99041e-08
6.99041e-08
2.09037e-14
1.16359e-14
0
0
0
0
0
0
0
0
0
0
0
0
0
0
0
0
-7.3489e-08
7.3489e-08
0
0
0
0
0
0
0
0
0
0
0
0
0
0
0
0
0
0
0
0
0
0
0
0
0
0
0
0
0
0
0
0
0
0
0
0
0
0
0
0
0
0
0
0
0
0
0
0
0
0
0
0
-3.69332e-08
-4.22955e-08
0
0
0
0
0
0
0
0
0
0
0
0
0
0
0
0
0
0
0
2.99192e-14
-6.87917e-15
0
0
0
0
0
0
0
0
0
0
0
0
0
0
0
0
0
0
0
0
0
0
0
0
0
0
0
0
0
0
0
0
0
0
0
0
0
0
0
0
0
0
0
0
0
0
0
0
0
0
0
0
0
0
0
0
0
0
0
0
0
0
0
0
0
0
0
0
0
0
0
0
0
0
0
0
0
0
-7.11015e-08
7.11015e-08
6.78435e-08
-6.78435e-08
0
-3.34399e-15
-3.17022e-15
0
0
0
0
-1.36809e-17
0
0
0
0
1.77845e-16
0
0
0
0
0
0
1.41935e-15
0
0
0
0
0
0
7.85355e-08
-7.85355e-08
0
0
0
0
0
0
0
-4.74683e-08
-3.17604e-08
0
-7.20277e-08
7.20277e-08
0
0
0
0
0
0
0
0
0
0
0
0
0
0
0
1.09101e-16
-1.60414e-16
0
0
0
0
0
0
1.21576e-16
0
0
0
5.72156e-15
0
0
0
0
0
0
0
0
0
0
1.52188e-14
6.25241e-16
0
0
0
0
0
0
0
0
0
0
0
0
0
0
0
0
0
0
0
0
0
0
8.55922e-17
0
0
0
0
0
0
0
0
0
0
0
0
0
0
0
0
0
9.15594e-17
0
1.95199e-15
0
0
0
0
0
0
0
0
0
0
0
0
-4.08701e-08
-3.83586e-08
0
0
0
0
0
0
0
0
0
0
0
0
0
0
0
0
3.18247e-15
0
0
0
9.88519e-16
0
0
0
0
0
-1.65441e-16
0
0
0
0
0
0
4.24297e-14
0
0
0
-4.3945e-08
-3.52836e-08
0
0
0
0
0
0
0
0
0
0
-1.00176e-14
0
0
0
0
0
0
0
0
0
0
0
0
0
0
0
0
0
0
0
0
0
0
0
0
0
0
0
-3.35806e-16
0
0
0
0
0
0
0
0
0
5.13758e-14
0
8.16743e-15
0
0
0
0
0
0
0
0
0
0
0
0
0
-1.19007e-15
-4.48215e-16
0
0
0
0
0
0
0
0
0
0
0
0
0
0
0
0
0
-1.47101e-16
1.39752e-16
0
0
0
0
0
0
0
0
0
0
5.7981e-17
0
0
0
0
0
0
0
0
0
0
0
0
0
0
0
0
0
0
0
0
-4.57241e-16
6.07713e-17
0
0
0
0
0
0
0
0
0
0
0
0
0
0
1.62135e-16
1.44697e-15
0
0
0
0
0
0
0
0
0
0
0
0
1.88302e-16
-2.73559e-17
-5.82053e-17
1.56831e-15
0
0
0
0
0
3.20271e-16
0
0
0
0
0
0
0
0
0
0
0
0
0
0
0
0
0
0
0
0
0
0
0
0
0
0
9.11771e-16
0
0
0
0
0
0
0
-4.44588e-15
-5.26284e-15
0
0
0
0
0
0
0
0
0
-6.86141e-08
6.86141e-08
0
0
0
0
0
0
0
0
0
0
0
0
-3.14706e-15
0
0
0
0
0
0
0
0
0
0
0
0
0
0
0
0
0
0
0
0
-3.20033e-16
0
0
0
2.74496e-15
4.45803e-17
0
0
0
0
0
0
0
0
-4.15613e-16
0
0
0
0
0
0
0
0
-1.03144e-15
0
0
0
0
0
0
0
0
2.79404e-17
0
0
0
0
-7.646e-14
0
0
0
0
0
0
0
0
0
0
3.54416e-17
0
0
0
0
0
0
0
0
0
0
0
0
0
0
0
8.44738e-17
0
0
0
0
0
0
0
0
0
0
0
0
0
0
0
6.9393e-08
-6.9393e-08
0
0
0
0
0
0
0
0
0
0
0
0
0
0
0
0
0
0
0
0
0
-2.66143e-14
0
0
0
0
0
-1.5098e-14
0
0
0
0
0
-3.35968e-17
0
0
0
0
0
0
0
0
0
0
0
0
0
0
0
0
0
0
0
0
0
0
0
0
0
0
0
0
0
0
0
0
0
0
0
0
0
0
0
0
0
0
0
0
0
0
0
0
0
0
0
0
0
0
0
0
0
0
0
0
0
0
0
0
1.93635e-16
0
0
0
0
0
0
0
0
0
0
0
0
0
0
0
0
0
0
4.09229e-14
-6.92418e-08
6.92418e-08
0
0
0
0
0
0
0
0
0
0
0
0
0
0
0
0
0
0
0
0
0
0
-4.87021e-14
0
0
0
0
0
0
0
0
0
0
0
0
0
0
0
0
6.67797e-08
-6.67797e-08
0
0
0
0
0
0
0
0
0
0
0
-2.07826e-15
0
0
0
0
0
0
-7.89549e-16
2.27574e-15
0
0
0
0
0
0
0
0
0
0
0
0
0
0
0
0
0
0
0
0
-1.2938e-17
-1.08278e-17
0
-7.71528e-16
-3.05896e-30
0
0
0
0
0
0
0
0
0
0
0
0
0
0
0
0
0
0
0
0
0
0
0
0
0
0
0
0
0
0
0
0
0
0
0
0
-3.19246e-15
0
0
0
0
0
0
0
0
0
7.00831e-17
1.49428e-15
-1.36307e-15
0
0
0
-1.57276e-17
3.59113e-15
0
0
0
0
0
0
0
0
0
0
0
-2.47118e-17
0
-2.15287e-17
0
0
-2.97206e-16
2.91342e-16
0
0
0
0
0
0
0
0
0
0
0
0
0
-2.65152e-16
0
0
-5.37821e-17
0
0
0
0
0
0
0
0
0
1.72204e-16
0
0
0
0
0
0
0
0
0
0
1.79309e-15
3.03904e-15
0
0
0
0
0
0
0
0
0
0
0
0
-5.76327e-17
0
0
0
0
0
0
-1.27848e-14
-2.10553e-16
0
0
0
0
0
-4.3714e-17
6.98592e-17
-8.92202e-18
0
0
0
0
1.88473e-15
0
0
0
0
0
0
0
0
0
0
0
0
0
0
0
0
0
0
0
0
0
0
0
0
0
0
0
0
0
0
0
0
0
0
0
0
0
3.46687e-14
0
0
-1.09235e-15
0
0
0
1.01567e-30
-5.93394e-15
0
0
0
0
0
0
0
-1.08511e-14
3.74796e-14
0
0
0
0
0
0
0
5.99276e-17
0
0
0
0
0
0
0
0
0
0
0
0
0
0
0
0
0
0
0
0
0
0
0
0
0
0
0
0
0
0
0
0
0
0
0
0
0
0
0
9.94709e-16
0
0
0
0
0
0
0
0
0
0
0
0
0
0
0
0
0
0
0
0
0
0
0
0
0
-9.62198e-16
0
0
0
0
-2.01841e-16
0
0
0
0
0
0
0
0
-5.0684e-31
0
0
0
0
0
0
0
0
0
1.55879e-14
0
4.08658e-30
0
0
-7.3655e-16
0
0
0
0
0
0
0
0
6.54985e-14
0
0
0
0
0
0
0
0
0
0
0
0
0
0
0
8.39568e-17
0
0
0
0
0
-1.0541e-15
0
0
0
0
0
0
0
0
0
0
0
0
0
0
-1.30626e-16
3.4593e-17
0
0
-4.13979e-16
4.68472e-16
0
0
0
0
0
0
0
0
0
5.09329e-31
0
-7.31099e-17
0
0
0
0
0
0
0
0
0
0
0
0
0
0
0
0
0
0
0
0
0
0
0
0
0
0
0
0
0
-6.89998e-14
0
2.26681e-17
0
0
0
0
0
0
0
0
0
0
0
0
0
0
0
0
0
0
0
0
0
0
0
0
0
0
0
0
0
8.58959e-16
0
0
0
0
0
0
0
0
0
0
-1.98635e-15
0
0
0
0
0
0
0
0
0
0
0
0
0
0
0
0
0
0
1.67628e-13
0
0
0
0
0
5.68078e-17
0
0
0
0
0
-5.91127e-17
0
0
0
0
0
0
-1.23102e-17
-1.08998e-17
0
0
0
0
0
0
0
0
0
0
0
0
0
0
2.30687e-16
0
0
0
0
0
0
-3.96143e-08
-3.96143e-08
0
0
0
0
0
0
0
0
-9.14669e-16
0
0
0
0
0
7.06352e-08
-7.06352e-08
0
0
0
0
0
0
0
0
0
0
0
0
0
0
0
0
0
0
0
0
0
0
0
0
0
0
0
0
0
0
0
0
0
0
0
0
0
2.60951e-16
0
0
0
0
0
0
0
0
0
0
0
0
0
0
0
0
0
0
0
0
2.7183e-14
-2.62211e-14
0
0
0
0
0
0
0
0
0
0
0
0
0
0
0
0
0
0
0
0
0
-1.93616e-15
6.06083e-16
-1.29448e-15
4.42784e-17
0
0
0
0
0
0
0
2.24352e-15
-3.48544e-15
-2.15664e-18
0
6.37284e-32
1.46325e-14
0
0
0
0
0
0
0
0
9.36381e-18
0
0
0
0
0
0
0
0
-3.6392e-17
0
0
2.41667e-16
0
0
4.66142e-17
-2.09533e-15
0
0
0
0
0
0
0
0
0
0
0
0
0
0
0
0
0
0
0
0
0
0
0
-8.41689e-18
0
0
-9.42273e-15
0
0
0
0
0
0
0
0
0
0
0
0
0
0
0
0
0
0
0
0
0
0
0
0
0
0
0
0
0
0
0
0
0
0
0
1.50187e-15
-4.06456e-17
0
0
0
0
0
0
0
0
0
0
0
0
0
0
0
0
0
0
0
0
0
0
0
0
0
0
0
0
0
-2.88646e-17
0
0
0
0
-1.10801e-17
9.14651e-17
0
-1.34194e-14
0
0
0
0
0
0
0
0
0
2.16096e-15
0
0
0
0
0
0
0
0
0
0
0
0
0
0
0
0
0
0
1.39865e-17
-1.29476e-16
1.7624e-15
9.01295e-16
0
0
0
0
0
0
0
1.11072e-15
0
-1.52709e-15
1.1245e-16
0
0
0
0
0
0
0
0
0
0
9.69276e-16
0
0
0
4.27813e-16
-3.8426e-08
-4.08027e-08
-4.49752e-16
0
0
-1.72802e-15
-1.5334e-15
8.10734e-15
0
0
0
0
0
0
-3.96143e-08
0
0
0
0
0
0
0
0
0
0
0
0
0
0
0
0
0
0
0
3.50335e-17
-1.0506e-16
0
0
0
0
0
0
0
0
0
0
-4.84091e-17
-7.84395e-17
-1.71584e-16
0
0
0
0
0
0
0
0
0
0
0
0
0
0
-2.84034e-15
0
0
0
0
0
0
0
0
0
0
0
0
0
0
0
-8.62758e-18
0
0
0
0
0
0
0
0
0
0
0
0
0
0
0
0
0
-1.49816e-16
0
0
0
0
0
0
0
0
0
0
0
0
0
0
0
0
0
0
0
0
0
0
0
0
0
0
0
0
0
0
0
0
0
0
7.39438e-16
5.06632e-16
0
0
0
0
6.29695e-17
0
0
0
0
0
0
0
0
0
0
0
0
0
0
0
0
0
2.81084e-16
0
0
0
0
0
0
0
0
0
0
-3.95537e-14
0
0
0
0
0
0
0
0
0
0
0
0
-5.00705e-14
0
0
0
0
0
-3.20138e-17
0
0
0
0
0
0
0
0
0
-5.10823e-31
0
0
0
0
0
0
0
2.96414e-16
-9.05535e-16
0
0
-3.64981e-14
0
0
0
0
0
0
0
0
0
4.80832e-16
0
0
0
0
0
0
0
0
0
0
0
0
0
0
0
0
0
2.47511e-14
0
0
0
0
0
0
0
0
0
0
4.45911e-08
0
0
0
0
-3.18994e-14
0
8.87008e-16
0
0
0
0
0
0
-3.98803e-16
0
0
0
0
0
0
4.33896e-16
0
0
0
0
0
0
0
0
0
0
0
0
9.44254e-15
0
0
0
0
0
0
0
0
0
0
0
0
0
0
0
0
0
6.59157e-17
-1.38652e-16
0
0
0
0
0
0
0
0
-8.2159e-17
0
0
1.01428e-15
0
0
0
0
0
0
0
0
0
0
9.83876e-17
1.00882e-16
0
0
0
0
0
0
0
0
0
0
0
0
0
0
0
0
8.74005e-17
0
0
0
0
0
0
0
0
0
0
0
-3.46376e-08
0
0
0
0
0
0
-2.07589e-15
4.0003e-16
0
0
0
0
0
0
0
0
0
0
0
0
0
0
0
0
-7.00287e-17
0
0
0
0
0
5.56288e-16
0
0
0
0
0
0
-1.31938e-16
0
0
0
0
0
0
0
0
0
0
0
0
0
0
0
1.35805e-15
3.52219e-16
0
0
0
0
0
0
0
0
0
0
0
0
0
0
0
0
0
0
0
0
0
0
3.99822e-16
0
0
8.16063e-16
0
-1.68183e-16
0
9.51242e-14
-2.09913e-16
-7.22719e-15
0
0
0
0
0
0
0
0
0
0
0
0
0
0
0
-1.05863e-15
0
0
0
-1.49037e-15
0
0
0
0
0
0
0
0
0
0
0
0
0
0
0
0
0
0
0
0
0
0
-3.99316e-17
2.19675e-15
0
0
0
0
0
0
0
0
0
0
0
0
0
0
0
0
0
0
0
0
0
0
0
0
0
0
0
0
0
-3.04683e-16
0
0
0
0
0
2.67646e-17
0
0
7.73715e-15
0
0
0
0
0
0
0
0
0
0
0
0
0
-2.87007e-16
1.04783e-16
0
0
0
0
0
0
0
0
0
0
5.45563e-18
-2.54432e-15
0
0
0
5.10823e-31
0
0
0
0
0
0
0
0
0
0
0
-7.78717e-17
0
0
0
0
0
0
0
0
0
0
0
0
0
0
0
0
0
0
0
0
0
0
0
0
0
0
0
0
0
0
0
0
0
-1.56784e-14
0
0
0
0
-5.67525e-17
0
0
0
0
0
0
0
7.93738e-14
0
0
-7.21475e-17
0
-8.22097e-30
0
0
0
0
0
0
0
0
-5.09329e-31
0
-1.83079e-16
0
0
0
-2.24113e-14
0
0
0
0
0
0
0
0
0
0
0
0
0
0
0
0
0
0
0
0
0
0
0
0
0
0
0
0
0
0
0
6.28743e-16
0
0
0
0
0
0
0
0
0
-2.20397e-15
1.6155e-15
0
0
6.04061e-15
0
0
5.40487e-17
0
0
0
0
0
0
1.2234e-15
0
0
0
0
0
0
0
0
0
0
8.0212e-15
0
0
-1.40789e-16
0
0
0
0
0
0
0
0
0
0
0
0
0
0
0
-7.01709e-15
0
0
1.61019e-17
0
-5.93693e-17
0
0
0
1.42654e-16
0
0
0
0
0
0
0
0
0
0
0
0
0
1.18012e-15
0
0
0
0
0
0
0
0
0
3.6388e-15
0
0
0
0
-2.57387e-14
0
0
0
0
0
0
0
0
0
0
-6.3859e-17
3.05896e-30
0
0
0
0
0
0
0
0
0
0
0
0
0
0
0
0
0
0
0
0
0
0
0
0
0
0
0
0
0
0
2.47232e-15
-2.95828e-15
0
0
0
-1.43286e-15
0
0
0
0
0
0
0
0
0
0
0
0
0
0
0
0
0
0
0
6.86376e-15
2.3994e-17
0
0
0
0
0
0
0
0
-2.21392e-16
0
0
0
0
0
0
0
0
0
0
0
0
0
0
0
0
0
0
0
0
0
0
0
0
0
0
-1.22921e-15
0
0
0
0
0
0
0
0
0
0
0
9.57929e-17
0
0
0
0
0
-1.30006e-28
0
0
0
0
5.81322e-15
2.70843e-14
-8.13467e-17
0
0
0
0
0
0
0
0
0
0
0
0
0
0
0
0
0
0
0
0
0
0
0
0
0
6.78698e-15
0
0
0
0
1.58946e-14
3.39818e-14
0
0
0
0
2.75867e-14
-7.57773e-14
0
0
1.08797e-17
0
0
0
0
0
0
0
0
0
0
0
0
0
0
0
0
0
0
0
0
0
0
0
0
0
0
0
0
0
0
0
0
0
0
5.57016e-16
0
0
0
0
0
0
0
0
0
0
0
0
0
0
0
0
0
3.48134e-14
0
0
0
0
0
9.76444e-18
0
0
0
0
0
0
0
0
0
0
0
0
0
0
0
0
-1.39129e-15
0
0
0
0
0
0
0
0
0
0
0
0
0
0
0
0
0
0
0
0
0
0
0
0
0
0
0
0
0
0
0
0
0
0
0
0
0
0
0
-3.14404e-14
4.38523e-14
0
0
0
0
-3.34922e-16
1.3528e-18
0
0
0
0
0
0
0
0
0
0
0
0
0
0
0
0
0
0
0
0
0
0
0
0
0
0
0
0
0
0
0
-2.24394e-15
0
0
0
0
0
0
0
0
0
0
0
0
0
0
0
0
0
0
0
0
0
0
0
0
0
0
-3.9956e-14
0
0
0
0
0
-7.60475e-15
0
0
0
0
7.44245e-17
0
0
0
0
0
0
0
0
0
0
0
0
0
0
0
0
0
0
0
0
0
0
0
0
0
0
0
0
0
0
0
0
0
0
0
0
0
0
0
0
0
0
0
0
0
0
0
0
0
0
0
-3.38326e-14
0
0
0
0
0
0
1.01524e-17
-5.24643e-14
0
0
0
0
0
0
0
0
1.90663e-15
0
0
0
0
-1.04081e-17
0
0
0
0
0
0
0
0
-3.82862e-14
0
1.63528e-15
1.34047e-15
0
0
0
0
0
0
0
0
0
-5.35946e-16
0
0
0
0
0
-1.87168e-14
0
0
0
0
0
0
3.61793e-08
0
0
0
0
0
0
0
0
1.77461e-16
0
0
-1.8637e-17
-9.78142e-18
-2.19914e-17
0
0
0
0
0
0
0
0
0
0
0
0
0
0
0
0
0
0
0
0
4.90855e-17
-7.68378e-18
0
0
0
1.27247e-14
0
0
0
4.09682e-15
0
0
0
1.61724e-16
0
0
0
0
0
0
0
0
0
0
0
0
0
0
0
-3.58738e-16
0
0
0
0
0
0
0
0
0
0
0
0
0
0
0
0
0
0
0
0
0
0
0
0
0
2.81763e-15
0
0
0
0
0
0
0
1.18058e-17
0
0
0
0
0
0
0
0
0
0
0
0
0
0
0
0
0
0
4.82129e-17
1.3065e-17
0
0
0
0
0
0
0
0
0
0
0
0
0
0
0
0
0
0
0
0
4.30494e-08
0
0
0
0
0
4.89743e-15
7.96754e-17
0
-7.31993e-15
0
0
0
0
0
0
0
0
0
0
0
0
0
0
0
0
0
0
0
0
0
0
0
0
0
0
0
0
0
0
0
0
0
0
0
0
0
0
0
0
0
0
0
0
0
0
0
0
0
0
0
0
0
4.06125e-08
0
0
0
0
0
0
0
0
0
0
0
0
0
0
0
0
0
0
0
-5.71212e-16
0
0
0
0
5.01844e-08
0
0
0
-3.11149e-15
0
0
0
0
0
0
0
0
0
0
0
0
0
0
0
0
0
0
0
0
0
0
0
0
0
0
0
0
0
0
0
1.61574e-16
0
0
0
0
-2.25889e-15
0
0
0
0
0
1.58368e-16
0
0
0
0
0
4.43577e-17
0
0
0
-6.70964e-16
0
2.79235e-16
0
0
-5.23188e-08
0
0
-1.09297e-16
-5.11427e-08
0
0
0
0
0
0
0
2.95048e-16
0
0
0
0
0
0
0
0
0
0
4.00508e-16
0
0
0
0
0
0
0
0
0
0
0
2.00049e-17
0
0
0
0
0
0
0
0
0
0
0
0
0
0
4.15905e-17
0
0
0
0
0
0
0
0
0
0
0
0
0
0
0
5.23188e-08
0
0
0
0
0
0
0
0
0
0
0
1.5994e-15
-3.82498e-16
0
0
0
0
0
0
0
0
-2.41296e-15
0
0
0
0
6.38574e-17
0
0
0
0
0
0
0
0
0
0
0
0
0
0
0
0
0
0
0
0
0
0
0
0
0
0
0
-2.10452e-17
-5.0727e-18
0
0
0
-5.7797e-17
0
0
0
0
0
0
0
0
0
0
0
5.11427e-08
0
0
0
0
0
0
0
0
0
0
0
0
0
0
0
0
0
0
0
0
0
0
0
0
0
0
0
0
0
0
0
-3.44151e-17
0
7.34986e-16
0
-5.28842e-16
-3.99592e-15
0
0
0
0
0
0
0
0
0
0
0
0
0
3.92172e-15
0
0
0
1.19091e-17
0
0
0
0
0
0
0
0
0
0
0
0
0
0
0
0
0
0
0
0
0
0
0
0
0
0
0
0
0
0
0
0
0
0
0
0
0
0
0
0
0
0
-1.16853e-15
7.03467e-17
0
0
0
0
0
0
3.33771e-16
0
7.22701e-14
0
0
0
0
0
0
0
0
0
0
0
0
0
0
0
0
0
0
0
0
0
0
0
0
0
0
-4.15995e-17
-1.73384e-15
0
0
0
0
0
1.63383e-14
0
0
0
0
0
0
0
0
0
0
0
0
0
-1.28318e-16
0
0
0
0
0
0
0
0
0
0
0
0
0
0
0
0
0
0
0
0
1.01221e-15
0
0
0
0
0
0
0
0
0
0
0
0
0
0
0
0
0
0
0
-1.04196e-16
0
0
2.65068e-16
0
0
0
3.01582e-15
2.50986e-15
0
0
0
0
0
0
2.83098e-14
0
5.23183e-16
9.69057e-15
0
0
0
0
9.23041e-16
0
0
0
0
0
0
2.09584e-17
0
0
0
0
0
0
0
-1.73599e-15
0
0
0
0
0
1.47055e-16
0
0
0
0
0
0
0
0
0
0
0
-3.43028e-16
0
0
0
0
0
0
0
0
0
0
0
0
0
0
0
0
0
0
0
0
0
0
0
0
0
0
0
0
0
0
0
0
0
0
0
0
0
0
0
0
-1.22246e-16
0
0
0
0
0
0
0
0
0
0
0
0
0
0
0
0
0
0
0
0
0
1.22005e-15
0
0
0
0
2.47333e-15
0
0
-1.66065e-14
0
0
0
0
0
0
0
0
9.93699e-16
0
0
0
0
-1.60357e-15
0
0
0
0
0
0
0
0
0
0
0
0
0
0
0
0
0
0
0
0
0
0
0
0
0
0
2.19835e-16
0
0
0
0
0
0
0
0
0
0
0
0
0
0
0
0
0
0
0
0
0
0
0
0
0
-9.75004e-16
0
0
0
0
0
0
0
0
0
0
0
0
0
0
-6.31281e-14
-4.46545e-14
0
0
0
0
0
0
0
0
9.66142e-16
8.37518e-17
0
-9.22106e-15
0
0
0
0
0
0
0
0
0
0
0
0
0
0
0
0
0
0
0
0
0
0
0
0
0
0
0
0
0
0
-3.60055e-17
0
0
0
0
0
0
0
-3.38125e-16
7.28298e-16
-2.03295e-16
0
0
0
0
-1.2596e-15
0
0
0
0
0
0
0
0
0
0
0
0
0
0
0
0
0
0
0
0
0
0
0
0
0
0
0
0
0
0
0
0
0
0
0
0
0
0
-2.90443e-08
0
0
-5.49629e-16
0
0
0
0
0
0
0
0
-3.36074e-16
0
0
0
0
0
0
0
0
0
0
0
0
0
0
0
0
0
0
0
0
-6.373e-17
-1.23763e-14
0
0
2.03134e-30
0
0
0
0
0
0
0
0
0
0
0
0
0
0
0
0
0
0
0
-4.2374e-14
0
0
0
0
0
0
0
0
0
0
0
0
0
1.058e-14
0
0
0
0
0
-4.48205e-14
0
0
0
0
0
0
0
0
0
0
0
0
0
0
0
0
-5.17058e-15
0
1.90859e-15
0
0
0
0
0
0
0
0
0
0
0
1.4177e-13
0
0
0
0
0
0
0
0
0
0
0
0
0
0
0
0
0
0
0
-3.86162e-08
0
0
0
0
0
0
2.7312e-15
0
0
0
0
0
0
0
0
0
0
0
0
0
0
0
0
0
0
0
0
0
0
0
0
0
-1.78109e-14
0
0
4.46944e-17
0
0
0
0
0
0
0
0
0
0
0
0
9.55014e-18
0
0
0
0
0
0
0
0
0
0
0
0
0
0
0
0
0
0
0
0
0
0
0
0
0
3.65026e-18
0
0
0
0
0
0
0
0
0
0
1.14455e-14
0
0
0
0
0
0
0
0
0
0
0
5.10742e-15
-3.8622e-15
0
0
0
0
0
0
0
0
0
0
0
0
0
-4.9467e-14
0
-2.09381e-17
8.14813e-16
-1.70152e-15
0
-5.42985e-17
2.81655e-14
0
0
0
0
0
1.02562e-15
0
4.14094e-14
0
0
0
0
0
0
0
0
0
0
0
0
-2.79396e-17
0
0
0
0
0
0
0
0
-1.15714e-15
0
0
0
0
0
0
1.04746e-13
0
0
0
0
0
0
0
0
0
0
0
0
0
0
0
0
0
0
0
0
0
3.04944e-16
0
2.96244e-15
0
0
0
0
0
0
0
0
0
0
0
0
0
0
0
-3.85439e-16
0
1.31252e-14
0
0
0
0
0
0
0
0
-2.94216e-15
0
6.39583e-17
0
0
9.24347e-17
0
0
0
0
0
0
0
0
0
0
0
0
0
0
0
0
0
0
0
0
0
0
0
0
0
0
0
0
0
0
0
0
0
0
0
0
0
0
0
0
0
0
0
0
0
0
0
0
0
0
0
0
0
0
0
0
0
0
0
0
0
0
0
0
0
0
0
0
0
0
0
0
0
0
0
0
0
-3.06716e-14
0
0
0
0
0
0
0
0
0
0
0
0
0
-2.63047e-16
0
0
0
0
0
0
7.0041e-16
-8.3005e-17
0
0
0
0
0
0
0
0
0
3.00786e-16
0
3.6049e-15
0
0
0
0
0
0
0
0
0
-3.07852e-16
0
0
0
0
0
0
0
0
7.55133e-17
0
0
0
0
0
8.2432e-17
1.77708e-16
0
0
0
0
0
0
0
0
0
0
0
0
0
0
0
0
0
0
0
0
0
)
;

boundaryField
{
    frontback
    {
        type            empty;
        value           nonuniform List<scalar> 0();
    }
    topbottom
    {
        type            calculated;
        value           uniform 0;
    }
    outlet
    {
        type            calculated;
        value           uniform 0;
    }
    inlet
    {
        type            calculated;
        value           nonuniform List<scalar> 0();
    }
    walls
    {
        type            calculated;
        value           nonuniform List<scalar> 
45
(
0
0
-9.18423e-16
0
0
1.58457e-07
1.58457e-07
1.58457e-07
1.58457e-07
1.58457e-07
1.58457e-07
1.58457e-07
1.58457e-07
1.58457e-07
1.58457e-07
1.58457e-07
1.58457e-07
1.58457e-07
1.58457e-07
1.58457e-07
1.58457e-07
0
0
1.58457e-07
0
0
0
1.58457e-07
0
1.58457e-07
1.58457e-07
9.18423e-16
0
0
0
1.58457e-07
0
1.58457e-07
1.58457e-07
1.58457e-07
1.58457e-07
1.58457e-07
1.58457e-07
0
0
)
;
    }
    procBoundary3to1
    {
        type            processor;
        value           nonuniform List<scalar> 
205
(
9.86418e-08
0
0
0
0
-3.8002e-16
0
0
0
0
0
0
0
0
0
0
4.88836e-16
0
0
0
0
0
0
0
0
0
0
7.01822e-14
0
0
0
0
0
0
0
0
0
0
0
0
0
0
0
0
0
-7.38417e-16
0
0
0
8.05374e-15
0
0
0
0
0
0
0
-1.86139e-15
0
0
0
0
0
1.35112e-16
0
0
0
0
0
0
0
0
-9.13437e-15
0
0
0
0
0
8.8945e-15
-1.42693e-16
0
0
-7.99326e-15
0
7.75978e-15
0
0
0
0
0
0
0
0
0
0
0
0
0
0
0
0
0
0
0
0
0
0
0
0
0
0
0
0
0
0
0
0
0
0
0
0
5.7571e-16
0
0
0
0
-9.47608e-16
0
0
0
0
0
0
0
-8.95247e-15
-1.11306e-15
0
0
0
0
-1.96504e-16
0
0
0
-1.19526e-13
0
3.32832e-16
0
0
0
8.00958e-17
0
0
0
-7.96605e-33
0
0
-5.48478e-14
0
0
0
0
0
0
0
0
0
0
0
0
-7.4342e-15
0
0
1.04105e-16
0
0
-7.6217e-15
0
0
0
0
0
0
0
0
0
0
0
0
0
0
0
0
0
0
0
0
0
0
0
0
0
0
0
0
)
;
    }
    procBoundary3to2
    {
        type            processor;
        value           nonuniform List<scalar> 
99
(
0
0
0
0
0
0
0
0
0
0
0
0
-2.81932e-14
0
0
0
0
0
0
0
0
0
0
0
0
0
0
0
0
0
0
0
0
0
0
0
0
0
0
0
0
0
0
0
8.56572e-15
0
0
0
0
-4.53417e-14
0
0
0
0
0
0
0
-4.9597e-16
0
0
0
0
0
0
0
0
0
0
0
4.32746e-08
0
0
0
0
0
0
-1.28452e-16
1.61556e-15
0
0
0
0
0
0
0
0
0
0
0
0
0
-4.46799e-15
0
9.13309e-14
5.46492e-14
0
0
0
0
)
;
    }
}


// ************************************************************************* //
