/*--------------------------------*- C++ -*----------------------------------*\
| =========                 |                                                 |
| \\      /  F ield         | OpenFOAM: The Open Source CFD Toolbox           |
|  \\    /   O peration     | Version:  v2012                                 |
|   \\  /    A nd           | Website:  www.openfoam.com                      |
|    \\/     M anipulation  |                                                 |
\*---------------------------------------------------------------------------*/
FoamFile
{
    version     2.0;
    format      ascii;
    class       surfaceScalarField;
    location    "500";
    object      meshPhi;
}
// * * * * * * * * * * * * * * * * * * * * * * * * * * * * * * * * * * * * * //

dimensions      [0 3 -1 0 0 0 0];
oriented        oriented;


internalField   nonuniform List<scalar> 
20537
(
0
0
0
0
3.221e-16
1.1111e-14
0
0
0
0
0
0
0
0
0
0
0
0
0
0
0
0
4.12945e-30
4.88031e-15
0
0
0
0
0
0
0
0
0
0
0
0
0
0
0
0
0
0
-1.0396e-14
-5.8457e-14
-3.96244e-14
0
0
0
0
0
0
0
0
0
0
0
0
0
0
0
0
3.81105e-15
-1.56842e-15
0
0
0
0
0
0
0
0
0
0
0
0
0
6.97924e-08
0
0
0
0
0
0
0
0
0
0
0
0
0
0
0
0
0
0
0
0
0
0
0
0
0
0
0
0
0
0
0
0
0
0
0
0
0
0
0
0
0
0
0
0
0
0
0
0
0
0
0
0
0
0
0
0
0
0
0
0
0
0
0
0
0
1.08941e-17
-8.50215e-18
-1.35121e-14
0
-3.38568e-14
0
0
0
0
0
0
0
0
-1.22985e-15
2.12137e-17
0
0
0
0
0
0
-6.90439e-16
6.66156e-16
1.28071e-15
0
2.34663e-16
0
0
0
0
0
0
0
0
0
-1.63897e-29
-2.28113e-14
0
0
0
1.36507e-17
-8.03616e-17
0
0
0
0
0
5.11959e-16
2.21518e-18
0
0
0
0
-1.0087e-16
-1.1156e-14
3.23596e-14
-8.46711e-14
9.53098e-14
0
-1.00801e-13
0
0
0
-1.33854e-15
0
-6.08823e-16
0
-5.15626e-16
0
0
0
0
0
0
0
0
0
0
0
0
0
0
0
0
0
0
0
0
0
0
0
0
0
0
0
0
0
0
0
0
0
0
0
0
0
0
3.78913e-14
0
0
0
0
0
0
0
0
0
0
0
0
0
0
0
0
0
-1.16595e-16
3.48549e-16
0
0
0
0
0
0
0
0
0
0
0
0
0
0
0
0
0
0
0
0
0
0
0
0
0
0
0
0
0
0
0
0
0
0
0
0
4.77883e-17
-1.02552e-16
0
0
0
0
0
0
0
0
0
0
0
0
0
0
0
0
0
1.37082e-16
0
0
0
0
0
0
0
0
0
0
0
0
0
0
0
0
0
0
0
0
0
-1.02384e-16
0
0
-3.98516e-16
0
0
0
0
0
0
0
0
0
1.94046e-16
1.18674e-16
-5.33539e-15
0
-1.22299e-16
-8.77068e-18
-1.10587e-15
0
0
-2.25111e-14
8.89906e-15
0
0
0
0
-2.92339e-15
0
-2.1333e-15
0
0
0
0
0
0
0
0
0
0
0
1.30269e-15
-7.29932e-16
0
0
0
0
0
0
0
0
0
0
0
1.47371e-14
0
0
0
0
0
0
0
0
0
0
0
0
0
0
0
0
-1.59427e-17
8.1165e-17
0
0
0
0
0
0
0
0
0
0
0
0
0
0
0
0
0
-1.15333e-16
0
0
0
0
0
0
-2.57278e-16
0
0
0
0
0
0
0
4.39562e-14
6.87507e-14
0
0
0
0
0
0
0
0
0
0
0
0
0
0
-1.49804e-16
0
0
0
0
0
0
0
-1.06528e-14
0
0
0
0
0
0
0
0
-5.75018e-17
0
0
0
0
0
0
0
0
-1.97415e-15
0
0
0
0
0
2.59832e-14
0
0
0
0
4.12037e-15
0
0
0
0
0
0
0
0
-9.25753e-14
-1.36354e-14
0
0
0
-2.79408e-15
0
3.47618e-15
0
0
0
-1.62898e-15
2.28347e-15
0
0
0
0
0
0
0
0
0
0
0
0
0
0
0
-2.81842e-14
-2.64948e-16
0
0
0
0
0
0
0
0
0
0
0
0
0
0
0
0
0
0
0
0
0
0
0
0
0
0
0
0
0
0
0
0
0
0
0
0
0
0
0
0
-8.62202e-16
-1.52096e-17
0
0
0
0
0
0
0
0
0
0
0
0
0
0
0
0
0
0
0
0
0
0
0
0
0
0
0
0
0
0
0
0
0
-1.91838e-15
0
0
0
0
0
0
0
0
4.59879e-17
-4.78503e-17
-1.06266e-16
0
0
0
0
0
0
0
0
0
0
0
0
0
0
0
-3.84133e-15
0
7.98109e-16
0
0
0
0
0
0
0
3.10049e-16
-4.2271e-08
-7.13663e-08
7.68269e-31
0
5.9821e-17
0
0
0
0
3.39352e-14
0
1.09789e-15
0
0
0
0
0
0
0
0
0
0
0
0
0
0
0
0
0
0
0
0
0
0
0
0
0
0
0
0
0
0
0
0
0
0
0
0
0
0
0
0
0
0
0
0
0
0
0
0
-1.08564e-15
1.80298e-15
0
1.29792e-16
0
1.55932e-14
0
0
0
0
0
0
0
0
0
0
0
0
0
0
0
0
0
0
0
0
0
0
0
0
0
0
0
-4.1222e-15
-4.2969e-16
0
0
0
0
0
0
0
0
0
0
0
0
0
0
0
0
0
0
0
0
0
0
0
0
0
0
0
0
0
0
0
0
0
0
0
0
0
0
0
0
0
0
0
0
0
0
0
0
0
0
0
0
0
0
0
0
0
0
0
0
1.09168e-15
1.2021e-16
0
0
0
0
0
0
0
0
0
0
0
0
0
0
0
0
0
0
0
0
0
0
0
-1.56545e-15
0
0
0
0
0
0
0
0
0
0
0
0
-8.16789e-14
4.73603e-16
1.47123e-15
0
0
0
0
0
0
0
0
0
0
0
0
0
0
0
0
0
0
0
-1.30482e-15
-1.10687e-15
-1.69489e-13
3.71407e-14
0
0
0
0
0
0
0
0
0
0
0
0
0
-7.95055e-18
0
0
0
0
0
0
0
0
0
0
0
0
0
0
0
0
0
0
0
0
0
0
0
0
0
0
0
0
-3.08312e-15
0
0
0
0
1.95686e-14
0
0
0
0
0
0
0
0
0
0
-8.106e-16
-3.75975e-16
0
0
0
0
0
0
0
0
3.67748e-15
0
1.3364e-15
1.04217e-14
0
0
0
0
0
0
0
0
0
0
0
0
0
0
0
0
0
0
-1.57269e-14
1.6954e-14
2.09626e-13
0
0
0
0
0
0
0
0
0
0
0
0
0
0
0
0
-1.56516e-14
3.2979e-15
0
-1.32351e-16
4.86806e-16
-4.29373e-16
0
0
0
0
0
0
0
0
0
0
0
0
0
0
0
0
0
0
0
0
0
0
0
0
0
0
0
0
0
0
0
0
0
0
0
0
0
0
0
0
0
0
0
0
0
0
0
0
0
0
0
0
0
0
0
0
0
0
0
0
6.17889e-15
-2.38964e-15
0
6.09703e-16
0
-2.04175e-16
0
0
0
0
0
0
0
0
0
0
0
0
0
0
0
0
0
0
0
0
0
0
0
0
0
0
0
0
0
0
0
0
0
0
0
0
0
0
0
0
0
0
0
0
0
0
0
0
0
0
0
0
0
0
-9.46517e-16
0
0
0
0
0
7.49015e-15
6.16485e-15
1.05803e-16
0
0
0
0
0
0
0
0
0
0
0
0
0
0
0
0
0
0
0
0
0
0
0
0
0
0
4.49909e-15
9.11478e-15
0
0
0
0
0
0
0
0
0
0
0
0
0
0
0
0
0
0
0
0
0
5.32913e-14
-6.6101e-14
0
0
0
0
0
0
0
0
0
0
0
0
4.32939e-17
0
1.52376e-15
0
0
0
0
0
0
0
0
0
0
0
0
0
0
0
0
0
0
0
0
0
0
0
0
0
0
0
0
0
0
0
-6.20657e-16
-2.93429e-19
0
0
0
0
0
0
0
0
0
0
0
0
0
0
0
0
0
0
0
0
0
0
0
0
0
0
0
0
0
0
0
-5.64968e-17
-3.00049e-16
0
0
0
0
0
0
0
0
0
0
0
0
0
4.28833e-16
-3.92147e-16
1.00713e-16
0
0
0
0
0
0
0
-2.65743e-14
3.8076e-14
0
0
-1.33215e-13
8.44551e-14
-2.07786e-14
0
0
0
0
0
0
0
0
-3.43297e-17
-2.44907e-14
0
0
0
0
0
0
0
0
0
0
0
2.14904e-16
-3.95808e-16
0
0
0
0
0
0
0
0
0
0
0
0
0
0
0
0
0
0
0
0
0
0
0
0
0
0
0
3.08254e-17
1.05957e-16
0
0
0
0
0
0
0
0
0
0
0
0
5.37461e-14
0
0
0
0
0
0
0
0
0
0
0
0
0
0
0
0
0
0
0
0
0
0
0
2.72758e-16
-3.65748e-14
0
0
0
0
0
0
0
-3.83362e-16
0
0
0
0
0
0
0
0
0
0
0
0
0
0
0
-1.12253e-15
-3.59316e-15
0
-3.45444e-14
7.17259e-15
0
0
0
0
0
0
0
0
0
0
0
0
0
0
0
0
0
0
0
0
0
0
0
0
0
0
0
0
0
0
-5.27328e-14
0
3.89068e-17
-9.35388e-17
0
2.10471e-14
0
1.65316e-15
-1.71641e-16
2.7473e-16
0
0
0
2.04994e-16
-4.66364e-16
0
0
0
0
0
0
0
0
0
0
0
0
0
0
0
0
0
0
0
0
0
0
0
0
0
0
0
0
0
0
0
0
0
0
0
0
0
0
0
0
0
0
0
0
0
0
0
0
0
0
0
0
0
0
0
0
0
0
7.15959e-16
0
0
0
0
0
0
0
0
0
0
0
0
0
0
0
0
0
0
0
0
0
0
0
0
0
0
0
0
0
0
0
0
0
0
0
0
0
0
0
0
-1.27836e-13
0
9.64475e-14
0
0
0
0
0
0
0
0
0
0
0
0
0
0
0
0
0
0
0
0
0
0
0
0
0
0
0
0
0
0
0
0
0
0
0
0
0
0
0
0
0
0
0
0
0
0
0
0
0
0
-3.14693e-17
3.19076e-15
2.30929e-16
0
0
0
0
0
0
0
0
0
0
0
0
-1.56162e-17
1.09326e-15
0
0
0
0
5.36668e-16
8.19605e-16
0
0
0
0
0
0
0
0
0
0
0
0
0
0
-2.96393e-16
0
1.02036e-30
0
0
0
0
0
0
0
0
0
0
0
0
-6.14109e-15
0
0
0
0
0
0
0
2.96159e-16
-2.02566e-15
0
0
0
0
0
0
0
0
0
-3.36766e-15
3.71351e-17
0
0
0
0
0
0
0
0
0
-8.32534e-14
1.94489e-14
4.8789e-14
0
1.37441e-16
0
0
0
0
0
0
0
0
0
0
0
0
0
0
0
0
0
0
0
0
0
0
0
0
0
0
0
0
0
0
0
6.36154e-16
0
-1.14382e-16
0
0
0
0
0
0
0
0
0
0
0
0
0
0
0
0
0
0
0
0
0
0
0
0
0
0
0
0
0
0
0
0
0
0
-7.44169e-17
3.90348e-17
0
0
0
0
0
0
0
0
0
0
0
0
0
0
0
0
0
0
0
-1.72409e-14
-6.37234e-14
2.69948e-14
0
0
0
0
0
0
0
0
0
0
0
0
0
0
0
0
0
0
0
0
0
0
0
0
0
0
0
0
0
0
0
0
0
0
0
0
0
0
0
0
0
0
0
0
0
0
0
0
0
0
0
0
0
0
0
0
0
0
0
0
0
0
0
0
0
9.04674e-15
0
0
0
0
0
0
0
0
0
0
3.00326e-14
0
0
0
0
0
0
0
0
0
0
0
0
0
0
0
0
0
0
0
0
0
0
0
0
0
0
0
1.05637e-15
1.47558e-16
0
0
0
0
0
0
0
0
0
8.31462e-17
0
0
0
0
0
0
0
0
0
0
0
0
0
0
0
0
0
9.4713e-16
-1.28295e-31
0
0
0
0
0
-7.31104e-17
0
0
0
0
0
1.77488e-14
0
0
0
9.71198e-16
0
0
0
0
0
0
0
0
0
0
0
0
0
0
0
0
0
0
0
0
0
-7.98111e-17
0
0
0
0
2.18048e-16
0
0
0
0
-1.10724e-15
-7.79388e-17
0
0
0
0
0
0
0
0
0
0
0
0
0
0
0
0
0
0
0
0
0
0
0
0
0
0
0
0
0
0
0
0
0
0
0
0
0
5.23276e-15
7.689e-16
0
0
0
0
1.07421e-13
0
3.8165e-16
0
0
0
0
0
0
0
0
0
0
0
0
0
0
0
0
0
0
0
0
0
0
0
0
0
0
0
0
0
-8.63846e-14
5.63312e-14
-1.00399e-16
0
0
0
0
0
0
0
0
0
0
0
0
0
0
0
0
0
0
0
0
0
1.68631e-16
-4.03857e-17
-1.72806e-17
0
0
0
0
0
0
0
0
0
0
0
0
0
0
0
0
0
0
0
0
0
0
0
-1.6068e-14
0
0
0
0
0
0
0
0
0
0
0
0
0
0
0
0
0
0
0
0
0
0
0
0
0
0
0
0
0
0
0
0
0
0
0
0
0
0
0
0
0
0
0
0
0
0
0
0
0
0
0
0
0
0
0
0
0
0
0
0
0
0
0
0
0
0
0
0
0
0
0
0
0
0
0
8.28845e-18
1.60191e-17
0
0
0
0
0
0
0
7.31927e-16
0
0
0
0
1.85707e-16
5.90877e-17
5.21683e-15
0
0
0
0
0
0
0
0
0
0
0
0
0
0
0
0
0
0
0
0
0
0
0
0
0
0
0
0
0
0
0
0
2.82598e-17
9.11929e-18
0
0
0
0
0
0
0
0
0
0
0
0
0
0
0
0
0
0
0
0
0
0
2.84919e-15
1.90409e-16
0
0
0
0
-1.48556e-15
-1.17279e-15
-1.5693e-14
0
0
0
0
0
0
0
1.54928e-16
-8.33053e-14
0
0
0
0
0
0
0
0
0
0
0
0
0
0
0
0
0
0
0
0
0
0
0
0
0
0
0
0
0
0
-5.88829e-17
1.19267e-15
0
0
0
0
0
0
0
3.25234e-29
-7.57125e-15
0
0
0
0
0
0
0
0
0
0
0
0
0
0
0
0
0
0
0
0
0
0
0
0
0
0
0
0
0
0
0
0
0
0
0
0
3.11891e-16
-1.36224e-16
-1.49677e-16
0
0
0
0
0
0
0
0
2.5297e-18
0
0
0
-4.28572e-14
-4.45449e-14
0
0
0
0
0
0
0
0
0
0
0
0
0
0
0
0
0
0
0
0
0
0
0
0
0
0
0
0
0
0
0
0
0
0
0
-3.05365e-14
0
0
0
0
0
0
0
0
0
0
0
0
0
0
0
0
0
0
0
0
0
0
0
0
0
0
2.57162e-16
0
0
0
0
-1.5132e-16
-1.02336e-30
0
0
0
0
0
0
0
0
0
0
0
0
0
0
0
0
0
0
0
0
0
0
4.73807e-16
6.93093e-18
0
0
-2.04995e-16
0
6.17513e-16
0
0
0
0
0
0
0
0
0
0
0
0
0
0
0
0
0
0
0
0
0
0
0
0
0
0
0
0
0
0
0
0
0
0
0
0
0
0
0
0
0
0
0
0
0
0
0
0
0
0
0
0
0
0
0
0
0
0
0
0
1.57578e-14
8.47285e-15
-2.07574e-16
5.85358e-17
0
0
0
0
0
0
0
0
0
0
-1.30254e-16
0
0
0
0
0
0
0
0
0
0
0
0
0
0
0
0
0
0
0
0
0
0
0
0
0
0
0
0
0
0
0
0
0
0
0
0
0
0
0
0
0
0
0
0
0
0
0
0
0
0
0
0
0
0
0
0
0
0
0
0
0
0
0
0
0
0
0
0
0
0
0
0
0
0
0
0
0
0
0
0
0
0
0
0
0
0
0
0
0
0
0
0
0
0
0
0
0
0
0
0
0
0
0
0
0
0
0
0
0
0
0
0
0
0
0
0
0
2.07741e-14
0
-1.00483e-14
0
0
0
0
0
0
0
0
0
5.4055e-16
0
0
-1.14405e-14
-1.36715e-14
0
0
0
0
0
0
0
0
0
2.80542e-16
0
0
0
0
0
0
0
0
0
0
0
0
0
-1.35194e-16
-2.07069e-17
0
0
0
0
0
0
0
0
0
0
0
0
0
0
-4.4339e-16
0
0
0
0
0
0
0
0
0
0
0
0
0
0
0
0
0
-3.08955e-14
0
0
0
-9.03103e-17
0
0
0
0
-9.45507e-15
0
5.88785e-15
0
0
0
0
0
0
0
0
0
0
0
0
0
0
0
0
0
0
0
0
0
0
0
0
0
0
0
0
0
0
0
0
0
0
0
0
0
0
0
0
0
0
0
0
0
0
0
0
0
0
0
0
1.53298e-17
-8.40459e-17
-2.39823e-15
0
0
0
0
0
0
0
0
0
0
0
0
0
0
0
0
0
0
0
0
0
0
0
0
0
0
0
0
0
-3.00105e-33
0
-4.7401e-17
0
7.76629e-15
0
0
0
0
0
0
0
0
0
0
0
2.98682e-14
2.9707e-14
0
0
0
0
0
0
0
0
0
0
0
0
0
0
0
0
1.6862e-15
-2.78717e-16
0
0
0
0
0
0
0
0
0
0
0
0
0
0
0
0
-6.79812e-15
0
0
0
0
0
0
0
0
0
-7.33323e-18
0
0
0
0
-3.58176e-15
-7.82261e-14
0
0
0
0
0
0
0
1.76517e-14
0
0
0
0
0
-3.12036e-14
2.72256e-14
0
0
0
0
0
0
0
0
0
0
0
0
0
0
0
0
0
0
0
0
0
0
0
0
0
0
0
0
0
0
0
0
0
0
0
0
0
0
0
0
0
0
0
0
0
0
0
0
0
0
0
0
-5.30666e-15
0
0
0
0
0
0
0
0
0
0
0
0
0
0
0
0
0
0
0
0
0
0
0
0
0
0
0
0
0
0
0
0
0
0
0
0
0
0
0
0
0
0
0
0
0
0
0
0
0
0
0
0
-1.71842e-14
0
0
0
0
0
0
0
0
0
0
0
0
0
0
0
0
0
0
0
0
0
0
-5.4531e-16
0
-1.09518e-14
-3.91341e-14
-4.14058e-14
0
0
0
0
0
0
0
0
0
0
0
0
0
0
0
0
0
-8.25889e-30
0
0
0
0
0
0
0
0
0
0
0
0
0
0
0
0
0
0
0
0
0
0
0
0
0
0
0
0
0
0
0
0
0
0
0
0
0
-1.12962e-16
1.80669e-15
0
0
0
0
0
0
0
0
0
0
0
0
0
0
0
0
0
0
0
0
0
0
0
0
0
0
0
0
0
0
0
0
0
0
0
0
0
0
0
0
0
0
1.1422e-17
-2.53456e-17
0
0
0
0
0
0
0
0
0
0
0
0
0
0
0
0
0
0
0
0
0
0
0
0
0
0
0
0
0
0
6.02222e-17
-4.78163e-16
0
6.80969e-15
0
0
0
2.05226e-15
5.76887e-16
0
0
0
0
0
0
0
0
0
0
0
0
0
0
0
0
0
0
0
0
0
0
0
0
0
0
0
0
0
0
0
0
0
0
0
0
0
0
0
0
0
0
0
0
0
0
1.36917e-15
0
2.76681e-15
0
0
0
0
0
0
0
0
0
0
0
0
0
0
0
0
0
0
0
0
0
0
0
0
0
0
-1.02436e-30
0
0
0
0
0
0
0
0
0
0
0
0
2.5953e-14
2.22279e-14
0
0
0
0
0
0
0
0
0
0
0
0
0
0
0
0
0
0
0
0
0
4.14464e-14
4.89848e-14
0
0
0
0
0
0
0
-9.16754e-17
-1.03067e-15
-4.69118e-16
0
0
0
0
0
0
0
0
0
-3.82357e-17
-1.11056e-15
0
0
0
0
0
-5.57008e-17
7.77924e-17
0
0
0
0
0
0
0
0
0
0
0
0
0
0
0
0
0
0
0
0
0
0
0
0
0
0
0
-4.13748e-17
9.12605e-16
0
-1.2002e-15
0
0
0
0
0
0
0
0
0
0
0
0
0
0
0
0
0
0
-7.61884e-17
-3.72844e-17
0
0
1.17417e-15
0
0
0
0
0
0
0
0
5.63827e-17
0
0
0
0
3.02184e-17
0
0
0
0
0
0
0
0
0
0
0
0
0
0
0
0
0
0
0
0
0
0
0
0
0
0
0
0
0
0
0
0
0
0
0
0
0
0
0
0
0
0
0
0
0
0
-1.27089e-13
0
3.83917e-14
0
0
0
0
0
-5.84063e-18
-2.1298e-18
0
0
0
0
0
0
0
0
0
0
0
0
0
0
0
0
0
0
0
0
0
0
0
0
0
0
0
0
0
0
0
0
0
0
-2.95086e-17
0
0
0
0
0
-2.95199e-14
0
0
0
0
0
0
0
0
0
0
-2.93299e-16
-3.84685e-18
0
0
0
0
0
0
0
0
0
0
0
0
0
0
0
0
0
0
0
0
0
0
0
0
0
0
0
0
0
0
0
0
0
0
0
2.17895e-17
0
0
0
0
0
-2.0232e-15
4.83623e-14
0
0
0
0
0
0
0
0
0
0
0
0
0
0
0
0
0
0
0
0
0
0
0
0
0
0
0
0
0
0
0
0
-2.84135e-14
0
0
0
0
0
0
0
0
0
0
0
0
0
0
0
0
0
0
0
0
0
0
0
0
0
0
0
0
0
-3.46506e-17
0
0
0
0
0
0
0
-3.02377e-16
1.0103e-14
0
0
0
0
0
0
0
0
0
0
0
0
0
0
0
0
0
0
0
0
0
0
5.46505e-15
0
0
0
0
0
0
-6.53994e-16
1.64074e-16
0
0
0
0
0
0
0
0
0
0
0
1.648e-16
-2.67982e-14
0
0
-6.39904e-18
-3.81795e-16
9.86886e-18
0
0
0
0
-2.24933e-14
-6.53029e-29
0
0
0
0
0
0
0
0
0
0
0
0
0
0
0
0
0
0
0
0
0
0
0
0
0
0
0
-1.31153e-15
0
0
0
0
0
0
0
0
0
0
0
0
0
0
0
0
0
0
0
0
0
0
-8.1585e-16
2.08988e-14
0
0
0
0
0
0
0
0
0
0
0
0
0
0
0
0
9.08063e-17
-4.64185e-17
0
0
0
0
0
0
0
0
0
0
0
0
1.12698e-13
0
0
0
0
0
0
0
0
0
0
0
0
0
0
0
0
0
0
0
0
0
0
0
0
0
0
7.23442e-15
-1.10733e-14
0
0
0
0
4.50229e-15
0
0
0
0
0
0
0
0
0
0
0
0
0
0
0
0
0
0
0
0
0
0
0
1.14529e-15
0
0
0
0
0
0
0
0
7.79566e-15
-7.15674e-15
0
0
0
0
0
0
0
0
0
0
0
0
0
0
0
0
0
0
0
0
0
0
0
0
0
0
0
0
0
0
0
0
0
0
0
0
0
0
0
0
0
0
1.08937e-15
-1.29098e-15
0
0
0
0
0
0
0
0
0
0
1.88772e-14
0
-1.69402e-14
0
0
0
0
0
0
0
0
0
0
0
0
0
0
0
0
0
0
0
0
0
0
-1.0299e-15
0
4.85418e-16
0
0
0
0
0
0
0
0
0
0
0
0
0
1.23472e-17
1.69324e-17
-9.49613e-17
0
-1.30793e-16
0
0
0
0
0
-1.38505e-16
0
0
0
0
0
0
0
0
0
0
-2.23181e-16
0
0
0
0
0
0
0
-7.7462e-18
0
0
0
0
0
0
0
9.93277e-18
0
0
0
0
0
0
0
0
0
0
0
0
0
0
0
0
0
0
0
0
0
0
0
-8.89563e-16
3.7542e-16
0
0
0
0
0
0
0
0
0
0
0
0
0
0
0
0
0
0
0
0
0
0
0
0
0
0
0
0
0
0
0
0
0
0
0
0
0
0
0
0
0
0
0
0
0
0
0
0
0
0
0
0
0
0
0
0
0
0
0
0
0
0
0
0
0
0
7.76933e-18
0
0
0
0
0
0
0
0
0
0
0
0
0
0
0
0
0
0
0
0
0
0
0
0
0
0
0
0
0
0
0
0
0
0
0
0
0
0
0
0
0
0
0
0
0
0
0
0
1.071e-17
0
0
0
0
0
0
0
0
0
0
0
0
0
0
0
0
0
0
0
0
0
0
0
0
-3.83596e-14
-2.21448e-15
0
0
0
0
0
0
0
0
0
1.11799e-17
0
0
0
0
0
0
0
0
0
0
0
0
0
0
0
0
0
0
0
0
0
0
0
0
0
0
0
0
0
0
0
0
0
0
0
0
1.48303e-14
1.16773e-14
0
5.22156e-16
0
0
0
0
0
0
0
5.06061e-17
2.13618e-16
0
0
0
0
0
0
0
0
0
0
0
0
0
0
0
0
0
0
0
0
0
0
-8.13127e-14
0
0
0
0
0
0
0
0
0
0
0
0
0
0
0
0
0
0
0
0
0
0
0
0
0
0
0
0
0
0
0
0
0
0
3.20387e-14
0
-2.29197e-14
0
0
0
0
0
0
0
0
0
0
0
0
0
0
0
0
0
0
0
0
0
0
0
0
0
0
0
0
0
0
0
0
0
0
0
0
0
0
0
0
-4.77829e-15
0
0
0
0
0
0
0
0
0
0
0
0
0
0
0
0
0
0
0
0
0
0
0
0
0
0
0
0
0
0
0
0
0
0
0
0
0
0
0
0
0
0
0
0
0
0
0
0
0
0
0
0
0
0
0
0
0
0
-3.40514e-16
0
0
0
0
0
0
-5.24228e-14
-1.62185e-13
0
0
0
0
0
0
0
0
0
0
0
0
0
0
0
0
0
0
0
0
0
0
0
0
0
0
0
0
0
0
0
0
0
0
0
0
0
0
0
0
0
0
0
0
0
0
0
0
0
0
0
0
-3.41692e-16
0
0
-1.00707e-15
5.26071e-16
-3.56142e-15
0
0
0
0
0
0
0
0
0
0
0
0
0
0
0
0
0
5.50415e-17
-1.82427e-17
0
0
0
0
0
0
0
0
0
0
0
0
0
0
0
0
0
0
0
0
0
0
0
0
0
0
0
0
0
0
0
0
0
0
0
0
0
0
0
0
0
0
0
0
-5.46322e-14
-3.96453e-14
0
0
0
0
0
0
0
0
0
0
0
0
0
0
0
0
0
0
0
0
0
0
0
0
1.04227e-17
2.5659e-31
7.32681e-16
-4.10544e-30
0
0
0
0
0
0
0
0
0
0
0
0
0
0
0
0
0
0
0
0
0
0
0
0
0
0
0
0
0
0
0
0
0
0
0
0
0
0
0
0
0
0
0
0
0
3.09418e-15
-3.80396e-16
0
0
0
0
0
0
0
0
0
-3.02746e-16
0
0
0
0
0
0
0
0
0
0
0
0
0
0
0
0
0
0
0
0
0
0
0
0
0
0
0
0
0
0
0
0
0
0
0
0
0
0
0
0
0
0
3.15241e-14
0
0
0
0
0
0
0
0
0
0
0
0
0
0
0
0
0
0
0
1.17966e-15
0
0
0
0
0
0
0
0
0
0
0
0
0
0
0
0
0
1.01325e-16
1.0118e-15
0
0
0
0
0
0
0
0
0
0
0
0
0
0
0
0
0
0
0
0
0
0
0
0
0
0
0
0
0
0
0
0
-9.01071e-18
0
0
0
0
0
0
0
0
-1.18092e-15
7.40576e-17
0
0
0
0
0
0
0
0
2.89954e-16
0
0
0
0
0
0
0
0
0
0
0
0
0
0
0
0
0
0
0
-4.6459e-16
-3.91009e-16
0
0
0
0
0
0
0
0
0
0
0
0
-3.72584e-14
0
0
0
-1.81155e-14
0
0
0
1.02336e-30
0
0
0
0
0
0
0
0
0
0
0
0
0
0
0
0
0
0
0
0
0
0
0
0
0
0
0
0
0
0
0
0
0
0
0
0
0
0
0
0
0
0
0
0
0
0
0
0
0
0
0
0
0
0
0
0
-7.25294e-15
-1.49002e-14
0
0
0
0
0
0
0
0
0
-2.34181e-14
0
0
0
0
0
0
0
0
0
0
0
0
0
0
0
0
0
0
0
0
0
0
0
0
0
0
3.79191e-16
0
0
0
0
0
0
0
0
0
9.98177e-16
0
0
0
0
0
0
0
0
0
0
1.58209e-15
0
0
0
0
0
0
8.85532e-15
0
0
0
0
0
-2.08295e-17
0
0
0
0
0
0
0
0
0
0
0
0
0
0
-5.17714e-16
0
0
0
0
0
0
0
0
0
0
0
2.98037e-16
0
0
3.07266e-15
0
0
0
0
0
0
0
0
0
-1.42656e-14
0
0
0
0
0
0
0
0
0
0
0
0
0
0
0
0
0
0
0
0
0
0
0
0
0
0
0
0
0
0
0
0
0
0
0
0
0
0
0
0
0
0
0
0
0
0
-9.60633e-16
-8.14515e-17
0
0
0
-1.00451e-16
0
0
0
0
0
0
0
0
0
0
0
0
0
0
0
0
0
0
0
0
0
0
0
0
0
0
0
0
0
0
0
0
0
0
0
0
4.57497e-15
-5.73959e-14
0
0
0
0
0
0
0
0
0
0
0
0
0
0
0
0
0
0
0
0
0
0
0
0
0
0
0
0
0
0
0
0
0
0
0
0
0
0
0
0
0
0
0
0
0
0
0
0
0
0
0
0
0
0
0
-2.75928e-14
-4.71076e-15
0
0
0
0
0
0
0
-1.43218e-16
0
0
0
0
0
0
0
0
0
0
0
0
0
0
0
0
0
0
0
0
0
0
0
0
0
0
0
0
0
0
0
0
0
0
0
0
0
0
2.40194e-15
0
0
0
0
0
-1.51988e-15
0
0
0
-2.19763e-17
0
0
0
0
0
0
0
0
-8.71205e-16
1.22848e-16
0
0
0
0
0
0
0
0
2.85353e-16
0
0
0
0
0
0
0
0
0
0
0
0
0
0
0
0
0
0
0
0
0
0
8.06682e-30
0
0
0
0
0
0
0
0
0
0
0
3.95117e-17
0
0
0
0
0
0
0
0
0
0
0
0
0
0
0
0
0
0
0
0
0
0
0
6.39224e-31
7.78865e-17
5.23819e-17
0
0
0
0
0
0
0
0
0
0
0
0
0
0
0
0
0
0
0
0
0
0
0
0
0
0
0
0
0
0
0
0
0
0
0
0
-8.62286e-17
8.23978e-17
0
0
0
0
0
0
0
1.05062e-17
0
0
0
0
0
0
0
0
-2.70335e-16
0
0
1.58978e-14
-5.60882e-14
1.32142e-28
0
0
0
0
0
0
0
0
0
0
0
0
0
0
0
0
0
0
0
0
0
0
0
2.408e-16
0
0
0
0
-1.62957e-16
0
0
0
0
0
0
0
0
-4.85569e-16
0
0
0
0
0
0
0
0
0
0
0
0
0
-4.70917e-14
0
0
0
0
0
0
-1.28045e-31
1.30606e-28
0
0
0
0
0
0
0
0
0
0
0
0
0
0
0
0
0
0
0
0
0
0
0
0
0
0
0
0
0
0
0
0
0
0
0
0
0
0
0
0
0
0
0
0
-4.23476e-14
-1.04922e-14
0
0
0
0
0
-1.00537e-16
2.94325e-17
0
0
0
0
0
0
0
0
0
0
0
0
0
0
0
0
0
0
0
0
0
0
0
0
0
0
7.0253e-17
0
-1.48337e-15
0
0
0
0
0
0
0
0
0
0
0
0
0
0
0
0
0
0
0
0
0
0
0
0
0
0
0
0
0
0
0
0
3.20752e-15
0
0
0
0
0
0
0
0
0
0
0
0
0
0
0
0
0
0
0
0
0
0
0
0
0
0
0
0
0
0
0
0
0
0
0
0
0
0
0
0
0
-2.83543e-15
0
0
0
0
0
0
0
0
0
0
-1.32073e-15
0
0
-1.26469e-13
-1.33847e-14
0
3.81998e-14
0
0
0
0
0
0
0
0
0
0
0
0
0
0
0
0
0
0
0
0
0
0
0
0
0
0
0
0
0
0
0
0
1.10577e-14
1.63199e-14
0
0
0
0
0
0
0
0
0
0
0
0
0
0
0
0
0
0
0
0
0
0
0
0
0
0
0
0
0
0
0
0
0
0
0
0
0
0
0
0
0
0
0
0
0
0
0
0
0
0
0
0
0
0
0
0
0
0
0
0
0
0
0
0
0
0
0
0
0
0
0
5.70048e-17
0
0
0
0
0
0
0
0
0
0
0
0
1.10461e-14
0
0
0
0
0
0
0
0
0
0
0
0
0
0
0
6.11645e-17
0
0
0
0
0
0
0
0
0
0
0
0
0
0
0
0
0
0
0
0
0
0
0
0
0
0
0
0
0
0
0
0
0
0
0
0
0
0
0
0
0
0
0
0
0
0
0
0
0
0
0
0
0
0
0
0
0
0
0
0
0
0
0
0
0
0
0
0
0
0
0
0
0
0
0
0
0
0
0
0
0
0
0
0
0
0
0
0
0
0
0
0
0
0
0
0
-3.3855e-16
0
0
0
0
0
0
0
0
0
0
0
0
0
0
0
0
0
0
0
0
0
0
0
0
0
0
0
0
0
0
0
0
0
0
0
0
0
0
0
0
0
0
0
0
0
0
0
0
0
0
0
0
0
0
0
0
0
0
0
0
0
0
0
0
0
0
0
0
0
0
0
0
0
0
0
0
-4.90284e-17
-4.64995e-17
0
0
0
0
0
0
0
-2.52091e-14
2.05273e-14
0
0
0
0
0
0
0
0
0
2.84363e-15
0
0
0
-1.21986e-17
0
0
0
0
0
0
0
0
0
0
0
0
0
0
0
0
0
0
0
0
0
0
0
0
0
0
0
0
0
0
0
0
0
0
0
0
0
0
0
0
0
0
0
0
0
0
0
0
0
0
0
0
0
0
0
0
0
0
0
0
0
0
0
0
0
0
0
0
0
0
0
0
0
0
0
0
0
0
0
0
0
0
0
0
0
0
0
0
0
0
0
0
0
0
0
0
0
0
0
0
0
0
0
0
0
0
0
0
0
0
0
0
0
0
0
0
0
0
0
0
0
0
0
0
0
0
0
0
0
0
0
0
0
0
0
0
0
0
0
0
0
0
0
0
0
0
0
0
1.25041e-16
0
1.21273e-15
0
0
0
0
0
0
0
0
0
0
0
0
0
0
0
0
0
0
0
0
0
0
0
0
0
0
0
0
0
0
0
0
0
0
0
0
0
0
0
0
0
0
0
0
0
0
0
0
8.76542e-16
0
0
0
0
0
0
0
0
-2.31918e-14
-2.21282e-16
5.33937e-16
0
0
0
0
0
1.70454e-16
4.75582e-15
0
0
0
0
0
0
0
0
0
0
0
0
0
0
0
0
0
0
0
0
0
0
0
0
0
0
0
0
0
0
3.36573e-15
0
0
0
0
0
0
0
0
0
0
0
0
0
0
0
0
0
0
0
4.4909e-17
0
-1.55627e-16
0
0
0
0
0
0
0
0
0
0
0
0
0
0
0
0
0
0
1.63257e-29
0
0
0
0
0
0
0
0
0
-1.0859e-16
2.49865e-17
3.38196e-15
0
0
0
0
0
0
0
0
0
0
0
0
0
-1.67404e-15
0
0
0
0
1.77707e-16
2.74214e-15
0
0
0
0
0
0
0
0
0
0
0
0
0
0
0
0
0
0
0
0
0
0
0
0
1.35725e-16
-2.2691e-17
0
0
0
0
0
0
6.00613e-17
0
0
0
0
0
0
0
0
0
0
0
0
0
0
0
0
0
0
0
0
-2.44098e-15
1.17304e-14
0
0
0
0
0
0
0
0
0
0
0
0
0
0
0
0
0
0
0
0
0
0
0
0
0
0
0
0
0
0
0
0
0
0
0
0
0
0
0
0
0
0
0
0
0
0
0
0
0
0
-5.14364e-15
0
0
0
0
0
0
0
-1.80011e-14
0
6.77718e-15
0
0
0
0
0
0
0
0
0
0
0
0
0
0
0
0
0
0
0
0
0
0
0
0
0
0
0
0
0
0
0
0
0
0
0
0
0
2.76012e-14
0
0
0
0
0
0
0
0
0
0
0
0
0
0
0
0
0
0
0
0
0
0
0
-3.67364e-14
0
0
0
0
0
0
0
0
0
0
0
0
0
0
0
0
0
0
0
0
0
0
0
0
0
0
0
0
0
0
0
0
0
0
0
0
1.11581e-15
0
0
0
0
1.25023e-15
0
0
0
0
0
0
0
0
0
0
0
-2.87315e-16
0
0
0
0
0
0
0
0
0
0
0
0
0
0
0
0
0
0
0
0
0
0
0
0
-1.94111e-14
0
0
0
0
0
0
0
0
0
0
0
0
0
0
0
0
0
-2.81043e-17
0
0
0
0
0
0
0
0
0
0
0
0
0
0
0
0
0
-1.50263e-15
0
0
0
0
0
0
0
0
0
0
-6.88517e-15
0
0
0
0
0
0
0
0
0
0
0
0
0
0
0
0
0
0
0
0
0
0
0
0
0
0
0
0
0
0
0
0
0
0
0
0
0
0
0
0
0
0
0
0
0
0
0
0
0
0
0
0
0
0
0
0
0
0
0
0
0
0
0
3.87099e-14
0
0
0
0
1.1868e-16
0
0
0
0
0
0
0
0
0
0
0
0
0
0
0
-7.87544e-14
0
1.93656e-14
0
0
0
0
0
0
0
0
0
0
0
0
0
0
0
0
0
0
0
0
0
0
0
0
0
0
0
0
0
0
0
0
0
0
0
0
0
0
0
0
0
0
0
0
0
0
0
0
0
0
0
0
0
0
0
0
0
0
0
0
0
0
0
0
0
0
0
0
0
0
0
0
0
0
4.20956e-18
0
0
0
0
0
0
0
0
0
0
-2.33905e-14
-5.64859e-15
0
0
0
0
0
0
0
0
0
0
0
0
0
0
0
0
0
0
0
0
0
0
0
0
0
0
0
0
-5.35873e-18
0
0
0
0
0
0
0
0
0
0
0
0
0
0
-1.44506e-14
0
1.62844e-14
0
1.12135e-14
0
0
0
0
0
0
0
0
0
0
0
0
0
0
0
0
0
0
0
0
0
0
0
0
0
0
0
0
0
0
1.13144e-15
0
0
0
0
0
0
0
0
0
0
0
0
0
0
0
0
0
0
0
0
0
0
0
0
0
0
0
0
0
0
0
0
0
0
0
0
0
0
0
0
0
0
0
0
8.03533e-14
-1.72922e-13
0
0
0
0
0
0
0
0
0
0
0
0
0
0
0
0
0
0
0
0
0
0
0
0
0
0
0
0
0
0
0
0
0
0
0
0
-2.28646e-17
3.75829e-17
0
0
0
0
3.02358e-14
4.32644e-14
0
0
0
0
0
0
0
0
0
0
0
0
0
0
0
0
0
0
0
0
0
0
0
0
0
0
0
0
0
0
4.40779e-14
9.767e-15
0
0
0
0
1.58758e-14
0
-7.25947e-15
0
0
0
0
0
0
0
0
0
0
0
0
0
0
0
0
-2.27162e-14
-2.78432e-14
0
0
0
0
0
0
0
1.26823e-17
0
0
1.73475e-14
0
0
0
0
0
0
0
0
0
0
0
0
0
0
0
0
0
0
0
0
0
0
0
0
7.72223e-15
0
0
0
0
0
0
0
0
0
0
0
0
0
-2.63906e-16
-2.05272e-30
0
0
0
0
0
0
0
0
0
-1.89194e-16
2.60345e-15
0
0
0
0
0
0
0
0
0
0
0
0
0
0
0
0
0
0
0
0
0
0
0
0
0
0
0
0
0
0
0
0
0
0
0
0
0
0
0
0
0
0
0
0
0
0
-1.56903e-15
0
0
0
0
0
0
0
0
0
0
0
0
0
0
0
0
0
0
0
0
0
0
0
0
0
0
0
0
0
0
0
0
0
0
0
0
0
0
0
0
0
0
0
0
0
0
0
0
0
0
0
0
0
0
0
0
0
0
0
0
0
0
1.37919e-14
-5.21757e-15
0
0
0
0
0
0
0
0
0
0
0
0
0
0
0
0
0
0
0
0
-1.09478e-16
0
2.86468e-17
0
0
0
0
0
0
0
0
0
0
0
0
0
0
0
0
0
0
1.40372e-17
0
0
0
0
0
0
0
0
-1.45423e-15
0
0
0
0
0
0
0
0
0
0
0
0
0
0
0
0
0
0
0
0
0
0
0
0
0
0
0
0
0
0
0
1.13043e-15
0
0
0
0
0
0
0
0
0
0
0
0
0
0
0
-5.35738e-14
0
0
0
0
0
0
0
0
0
0
0
0
0
0
0
4.12694e-16
0
0
0
0
0
0
0
0
0
0
0
0
0
0
0
0
0
-8.24525e-14
0
0
0
0
0
0
0
0
0
0
0
0
0
0
0
0
0
0
0
0
0
0
0
0
0
-1.27095e-15
7.9056e-14
0
-4.50628e-14
-3.08015e-17
0
0
0
0
0
0
0
0
0
0
0
0
0
0
0
0
-1.89913e-14
2.81519e-14
0
0
0
0
0
0
0
0
0
0
0
0
-6.33735e-15
-1.54451e-15
0
0
0
0
0
0
0
0
0
0
0
0
0
0
0
0
0
0
0
0
0
0
0
0
0
0
0
0
0
0
0
2.01324e-14
0
0
0
0
0
0
0
0
0
0
-2.769e-14
-1.02036e-30
-3.77966e-16
0
0
0
0
0
0
0
0
-3.0548e-14
0
5.42439e-15
0
0
0
0
0
0
0
0
0
0
0
0
0
0
0
0
0
0
0
0
0
0
0
0
0
0
0
0
0
0
1.36636e-15
0
0
0
0
0
0
0
0
0
0
0
0
0
0
0
0
0
0
0
0
0
0
0
-3.8679e-15
1.05255e-15
0
0
0
0
0
0
0
0
0
0
0
0
0
0
0
0
0
0
0
0
0
0
0
0
0
0
0
0
0
0
0
0
0
0
0
0
0
0
0
0
2.63557e-17
-2.55761e-15
-4.65507e-16
0
0
0
0
0
0
0
0
0
0
0
0
0
0
0
0
0
9.89644e-17
0
0
0
0
0
0
0
0
0
0
0
0
0
0
0
0
0
0
0
0
0
0
0
0
0
0
0
0
0
0
0
0
0
0
0
0
0
0
0
0
0
0
0
0
0
0
0
0
0
0
1.61926e-17
-1.68854e-17
0
0
0
0
0
0
0
0
0
0
0
0
0
0
0
0
0
0
0
0
0
0
0
0
0
0
0
0
0
0
0
0
0
0
0
0
0
0
0
0
0
0
0
2.9456e-16
-2.87154e-16
0
0
0
0
0
0
0
0
0
0
0
0
0
0
0
0
0
0
0
0
0
0
0
0
0
0
0
0
0
0
0
0
0
0
0
0
0
0
0
0
0
0
0
0
0
0
0
0
0
0
0
0
0
0
0
0
0
0
0
0
0
0
0
0
0
0
0
0
0
0
0
0
0
0
0
0
0
0
0
0
0
0
0
0
0
0
0
0
0
0
0
0
0
0
0
0
0
0
0
0
0
0
0
0
0
0
0
0
0
0
0
0
0
0
0
0
0
0
0
0
0
0
0
0
0
0
0
0
0
0
0
0
2.49128e-16
3.5594e-16
-3.32007e-14
0
0
0
0
0
0
0
1.11512e-16
7.89157e-16
0
0
0
0
0
0
0
0
0
0
0
0
0
0
0
0
0
0
0
0
0
0
0
0
0
0
0
0
0
0
0
0
0
0
0
0
0
0
0
0
0
0
0
0
0
0
0
0
0
0
0
0
0
0
0
0
0
0
0
0
0
0
0
0
0
0
0
0
0
0
0
0
0
0
0
0
0
0
0
1.88806e-16
-3.95204e-16
-3.73318e-17
0
0
0
0
0
0
0
0
0
0
0
0
0
0
0
0
0
0
0
0
0
0
-4.24432e-17
0
0
0
0
0
0
0
0
0
0
-1.6471e-14
4.00967e-15
3.88949e-14
0
-2.43113e-14
0
0
0
0
0
0
0
0
0
0
0
0
0
0
0
0
0
0
0
0
0
0
0
0
0
0
0
0
0
0
0
0
0
0
0
0
0
0
0
0
0
0
0
0
0
0
0
0
0
0
0
0
0
0
0
0
0
0
0
0
0
0
0
0
0
0
0
0
0
0
0
0
0
0
0
0
0
0
1.66275e-14
0
0
0
0
0
0
0
0
0
0
0
0
0
5.73908e-16
0
0
0
0
0
0
0
0
0
0
0
0
0
0
0
0
0
0
0
0
0
0
0
0
0
0
0
0
0
0
0
0
0
0
0
0
0
0
0
0
0
0
0
0
0
0
0
0
0
0
0
0
0
0
0
0
0
0
0
0
0
0
0
0
0
0
0
0
0
0
0
0
0
0
0
0
0
0
0
0
0
0
0
0
0
0
0
0
0
0
0
0
0
0
0
0
0
0
0
0
0
0
0
0
0
0
0
0
0
0
0
0
0
0
0
0
0
0
0
0
0
0
0
0
0
0
-5.16751e-14
0
0
0
0
0
0
0
0
0
0
-7.40727e-16
0
0
0
0
0
0
0
0
0
0
2.49728e-14
-6.20128e-14
0
0
0
0
0
0
0
0
0
0
0
0
0
0
0
0
0
0
0
0
0
0
0
0
0
0
0
0
0
0
0
0
0
0
0
0
0
0
0
0
0
0
0
0
0
0
0
0
0
0
0
0
0
0
0
0
0
0
7.81702e-17
-2.2002e-17
0
0
0
0
0
0
0
0
0
0
0
0
0
0
0
0
0
0
0
0
0
0
0
0
0
0
-2.97263e-17
5.86211e-15
0
0
0
0
-5.00707e-15
-1.16052e-14
0
0
0
0
0
0
0
0
0
0
0
0
0
0
0
0
0
0
0
0
0
0
0
0
-3.70597e-14
0
0
0
0
0
0
0
-2.94356e-14
0
0
0
0
0
0
0
0
0
0
0
0
0
0
0
0
0
0
0
0
0
0
0
0
0
0
0
-3.45683e-14
0
0
0
0
0
0
0
0
0
0
0
0
0
0
0
0
0
0
0
0
0
0
0
0
0
0
0
0
0
0
0
0
0
0
0
0
0
0
0
0
0
0
0
0
0
0
0
0
0
0
0
0
0
0
0
0
0
0
0
0
0
0
0
0
0
0
0
0
0
0
0
0
0
0
0
0
0
0
0
0
0
0
0
0
0
0
0
0
0
0
0
0
0
0
0
0
0
0
0
0
0
0
0
0
0
0
0
0
0
0
0
0
0
0
0
0
0
0
0
0
0
0
0
0
0
0
0
0
-2.87164e-17
-2.67713e-14
0
0
0
0
9.65477e-17
0
0
0
0
0
-2.81395e-16
-1.6031e-13
0
0
0
0
0
0
0
0
0
0
0
0
0
0
-1.26775e-15
0
0
0
0
0
0
0
0
0
0
0
0
0
0
0
0
0
0
0
0
0
0
0
0
0
0
2.09018e-16
0
-7.46665e-17
0
0
0
0
0
0
0
0
0
-7.98732e-17
-2.30293e-16
0
0
0
0
0
0
0
0
0
0
0
0
0
0
0
0
0
0
-3.67815e-14
0
0
0
0
0
0
0
0
0
0
0
0
0
0
0
3.60974e-17
-1.95219e-15
-1.15689e-16
0
0
0
0
0
0
1.5775e-16
-5.62716e-16
0
0
0
0
0
0
0
0
0
0
0
0
0
0
0
0
0
0
0
0
0
0
0
0
0
0
0
0
0
0
0
-1.61843e-16
-5.71608e-16
0
0
0
0
0
0
0
0
0
0
0
0
0
0
0
0
0
0
0
0
0
0
0
0
0
0
0
0
0
0
0
0
0
0
0
0
0
0
0
0
0
0
0
0
0
0
0
0
0
0
0
0
0
0
0
0
0
0
0
0
0
0
0
0
0
0
0
0
0
0
0
0
0
0
0
0
0
0
0
0
0
0
0
4.12091e-16
0
0
0
0
0
0
0
0
0
0
0
0
0
0
0
0
0
0
0
0
0
0
0
0
0
0
0
0
0
0
0
0
0
0
0
0
0
0
0
0
0
0
0
0
0
0
0
0
0
0
0
0
0
0
0
0
0
0
0
0
0
0
0
0
0
0
0
0
0
0
0
0
0
0
0
0
0
0
0
0
0
0
0
0
0
0
0
0
0
0
0
0
0
0
0
0
0
0
0
0
0
0
0
0
0
-1.06497e-16
0
0
0
0
0
0
0
0
0
0
-4.71735e-14
-1.34584e-14
0
0
0
0
0
0
2.76635e-14
0
0
0
0
0
0
0
0
0
0
0
0
0
0
0
0
0
0
0
0
0
0
0
0
0
0
0
0
0
0
0
0
0
0
0
0
0
0
0
0
0
0
0
0
0
0
0
0
0
0
0
0
0
0
-3.35098e-17
0
0
0
0
0
0
0
0
0
0
0
0
0
0
0
0
0
0
0
0
0
0
0
0
0
0
0
0
0
0
0
0
0
0
0
0
0
0
0
0
0
0
0
0
0
0
0
0
-3.9873e-14
0
-3.07505e-15
-1.82499e-16
0
0
0
0
0
2.77531e-14
0
0
0
0
0
0
0
0
0
0
0
0
0
0
0
0
0
0
0
0
0
0
0
0
0
0
0
0
0
0
0
0
0
0
0
0
0
0
0
0
0
0
0
0
0
0
-2.74184e-14
3.62526e-14
0
0
0
0
0
-7.26175e-15
-2.74933e-14
0
0
0
0
0
0
0
0
0
0
0
0
0
0
0
0
0
0
0
0
0
0
0
0
0
0
0
0
0
0
0
0
0
0
0
0
0
0
0
0
0
0
-7.8655e-17
0
0
0
0
0
0
0
0
0
0
0
0
0
0
0
0
0
0
0
0
0
0
0
0
0
0
0
0
0
0
0
-1.36459e-14
0
5.69679e-14
0
0
0
0
0
0
0
0
0
0
0
0
0
0
0
0
0
0
0
0
0
0
0
0
0
0
0
0
0
8.41675e-15
0
0
0
0
0
0
0
0
0
0
0
0
0
0
0
0
0
0
0
0
0
0
0
0
0
0
0
0
0
0
0
0
0
0
0
0
0
0
0
0
0
0
0
0
0
0
0
0
0
0
0
0
0
0
0
0
0
0
0
0
0
0
0
0
0
0
5.29653e-14
0
0
0
-1.88935e-14
-2.27014e-17
0
0
0
0
0
0
0
0
0
0
0
0
0
0
0
0
0
0
0
0
0
0
0
0
0
0
0
0
0
0
0
0
0
0
0
0
0
0
0
0
0
0
0
0
0
2.06025e-17
0
0
0
0
0
0
0
0
0
0
0
0
0
0
0
0
0
0
0
0
0
0
0
0
0
0
0
0
0
0
0
0
0
0
0
0
0
0
0
0
0
0
0
0
0
0
0
0
0
0
0
0
0
0
0
0
0
0
0
0
0
0
0
0
0
0
0
0
0
0
0
0
0
0
0
0
0
0
0
0
0
0
0
0
0
0
0
0
0
0
0
0
0
0
2.07198e-14
-1.77695e-14
0
0
0
0
0
0
0
0
0
0
0
0
0
2.8166e-15
3.89799e-15
0
0
0
0
0
0
0
0
0
0
0
0
0
0
0
0
0
0
0
0
0
0
0
-9.96212e-16
0
0
0
0
0
0
0
0
0
0
0
0
0
0
0
0
1.11876e-16
-3.22032e-17
0
0
0
0
0
0
0
0
0
0
0
0
0
0
0
0
0
0
0
0
0
0
0
0
0
0
0
0
0
0
0
0
0
0
0
0
0
0
0
0
0
0
0
0
0
0
0
0
0
0
0
0
0
0
0
0
0
0
0
0
1.19907e-16
-9.33174e-17
0
0
0
0
0
0
0
0
0
0
0
0
0
0
0
0
0
0
0
0
0
0
0
0
0
0
0
0
0
0
0
0
0
0
0
0
0
0
0
0
0
0
0
0
0
0
0
0
0
0
0
0
0
0
0
0
-2.11862e-16
0
0
0
0
0
0
4.68987e-14
0
0
0
0
0
0
0
0
0
-5.67241e-17
0
0
0
0
0
0
0
0
0
0
0
0
0
0
0
0
0
0
0
0
0
0
0
0
0
0
0
0
-1.9643e-16
-1.89325e-14
0
0
0
0
0
0
0
0
0
-1.19481e-16
0
0
0
0
0
0
0
0
0
0
0
0
0
0
0
0
0
-1.42539e-15
2.45482e-16
0
0
0
0
0
0
0
0
0
0
0
0
0
0
0
0
0
0
0
0
0
0
-5.38316e-14
0
0
0
0
0
0
0
0
0
0
0
0
0
0
0
0
0
0
0
0
0
0
0
0
0
0
0
0
0
0
0
0
0
0
0
0
0
0
0
0
0
0
0
0
0
0
0
0
0
0
0
0
0
0
0
0
0
0
0
0
0
-1.47664e-14
-2.74402e-14
0
0
0
0
0
0
0
0
0
0
0
0
0
0
0
0
0
0
0
0
0
0
0
0
0
0
0
0
0
0
1.50971e-14
0
0
0
0
0
0
0
0
0
0
0
0
0
0
0
0
0
0
0
0
0
0
0
0
0
0
0
0
0
0
0
0
0
0
0
0
0
0
0
0
0
0
0
0
0
0
0
0
0
0
0
0
0
0
0
0
0
0
0
0
0
0
0
1.30982e-14
2.91026e-16
0
0
0
0
0
0
0
0
0
0
0
0
0
0
0
0
0
0
0
0
0
0
0
0
0
0
0
0
0
0
0
0
0
0
0
0
0
0
0
0
0
0
0
0
0
0
0
0
0
0
0
0
0
0
0
0
0
0
0
0
0
0
0
0
0
0
0
0
0
0
0
0
0
0
0
0
0
0
0
0
0
0
0
0
0
0
0
0
0
0
0
0
0
0
0
0
0
0
0
0
0
0
0
0
0
0
0
0
0
0
0
0
0
0
0
0
0
0
0
0
0
0
0
0
-2.4703e-16
7.73421e-17
-4.25548e-16
0
0
0
0
0
0
0
0
0
0
0
0
0
0
0
0
0
0
0
0
0
0
0
0
0
0
0
0
0
0
0
0
0
0
0
0
0
0
0
0
0
0
0
0
0
0
0
0
0
0
0
0
0
0
0
0
0
0
0
0
0
0
0
0
0
0
0
0
0
0
0
0
0
0
0
0
0
0
0
0
0
0
0
0
0
0
0
0
0
0
0
0
0
0
0
-1.18558e-14
0
7.70193e-14
0
0
0
0
0
0
0
0
0
0
0
0
0
0
0
0
0
0
0
0
0
0
0
0
0
0
0
0
0
0
0
0
0
0
0
0
0
0
0
0
0
0
6.98381e-17
0
0
0
0
0
0
0
0
0
0
0
0
0
0
0
0
0
0
0
0
0
0
0
0
0
0
0
0
0
0
0
0
0
0
0
0
0
0
0
0
0
0
0
0
0
0
0
0
0
0
0
0
0
0
0
0
0
0
0
0
0
0
0
0
0
0
0
0
0
0
0
0
0
0
0
0
0
0
0
0
0
0
0
0
0
0
0
0
0
0
0
0
0
0
0
0
0
0
0
0
0
0
0
0
0
0
0
0
0
0
0
0
0
0
0
0
0
0
0
0
0
0
0
0
0
0
0
0
0
0
0
0
0
0
0
0
0
0
0
0
0
0
0
0
0
0
-1.14437e-15
0
0
0
0
0
0
0
0
0
-1.82359e-14
-2.5546e-14
0
0
0
0
0
0
0
0
0
0
0
0
0
0
0
0
0
0
0
0
0
0
0
0
0
0
0
0
0
0
0
0
0
0
0
0
0
0
0
0
0
0
0
0
0
0
0
0
0
0
0
0
0
0
0
0
0
0
0
0
0
0
0
0
0
0
4.62926e-17
0
0
0
-5.54872e-14
0
0
0
0
0
0
0
0
0
0
0
0
0
0
0
0
0
0
0
0
0
0
0
0
0
0
0
0
0
0
0
0
0
0
0
0
0
0
0
0
0
0
0
0
0
0
0
0
0
0
0
0
0
0
0
0
0
0
0
0
0
0
0
0
0
0
0
0
0
0
0
0
0
0
0
0
0
0
0
0
0
0
0
0
0
0
0
0
0
-1.33174e-17
-4.67187e-15
6.29197e-15
0
0
0
0
0
0
0
0
0
0
0
0
0
0
0
0
0
0
0
0
0
0
0
0
0
0
0
0
0
0
0
0
0
0
0
0
0
0
0
0
0
0
0
0
0
0
0
0
0
0
0
-3.6145e-17
2.5954e-17
0
0
0
0
0
0
0
0
0
0
0
0
0
0
6.60711e-29
0
0
0
0
0
0
0
0
0
0
0
0
0
0
0
0
0
0
0
0
0
0
0
0
0
0
0
0
0
0
0
0
0
0
0
0
0
0
0
0
0
0
0
0
0
0
0
0
0
0
0
4.85531e-14
-4.74749e-15
0
0
0
0
0
0
0
0
0
0
0
0
0
0
0
0
0
0
-9.37735e-15
3.6373e-15
0
0
0
0
0
0
0
0
0
0
0
0
0
0
0
0
0
0
0
0
0
0
0
0
0
0
0
0
0
0
0
0
0
0
0
0
0
0
0
0
0
0
0
0
0
0
0
0
0
0
0
0
0
0
-2.70405e-14
-1.0999e-13
0
0
-1.76276e-14
2.90447e-14
0
0
0
0
0
0
0
0
0
0
0
0
0
0
0
0
0
0
0
0
0
0
0
0
0
0
0
0
0
0
0
0
0
0
0
0
0
0
0
0
0
0
0
0
0
0
0
0
0
2.96071e-17
-4.13378e-17
0
0
0
0
0
0
0
0
0
0
0
0
0
0
0
0
0
0
0
0
0
0
0
0
0
0
0
0
0
0
0
0
0
0
0
0
0
0
0
0
0
0
0
0
0
0
0
-2.9988e-14
0
4.11188e-14
0
0
0
0
0
0
0
0
0
0
0
0
0
9.74401e-15
-5.62482e-14
0
0
0
0
0
0
0
0
0
0
0
0
0
0
0
0
0
0
0
0
0
0
0
0
0
0
0
0
0
0
0
0
0
0
0
0
0
0
0
0
0
0
0
0
0
0
0
0
0
0
0
0
0
0
0
0
0
0
0
0
0
0
0
0
0
0
0
0
0
0
0
0
0
0
0
0
0
0
0
0
0
0
0
0
0
0
0
0
0
0
0
0
0
0
0
0
0
0
0
0
0
0
0
0
0
0
0
0
0
0
0
0
0
0
0
0
0
0
0
0
0
0
0
3.22228e-14
-4.41805e-14
0
0
0
0
0
-6.95125e-17
4.66716e-16
0
0
0
0
0
0
0
0
0
0
0
0
0
0
0
0
0
0
0
0
0
0
0
0
0
0
0
0
0
0
0
0
0
0
0
0
0
0
0
0
0
0
0
0
0
0
1.28475e-14
0
0
0
0
0
2.1062e-16
0
0
0
0
0
0
0
0
0
0
0
0
0
0
0
0
0
0
0
0
0
0
0
0
0
0
0
-2.34861e-16
4.14934e-16
4.4163e-16
0
0
0
0
0
0
0
0
0
0
0
0
0
0
0
0
0
0
0
0
0
0
0
0
0
0
0
0
0
0
0
0
0
0
0
0
0
0
0
0
0
0
0
0
0
0
0
0
0
0
0
0
0
0
0
5.44413e-15
0
0
0
0
0
0
0
0
0
0
0
0
0
0
0
0
0
0
0
0
0
-6.19047e-17
-1.35894e-17
0
0
0
0
0
0
0
0
0
0
0
0
0
0
0
0
0
0
-8.14515e-17
0
0
0
0
0
0
0
0
0
0
0
0
0
0
0
0
0
0
0
0
0
0
0
0
0
0
0
0
0
0
0
0
0
0
0
0
0
0
0
0
0
0
0
4.53912e-16
-2.01842e-16
1.34277e-17
0
0
0
0
0
0
0
0
0
0
0
0
0
0
0
0
0
0
0
0
0
0
0
0
0
0
0
0
0
0
0
-5.40127e-14
0
0
0
0
0
0
0
0
0
0
0
0
0
0
0
0
0
0
0
0
0
0
0
0
0
0
0
0
0
0
0
0
0
0
0
0
0
0
0
0
0
0
0
0
0
0
0
0
0
0
0
0
0
0
0
0
0
0
0
0
0
0
0
0
0
0
0
0
0
0
0
0
0
0
0
0
0
0
0
0
0
0
0
0
0
0
0
0
0
-1.36477e-14
0
0
0
0
0
0
0
0
0
0
0
0
0
0
0
0
0
0
0
0
0
0
0
0
0
0
0
0
0
0
0
0
0
0
0
0
0
0
3.71515e-16
1.02036e-30
0
0
0
0
0
0
0
0
0
0
0
0
0
0
0
0
0
0
0
0
0
0
0
0
0
0
0
0
0
0
0
0
0
0
0
0
0
0
0
0
0
0
0
0
0
0
0
9.94879e-15
0
9.86479e-14
0
0
0
0
0
0
0
0
0
0
0
0
0
0
0
0
0
0
0
0
0
0
0
0
0
0
0
0
0
0
0
0
0
0
0
0
0
0
0
0
0
0
0
0
0
0
8.15805e-16
-6.43121e-16
0
0
0
0
0
0
0
0
0
0
0
0
0
0
0
0
0
0
0
0
0
0
0
0
0
0
0
0
0
0
0
0
0
0
0
0
0
0
0
0
0
0
0
0
0
0
0
0
0
0
0
0
0
0
0
0
0
0
0
0
0
0
0
0
0
0
0
0
0
0
0
0
0
0
0
0
0
0
0
0
0
0
0
0
0
0
0
0
0
0
0
0
0
0
0
0
0
0
0
0
0
0
0
0
0
0
0
0
0
0
0
0
0
0
0
0
0
0
0
0
0
0
0
0
0
0
0
0
0
0
0
0
0
0
0
0
0
0
0
0
0
0
0
0
0
0
0
0
0
0
0
0
0
0
0
0
0
0
0
0
0
0
0
0
0
0
0
0
0
0
0
0
0
0
0
0
0
0
0
0
0
0
0
0
0
0
0
0
0
0
0
0
0
0
0
0
0
0
0
0
0
0
0
0
0
0
0
0
0
0
0
0
0
0
0
0
0
0
0
0
2.71865e-14
0
-1.16626e-17
0
0
0
0
0
0
0
0
0
0
0
0
0
0
0
0
0
0
0
0
0
0
0
0
0
0
0
0
0
0
0
0
0
0
0
0
0
0
0
0
0
0
0
0
0
0
0
0
0
0
0
0
0
0
0
0
0
0
0
0
0
0
0
0
0
0
0
0
0
0
0
0
5.02191e-14
0
0
0
0
0
0
0
0
0
0
0
0
0
0
0
0
0
0
0
0
0
0
0
0
0
0
0
0
0
0
0
0
0
0
0
0
0
0
0
0
0
0
0
0
0
0
0
0
0
0
0
0
0
0
0
0
0
3.96991e-15
0
0
0
0
0
0
0
0
0
0
0
0
0
0
0
0
0
0
0
0
0
0
0
0
0
0
0
0
0
0
0
0
0
0
0
0
0
0
0
0
0
0
0
0
0
0
0
0
0
0
0
0
0
0
0
0
0
0
0
0
0
0
0
0
0
0
0
0
0
0
-7.23234e-17
0
0
0
0
7.81535e-14
-8.93419e-15
0
0
0
0
0
0
0
0
0
0
0
0
0
0
0
0
0
0
0
0
0
0
0
0
0
0
0
0
0
0
0
0
0
0
0
0
0
-4.70487e-14
0
0
0
0
0
0
0
4.17381e-14
0
0
0
0
0
0
0
0
0
0
0
0
0
0
0
0
0
-8.37981e-14
0
0
0
0
0
-8.03e-14
0
0
0
0
0
0
0
0
0
0
0
0
0
0
0
0
0
0
0
0
0
0
0
0
0
0
0
0
0
0
0
0
0
0
0
0
0
0
0
0
0
0
0
0
0
0
0
0
0
0
0
0
0
0
0
0
0
0
0
0
0
0
0
0
0
0
0
0
0
0
0
0
0
0
0
0
0
0
0
0
0
0
0
0
0
0
0
0
0
0
0
0
0
0
0
0
0
0
0
0
0
0
0
0
0
0
0
0
0
0
0
0
0
0
0
0
0
0
0
0
0
0
0
0
0
0
0
0
0
0
0
0
0
0
0
0
0
0
0
0
0
0
0
0
0
0
-1.06387e-17
0
0
0
0
0
0
0
0
0
0
0
0
0
0
0
0
0
0
0
0
0
0
0
0
0
0
0
0
0
0
0
0
-1.8247e-15
0
0
0
0
0
0
0
0
0
0
0
0
0
0
0
0
0
0
0
0
0
0
0
0
0
0
0
0
0
0
0
0
0
0
0
0
0
0
0
0
0
0
0
0
0
0
0
0
0
0
0
0
0
0
0
0
0
0
0
0
0
0
0
0
0
0
0
0
0
0
0
0
0
0
0
0
0
0
0
0
0
0
0
0
0
0
0
0
0
0
0
0
0
0
0
0
0
0
0
0
0
0
0
0
0
0
0
0
0
0
0
0
0
0
0
0
0
0
0
0
0
0
0
0
0
0
0
0
0
0
0
0
0
0
0
0
0
0
0
0
0
0
0
0
0
0
0
0
0
0
0
0
0
0
0
0
0
0
0
0
0
0
0
0
0
0
0
0
0
0
0
0
0
0
0
0
0
0
0
0
0
0
0
0
0
0
0
0
0
0
0
0
0
0
0
0
0
0
0
0
0
0
0
0
0
0
0
0
0
0
0
0
0
0
0
0
0
0
0
0
0
0
0
0
0
0
0
0
0
0
0
0
0
0
0
0
0
0
0
0
0
0
0
0
0
0
0
0
0
0
0
0
0
0
0
0
0
0
0
0
0
0
0
0
0
0
0
0
0
0
0
0
0
0
0
0
0
0
0
0
0
0
0
0
0
0
0
0
0
0
0
0
0
0
0
0
0
0
0
0
0
0
0
0
0
0
0
0
0
0
0
0
0
0
0
0
0
0
0
0
0
0
0
0
0
0
0
0
0
0
0
0
0
0
0
0
0
0
0
0
0
0
0
0
0
0
0
0
0
0
0
0
0
0
0
0
0
0
0
0
0
0
0
0
0
0
0
0
0
0
0
0
0
0
0
0
0
0
0
0
0
0
0
0
0
0
0
0
0
0
0
0
0
0
0
0
0
0
0
0
0
0
0
0
0
0
0
0
0
0
0
0
0
0
0
0
0
0
0
0
0
0
0
0
0
0
0
0
0
0
0
0
0
0
0
0
0
0
1.08949e-16
0
0
0
0
0
0
0
0
0
0
0
0
0
0
0
0
0
0
0
0
0
0
0
0
0
0
0
0
0
0
0
0
0
0
0
0
0
0
0
0
0
0
0
0
0
0
0
0
-2.14917e-17
0
0
0
0
0
0
0
-1.12708e-15
0
0
0
0
0
0
-1.13938e-17
0
0
0
0
0
0
0
0
0
0
0
0
0
0
0
0
0
0
0
0
0
0
0
0
0
0
0
0
0
0
0
0
0
0
0
0
-5.23188e-18
0
0
0
0
0
0
0
0
0
0
0
0
0
0
0
0
0
0
0
0
0
0
0
0
0
0
0
0
0
0
0
0
0
0
0
0
0
0
0
0
0
0
0
0
0
0
0
0
0
0
0
0
0
0
0
0
0
0
0
0
0
0
0
0
0
0
0
0
0
0
0
0
0
0
0
0
0
0
0
0
0
0
0
0
0
0
0
0
0
0
0
0
0
0
0
0
0
-1.01938e-17
0
0
0
0
0
0
0
0
0
0
0
0
0
0
0
0
0
0
0
0
0
0
0
0
0
0
0
0
0
0
0
0
0
0
0
0
0
0
0
0
0
0
0
0
0
0
0
-1.10957e-17
0
0
0
0
0
0
0
0
0
0
0
0
0
0
0
0
0
0
0
0
0
0
0
0
0
0
0
0
0
0
0
0
0
0
0
0
0
0
0
0
0
0
0
-3.47093e-16
0
0
0
0
0
0
0
0
0
0
0
0
0
0
0
0
0
0
0
0
0
0
0
0
0
0
0
0
0
0
0
0
0
0
0
0
0
0
0
0
0
0
0
0
0
0
0
0
0
0
0
0
0
0
0
0
0
0
0
0
0
0
0
0
0
0
0
0
0
0
0
0
0
0
0
0
0
0
0
0
0
0
1.44564e-14
0
0
0
0
0
0
0
0
0
0
0
0
0
0
0
0
0
0
0
0
0
0
0
0
0
-5.0198e-14
0
8.11529e-14
0
0
0
0
0
0
0
0
0
0
0
0
0
0
0
0
0
0
0
0
7.69383e-15
0
0
0
0
0
0
0
0
0
0
0
0
0
0
0
0
0
0
0
0
0
0
0
0
0
0
0
0
0
0
0
0
0
0
0
0
0
0
0
0
0
0
0
0
0
0
0
0
0
0
0
0
0
0
0
0
0
0
0
0
0
0
0
0
0
0
0
0
0
0
0
0
0
0
0
0
0
0
0
0
0
0
0
0
0
0
0
0
0
0
0
0
0
0
0
0
0
0
0
0
0
0
0
0
0
0
0
0
-2.37151e-17
7.75262e-17
0
0
0
0
0
0
0
0
0
0
0
0
0
0
0
0
0
0
0
0
0
0
0
1.75034e-14
0
6.54461e-14
0
0
0
0
0
0
0
9.39199e-14
0
0
0
0
0
0
0
0
0
-2.5659e-31
0
0
0
0
0
0
0
0
0
0
0
0
0
0
0
0
0
0
2.95168e-17
1.18306e-17
0
0
0
0
0
0
0
0
0
0
0
0
0
0
0
0
0
0
0
0
0
0
0
0
0
0
0
0
0
0
0
0
0
0
0
3.92443e-14
-1.48573e-14
0
0
0
0
0
0
0
0
0
0
0
0
0
0
0
0
0
0
0
0
0
0
0
0
0
0
0
0
0
0
0
0
0
0
0
0
0
0
0
0
0
0
0
0
0
0
0
0
0
0
0
0
0
0
0
0
0
0
0
0
0
0
0
0
0
0
0
0
0
0
0
0
0
0
0
-1.88942e-16
0
0
0
0
0
0
0
0
0
0
0
0
0
0
0
0
0
0
0
0
0
0
0
0
0
0
0
0
0
0
0
0
0
0
0
0
0
0
0
0
0
0
0
0
0
0
0
0
0
0
0
0
0
0
0
0
0
0
0
0
0
0
0
0
0
0
0
0
0
0
0
0
0
0
0
0
0
0
0
0
0
0
0
0
0
0
0
0
0
-2.25737e-15
0
0
0
0
0
0
0
0
0
0
0
0
0
0
0
0
0
0
0
0
0
0
0
0
0
0
0
0
0
0
0
0
0
0
0
0
0
0
0
0
0
0
-2.77622e-15
0
-1.20647e-13
0
1.00132e-14
0
0
0
0
0
0
0
0
0
0
0
0
0
0
0
0
0
0
0
0
0
0
1.65084e-14
-5.13127e-14
0
0
0
0
0
0
0
0
0
0
0
0
0
0
0
0
0
0
0
0
0
0
0
0
0
0
0
0
0
0
0
0
0
0
0
0
0
0
0
0
0
0
0
0
0
0
0
0
0
0
0
0
0
0
0
0
0
0
0
0
0
0
0
0
0
0
0
0
0
0
0
0
0
0
0
0
0
0
0
0
0
0
0
0
0
0
0
0
0
0
0
0
0
0
0
0
0
0
0
0
0
0
0
0
0
0
0
-7.67298e-16
0
0
0
0
0
0
0
0
0
0
0
0
0
0
0
0
0
0
0
0
0
0
0
0
0
0
0
0
0
0
0
0
0
0
0
0
0
0
0
0
0
0
0
0
0
0
0
0
0
0
0
0
0
0
0
0
0
0
0
0
0
0
0
0
0
0
0
0
0
0
0
0
0
0
0
0
0
0
0
0
0
0
0
0
0
0
0
0
0
0
0
0
0
0
0
0
0
-4.12251e-17
0
0
-6.62419e-15
0
0
0
0
0
0
0
0
0
0
0
0
0
0
0
0
0
0
0
0
0
0
0
0
0
0
0
0
0
0
0
0
0
0
0
0
0
0
0
0
0
0
0
0
0
0
0
0
0
0
0
0
0
0
0
0
0
0
0
0
0
0
0
0
0
0
0
0
0
0
0
0
0
0
0
0
0
0
0
0
0
0
0
0
0
0
0
0
0
0
0
0
0
0
0
0
0
0
0
0
0
0
0
0
0
0
0
0
0
0
0
0
0
0
0
0
0
0
0
0
0
0
0
0
0
0
0
0
0
0
0
0
0
0
0
0
0
0
0
0
0
0
0
0
0
0
0
0
0
0
0
0
0
0
0
0
0
0
0
0
0
0
0
0
0
0
0
0
0
0
0
-1.88585e-17
0
0
0
0
0
0
0
0
0
0
0
0
0
0
0
0
0
0
0
0
0
0
0
0
0
0
0
0
0
0
0
0
0
0
0
0
0
0
0
0
0
0
0
0
0
0
2.34801e-16
0
0
0
0
0
0
0
0
0
1.09583e-16
0
0
0
0
0
0
0
0
0
0
0
0
0
0
0
0
0
0
0
0
0
0
0
0
0
0
0
0
0
0
0
0
0
0
0
0
0
0
0
0
0
0
0
0
0
0
0
0
0
0
0
0
0
0
0
0
0
0
0
0
0
0
0
0
0
0
0
0
0
0
0
0
0
0
0
0
0
0
0
0
0
0
0
0
0
0
0
0
0
0
0
1.22196e-15
0
0
0
0
0
0
0
0
0
0
0
0
0
0
0
0
0
0
0
0
0
0
0
0
0
0
0
0
0
0
0
0
0
0
0
0
0
0
0
0
0
0
0
0
0
0
0
0
-7.36925e-14
-1.23619e-14
0
0
0
0
0
0
0
0
0
0
0
0
0
0
0
0
0
0
0
0
0
0
0
0
0
0
0
0
0
0
0
0
0
0
0
0
0
0
0
0
0
0
0
0
0
0
0
0
0
0
0
0
0
0
0
0
0
0
0
0
0
0
0
0
0
0
0
0
0
0
0
0
0
0
0
0
5.28149e-15
0
0
0
0
0
0
0
0
0
0
0
0
0
0
0
0
0
0
0
0
0
0
0
0
0
0
0
0
0
0
0
0
0
0
0
0
0
0
0
0
0
0
0
0
0
0
0
0
0
0
0
0
0
0
0
0
0
0
0
0
0
0
0
0
0
0
0
0
0
0
0
0
0
0
0
0
0
0
0
0
9.3961e-14
0
0
0
0
0
0
0
0
0
0
0
0
0
0
0
-2.54264e-16
0
0
0
0
0
0
0
0
0
0
0
0
0
0
0
0
0
0
0
0
0
0
0
0
0
0
0
0
0
0
0
0
0
0
0
0
0
0
0
0
0
0
0
0
0
0
0
0
0
0
0
0
0
0
0
0
0
0
0
0
0
0
0
0
0
0
0
0
0
0
0
0
0
0
0
0
0
0
0
0
0
0
0
0
0
0
0
0
-8.70822e-17
0
0
0
0
0
0
0
0
0
0
0
0
0
0
0
0
0
0
0
0
0
0
0
0
0
0
0
0
0
0
0
0
0
0
0
0
0
0
0
0
0
0
0
0
0
0
0
0
0
0
0
0
0
0
0
0
0
0
0
0
0
0
0
0
0
0
0
0
0
0
0
0
0
0
0
0
0
0
0
0
0
0
0
0
0
0
0
0
0
0
0
0
0
0
0
0
0
0
0
0
0
0
0
0
0
0
0
0
0
0
0
0
0
0
0
0
0
0
0
0
0
0
0
0
0
0
0
0
0
0
0
0
0
0
0
0
0
0
0
0
0
0
0
0
0
0
0
0
0
0
0
0
0
0
0
0
0
0
0
0
0
0
0
0
0
0
0
0
0
0
0
0
0
0
0
0
0
0
0
0
0
0
0
0
0
0
0
0
0
0
0
0
0
0
0
0
0
0
0
0
0
0
0
0
0
0
0
0
0
0
-1.30884e-14
0
0
0
0
0
0
0
0
0
0
0
-1.17311e-14
3.99497e-16
0
0
0
0
0
0
0
0
0
0
0
0
0
0
0
0
0
0
0
0
0
0
0
0
0
0
0
0
0
0
0
0
0
0
0
2.98045e-14
3.0649e-14
0
0
0
0
0
0
0
0
0
0
0
0
0
0
0
0
0
0
0
0
0
0
0
0
0
4.86906e-15
0
0
0
0
0
0
0
0
0
0
0
0
0
0
0
0
0
0
0
0
0
0
0
0
0
0
0
0
0
0
0
0
0
0
0
0
0
0
0
0
0
0
0
0
0
0
0
0
0
0
0
0
0
0
0
0
0
0
0
0
0
0
0
0
0
0
0
0
0
0
0
0
0
0
0
0
-6.92617e-14
0
0
0
0
0
0
0
0
0
0
0
0
0
0
0
0
0
0
0
0
0
0
0
0
0
0
0
0
0
0
0
0
0
0
0
0
0
0
0
0
0
0
0
0
0
0
0
0
0
0
0
0
0
0
0
0
0
0
0
0
0
0
0
0
0
0
0
0
0
0
0
0
0
0
0
0
0
0
0
0
0
0
0
0
0
0
0
0
0
0
0
0
0
0
0
0
0
0
0
0
0
0
0
0
0
0
0
0
0
0
0
0
0
0
0
0
0
0
-9.44822e-15
0
0
0
0
0
0
0
0
0
0
0
0
0
0
0
0
0
0
0
0
0
0
0
0
0
0
0
0
0
0
0
0
0
0
0
0
0
0
0
0
0
0
0
0
0
0
0
0
0
0
0
0
0
0
0
0
0
0
0
0
0
0
0
0
0
0
0
0
0
0
0
6.6905e-18
-1.46838e-15
0
0
0
0
0
0
0
0
0
0
0
0
0
0
0
0
0
0
0
0
0
0
-9.4915e-14
0
0
0
0
6.53029e-29
0
0
0
0
0
0
0
0
0
0
0
0
0
0
0
0
0
0
0
0
0
0
0
0
0
0
0
0
0
0
0
0
0
0
0
0
0
-1.45935e-14
0
0
0
0
0
6.93729e-15
0
-2.26578e-17
1.75272e-15
3.19991e-15
0
0
0
0
0
0
0
0
0
0
0
0
0
0
0
0
0
0
0
0
0
0
0
0
0
0
0
0
0
0
0
0
0
0
0
0
0
0
0
0
0
0
0
0
0
0
0
0
0
0
0
0
0
0
0
0
0
0
0
0
0
0
0
0
0
0
0
0
0
0
0
0
0
0
0
-1.97276e-16
0
0
0
0
0
0
0
0
0
0
0
0
0
0
0
0
0
0
0
0
0
0
0
0
0
0
0
0
0
0
0
0
0
0
0
0
0
0
0
0
0
0
0
0
0
0
0
0
0
0
0
0
0
0
0
0
0
0
0
0
0
0
0
0
0
0
0
0
0
0
0
0
0
0
0
0
0
0
0
0
0
0
0
0
0
0
0
0
0
0
0
0
0
0
0
0
0
0
0
0
0
0
0
0
0
0
0
0
0
0
0
0
0
0
0
0
0
0
0
0
0
1.176e-14
-3.25758e-14
0
0
0
0
0
0
0
0
0
9.96179e-15
-1.28923e-14
0
0
0
0
0
0
0
0
0
0
0
0
0
0
0
0
0
0
0
0
0
0
0
0
0
0
0
0
0
0
0
0
0
2.42904e-15
0
0
0
0
0
0
0
0
0
0
0
0
0
0
0
0
0
0
0
0
0
0
0
0
0
0
0
0
0
0
0
0
0
0
0
0
0
0
0
0
0
0
0
0
0
0
0
0
0
0
0
0
0
0
0
0
0
0
0
0
0
0
0
0
0
0
0
0
0
0
0
0
0
0
0
0
0
0
0
0
0
0
0
0
0
0
0
0
0
0
0
0
-1.935e-14
0
0
0
0
0
3.01671e-14
0
0
0
0
0
0
0
0
0
0
0
0
0
0
-2.06415e-17
0
-1.19361e-14
0
0
0
0
0
0
0
0
0
0
0
0
0
0
0
0
0
0
3.62777e-17
0
0
0
0
0
0
0
0
0
0
0
-1.35994e-14
0
0
0
0
0
0
0
0
0
0
-8.50297e-15
0
0
0
0
0
0
0
0
0
0
0
0
0
0
0
0
0
0
0
0
0
0
0
0
0
0
0
0
0
1.4168e-15
-8.1142e-17
0
0
0
0
3.74132e-14
0
0
0
0
1.5245e-17
0
0
0
0
0
0
0
0
0
0
0
0
0
-4.25744e-14
0
0
0
0
0
0
0
0
0
0
0
0
0
0
0
-5.66912e-14
0
0
0
0
0
0
0
0
0
0
0
0
0
0
0
0
0
0
0
0
0
0
0
0
0
0
0
3.87019e-14
0
0
0
0
-7.55284e-14
0
0
-7.37162e-14
0
0
0
0
0
0
0
0
0
1.12908e-17
0
0
0
0
0
0
0
0
0
0
0
0
0
0
0
0
0
0
0
0
0
0
0
0
0
0
0
0
0
0
0
0
0
0
0
0
0
0
0
0
0
0
0
0
0
0
0
0
0
0
0
0
0
0
0
0
0
0
0
0
0
0
0
0
0
0
6.49369e-15
0
0
0
4.00069e-14
0
0
0
0
0
0
0
0
0
0
0
0
0
0
0
2.68691e-14
0
0
0
0
0
0
0
0
0
0
0
0
0
0
0
0
0
0
0
0
0
0
0
0
1.13697e-17
0
0
0
0
0
0
0
0
0
0
0
0
0
0
0
0
0
0
0
0
0
0
0
0
0
0
0
0
0
0
0
0
0
0
0
0
0
0
0
0
0
0
0
0
0
0
0
0
0
0
0
0
0
0
4.19503e-14
1.51435e-14
0
0
0
0
0
0
0
0
0
0
0
0
0
0
0
0
0
0
0
0
0
0
0
0
0
0
0
0
0
0
0
0
0
0
0
0
0
0
0
0
-1.98355e-14
0
0
0
0
0
0
0
0
0
0
0
0
0
0
0
0
0
0
0
0
0
0
0
0
0
0
0
0
0
0
0
0
0
0
0
0
0
1.86543e-16
-1.40906e-16
1.82681e-17
0
0
0
0
0
0
0
0
0
-4.25975e-14
3.38283e-14
0
0
0
0
0
0
0
0
0
0
0
0
0
0
0
0
0
0
0
0
0
0
0
0
0
0
0
0
0
0
0
0
0
0
0
0
0
0
0
0
0
0
0
0
0
0
0
0
0
0
0
0
0
0
0
0
0
0
0
0
0
0
0
-5.24568e-15
0
0
0
0
0
0
0
0
0
0
0
0
0
0
0
0
0
0
0
0
0
0
0
0
0
0
0
0
0
0
0
0
0
-7.35579e-17
-2.81428e-17
0
0
0
0
0
0
0
0
0
0
2.67126e-14
2.09725e-16
0
0
0
0
0
0
0
0
0
0
-1.47243e-16
-2.00358e-14
0
0
0
0
0
0
0
0
0
0
0
0
0
0
0
0
0
2.80162e-14
0
0
0
0
0
0
0
0
0
0
0
0
0
0
0
0
0
0
0
0
0
0
0
0
2.3983e-14
0
0
-1.23312e-14
0
0
0
0
0
0
0
-1.60121e-14
0
0
0
0
0
0
0
0
0
0
0
0
0
0
0
0
0
0
0
0
0
0
0
0
0
0
0
0
0
6.95577e-14
0
0
0
0
-8.47004e-17
0
0
0
0
0
0
0
0
0
0
0
-8.71046e-17
4.58061e-16
0
0
0
0
0
0
0
0
0
-1.01467e-16
0
2.62831e-17
0
0
0
0
-7.80958e-15
-1.35187e-14
-3.96343e-14
0
0
0
0
0
0
0
0
0
0
0
0
0
2.4061e-14
0
0
0
0
0
0
0
0
0
0
0
0
0
0
0
0
0
0
0
0
0
0
0
0
0
0
0
0
0
0
0
0
0
0
0
0
0
0
0
0
0
0
0
0
0
0
0
6.97924e-08
-8.05132e-08
8.05132e-08
-7.95518e-08
7.95518e-08
0
0
0
0
0
0
-8.18917e-15
-1.44349e-16
0
0
0
1.87538e-17
-2.55089e-31
-1.6671e-17
0
0
0
0
0
0
6.46866e-15
-1.6499e-14
0
0
0
0
0
0
-6.97376e-08
6.97376e-08
0
0
0
0
0
0
0
0
0
0
0
0
0
0
-7.56349e-08
7.56349e-08
0
0
0
0
0
0
0
0
0
0
0
0
0
4.2271e-08
4.2271e-08
4.2271e-08
4.2271e-08
4.40159e-08
4.05261e-08
5.49879e-08
2.95541e-08
4.2271e-08
4.2271e-08
3.99596e-08
4.45824e-08
4.58115e-08
3.87305e-08
0
0
0
0
0
0
-1.87109e-17
6.56363e-17
0
0
0
0
0
0
0
0
0
0
0
0
0
0
0
0
-4.32164e-17
-7.66153e-16
0
0
0
0
0
0
0
0
9.86971e-16
-3.53685e-16
0
0
0
0
0
0
0
-3.23964e-14
3.71187e-14
0
0
0
0
0
0
0
0
0
0
0
0
0
0
0
0
1.40685e-15
0
0
0
0
0
0
0
0
0
0
0
0
0
0
0
0
0
0
0
0
0
0
0
0
0
0
0
0
0
0
0
0
0
0
0
0
0
0
0
0
0
0
0
0
0
0
0
0
0
0
0
0
0
0
0
0
0
0
-2.58637e-15
0
1.28254e-14
0
0
0
0
0
-1.34744e-16
-7.50117e-16
0
0
0
0
0
0
0
0
0
0
0
0
0
0
0
0
0
0
0
0
-3.27676e-14
0
0
0
0
0
0
0
0
0
0
0
0
-2.52723e-14
-8.2485e-15
0
4.28658e-17
8.03652e-16
0
0
0
0
0
0
0
0
0
0
0
0
0
0
0
0
0
0
2.89904e-16
-8.75525e-15
0
0
0
0
-1.97004e-16
0
0
0
0
0
0
0
0
0
0
0
0
0
0
0
-2.20026e-16
2.63597e-17
0
0
0
0
0
0
0
0
0
1.55631e-17
0
0
2.34464e-16
0
0
0
0
0
-6.31379e-15
0
0
-4.00633e-14
0
0
0
0
0
0
0
0
0
0
0
0
0
0
0
0
0
0
0
0
0
0
0
0
0
0
0
0
0
0
0
0
4.2271e-08
4.2271e-08
2.23595e-16
0
0
0
0
0
0
0
0
0
0
0
0
0
0
0
0
0
0
0
0
0
0
0
0
0
0
0
0
0
0
0
0
0
0
0
0
0
0
3.17899e-08
5.27521e-08
4.26116e-08
4.19304e-08
0
0
0
-3.64819e-14
0
0
0
0
0
0
0
0
0
-7.14699e-15
0
0
0
0
0
0
0
0
0
0
0
0
0
0
0
0
0
1.76138e-16
0
0
0
0
0
0
0
4.78749e-08
3.66671e-08
0
0
0
0
0
0
0
0
0
4.72009e-08
3.73411e-08
-6.86032e-14
3.83791e-14
0
0
0
0
0
0
0
8.46374e-16
0
0
0
0
0
0
0
0
0
0
0
0
0
0
-3.70374e-14
0
0
0
0
0
0
0
0
0
0
0
0
4.2271e-08
4.2271e-08
0
0
-3.80995e-14
0
0
0
0
0
0
0
0
0
0
4.24511e-08
4.20909e-08
0
0
0
0
0
0
0
0
0
0
0
0
0
0
0
4.3939e-08
4.0603e-08
0
0
0
0
0
0
0
0
0
0
0
0
0
0
0
0
0
0
0
0
0
0
0
0
0
0
-2.0779e-15
-4.03341e-30
0
0
0
0
0
0
0
0
0
0
0
0
0
0
0
0
0
0
0
0
0
0
0
0
0
0
0
0
0
0
0
0
0
0
0
0
0
0
0
0
0
0
0
0
0
0
0
0
0
-4.54255e-14
0
0
0
0
0
4.76849e-08
3.68571e-08
0
0
7.45921e-08
-7.45921e-08
-1.20486e-14
-2.00465e-14
0
0
0
0
0
0
0
0
0
0
0
0
0
0
0
0
7.84174e-08
-7.84174e-08
0
0
0
0
0
0
0
0
0
0
0
0
0
0
0
0
0
0
0
0
0
0
0
0
0
0
0
0
0
0
0
0
0
0
0
0
0
0
0
-1.65229e-17
0
0
0
0
0
0
0
0
0
0
0
0
3.94101e-08
4.51319e-08
0
0
0
0
0
0
0
0
0
0
0
0
0
1.36748e-15
0
0
0
0
0
0
0
0
0
0
0
0
0
0
0
0
0
0
0
0
0
0
0
0
0
0
0
0
0
0
5.92122e-14
0
0
0
0
0
0
0
0
0
0
0
0
0
0
0
0
0
1.16826e-14
0
0
0
0
0
0
0
0
0
0
0
0
0
0
0
-5.22908e-15
-8.41081e-15
0
0
0
0
0
0
0
0
0
0
0
0
0
0
0
0
0
0
0
7.58698e-08
-7.58698e-08
-7.23932e-08
7.23932e-08
0
0
0
0
0
0
0
0
0
0
0
0
0
0
0
0
0
0
0
0
0
0
0
0
0
0
-8.38024e-08
8.38024e-08
0
0
0
0
1.36955e-15
0
-8.05849e-14
5.06517e-08
3.38903e-08
0
7.68581e-08
-7.68581e-08
0
0
0
0
0
0
0
0
0
0
0
0
0
0
0
-1.91808e-16
0
0
0
0
0
0
0
0
0
0
0
0
0
0
0
0
0
0
0
0
0
0
0
0
0
0
0
-1.0548e-16
8.24671e-17
0
0
0
0
0
0
0
0
0
0
0
0
0
0
0
0
0
0
0
0
0
0
0
0
0
0
0
0
0
4.73838e-15
0
-5.26706e-14
0
0
0
0
0
0
0
0
0
0
0
0
0
0
0
0
0
0
4.36109e-08
4.09311e-08
0
0
0
0
0
0
0
0
0
0
0
1.37349e-15
0
0
0
0
0
0
0
0
0
0
0
0
0
0
0
0
0
0
0
0
0
0
0
0
0
4.68921e-08
3.76499e-08
0
0
0
0
0
0
0
0
0
0
-1.78408e-14
0
0
0
0
0
0
0
0
0
0
0
2.73128e-14
3.31987e-14
0
0
0
0
0
0
0
0
0
0
0
0
0
0
0
0
0
0
-9.23321e-17
0
0
0
0
0
0
0
-8.07743e-15
0
0
0
0
0
0
0
0
0
0
0
0
0
0
0
0
0
0
0
0
0
0
0
0
0
0
0
0
0
0
0
0
-4.43338e-16
7.1483e-15
0
0
0
0
0
0
0
0
0
0
-1.35913e-16
-1.15369e-16
0
0
0
0
0
0
0
0
0
0
0
0
0
0
0
-5.85189e-14
0
0
0
0
0
0
0
0
0
0
0
0
0
0
0
0
0
0
0
8.99873e-17
2.96138e-15
0
0
0
0
0
0
0
0
0
0
0
0
0
-2.87865e-15
1.46184e-17
-1.54487e-15
0
0
0
0
0
-8.06138e-15
0
0
0
0
0
0
0
0
0
0
0
0
0
0
0
0
0
0
0
0
0
0
0
0
0
0
0
0
0
0
0
0
0
0
0
0
0
0
0
-2.05259e-16
0
0
1.83797e-15
3.396e-17
-1.02629e-16
7.32155e-08
-7.32155e-08
0
0
0
0
0
0
0
0
0
0
0
0
8.08283e-17
0
0
0
0
0
0
0
0
0
0
0
0
0
0
-5.35919e-14
0
-3.13238e-15
-2.12957e-15
0
1.07272e-15
-2.94125e-16
0
0
9.32993e-15
5.41508e-15
0
0
0
0
0
0
0
0
0
-1.04383e-16
0
0
0
0
0
0
0
0
0
0
0
0
0
0
0
0
0
0
0
0
0
0
0
0
0
0
0
0
-3.94239e-17
0
0
0
0
0
0
0
0
0
0
0
0
0
0
0
0
-1.14772e-15
0
0
0
1.90943e-16
-6.22819e-17
0
0
0
0
0
0
0
0
0
0
0
0
0
0
-7.40467e-08
7.40467e-08
0
-9.39534e-18
-3.45148e-17
7.10671e-17
0
0
0
0
4.11345e-14
0
0
0
0
0
0
0
0
0
0
0
0
0
0
0
0
0
0
0
1.68441e-16
0
0
0
0
0
0
0
0
0
1.2133e-15
1.24187e-16
0
0
0
0
0
0
0
0
0
0
0
0
0
0
0
0
0
0
0
-9.68913e-17
1.0722e-16
2.70017e-17
0
0
0
0
0
0
0
0
0
0
0
0
0
0
0
0
0
0
0
0
0
0
0
0
0
0
0
0
0
-7.11713e-18
-2.00118e-17
0
0
0
0
0
2.91792e-17
0
0
0
0
0
0
0
0
0
0
0
0
0
0
0
0
0
0
0
7.38854e-08
-7.38854e-08
0
0
0
0
0
0
0
0
0
0
0
0
0
0
0
0
0
0
0
0
0
0
0
0
0
0
-2.93965e-17
0
1.71594e-16
0
0
0
0
0
0
0
0
0
0
-7.12582e-08
7.12582e-08
0
0
0
0
0
0
0
0
0
2.3569e-15
-1.52273e-15
0
0
0
0
0
0
0
0
0
0
0
0
0
0
0
0
0
0
0
0
0
0
0
0
0
0
0
0
0
-1.29977e-17
-2.17555e-17
5.96885e-17
0
0
0
0
0
0
0
0
0
0
0
0
0
0
0
0
2.2245e-14
8.44079e-15
0
0
0
0
0
0
0
0
0
0
0
0
0
0
0
-1.27022e-14
-1.59936e-15
0
0
0
0
0
0
0
0
0
0
0
0
0
0
1.49398e-15
-1.38905e-15
0
0
0
0
3.67447e-16
0
0
0
0
0
0
0
0
0
0
0
0
0
0
0
0
0
0
0
0
0
0
0
0
0
0
0
0
0
0
0
0
0
0
0
0
0
0
0
0
0
0
1.4919e-16
0
0
0
0
0
0
0
0
5.71569e-15
0
1.27825e-15
0
0
0
0
0
0
0
0
0
0
0
0
0
-1.1896e-14
7.99037e-15
0
0
0
0
0
0
0
0
0
0
0
0
0
0
-3.51325e-16
0
-5.97545e-18
0
0
0
0
0
0
0
0
0
0
0
0
0
0
0
0
0
0
0
0
0
0
0
0
0
0
0
0
0
0
0
0
0
0
0
0
0
0
0
0
-8.20283e-14
0
-3.30094e-14
0
0
0
0
0
0
-2.74801e-17
-1.28702e-16
0
0
0
0
0
0
0
0
0
9.50026e-16
6.49224e-15
0
0
0
0
0
0
0
0
4.32171e-15
0
-1.54918e-14
0
0
0
0
0
0
5.00401e-15
0
0
0
-3.10175e-16
0
0
0
0
-3.95357e-16
2.24442e-16
0
0
0
0
0
0
0
0
0
0
0
0
0
0
0
0
0
-9.91221e-16
0
0
-2.27042e-15
-2.62882e-15
0
0
0
0
0
0
0
0
0
0
0
0
0
0
0
0
0
0
0
0
0
0
0
0
0
0
0
-2.05653e-14
0
0
1.56641e-16
0
3.42812e-14
0
0
0
1.05833e-16
0
0
0
0
0
0
0
0
0
0
0
0
1.35389e-15
0
0
0
0
0
0
-1.59981e-14
0
0
0
0
0
0
0
0
0
0
0
0
0
0
0
0
0
0
5.62294e-17
0
0
-1.88363e-18
0
0
0
0
0
0
0
0
0
0
0
0
0
0
0
0
0
0
-1.73763e-17
0
0
0
0
0
0
0
0
0
0
0
0
0
0
0
0
0
0
0
0
0
0
0
0
0
0
-1.77935e-15
0
0
0
0
0
0
0
-2.70396e-14
0
0
0
0
0
0
0
0
0
0
0
0
-7.59089e-18
5.78456e-17
0
1.44496e-14
0
0
0
0
0
0
0
0
0
0
0
0
0
0
0
0
0
0
0
0
0
0
0
0
0
0
0
0
0
0
0
0
0
0
0
0
0
0
0
0
0
2.95108e-17
0
0
0
0
0
0
0
0
-1.88273e-15
0
-8.55667e-16
0
0
0
0
0
0
0
0
0
0
0
0
0
0
0
0
0
0
0
0
0
0
0
0
0
0
0
0
0
0
0
0
0
0
0
0
0
-3.88095e-17
0
0
0
0
0
0
0
4.2271e-08
4.2271e-08
0
0
0
0
0
0
0
0
0
0
0
0
0
0
-7.53723e-08
7.53723e-08
0
0
0
0
0
0
0
0
0
0
0
0
0
0
0
0
0
0
0
0
0
0
0
0
0
0
0
0
0
0
0
0
0
-6.72424e-16
7.45643e-16
0
0
0
0
0
0
0
0
0
0
0
0
0
0
0
0
0
0
0
0
0
0
0
0
0
-2.05979e-16
0
0
0
0
0
0
0
0
0
0
0
0
0
0
0
0
0
0
0
0
1.19114e-15
0
1.24029e-17
-4.44827e-17
0
0
0
0
0
0
0
0
0
0
0
-7.65432e-15
1.18244e-14
0
0
0
0
0
0
0
0
1.981e-15
0
0
0
0
0
0
0
0
0
0
0
2.22511e-16
0
0
0
0
0
0
0
0
0
0
0
0
0
0
0
0
0
0
0
0
0
0
0
0
0
0
0
8.45572e-18
5.35882e-17
0
3.15131e-15
0
0
0
0
0
0
0
-3.67986e-14
-1.40148e-15
0
0
0
0
0
0
0
0
0
0
0
0
0
0
0
0
0
0
0
0
-4.4172e-17
0
0
0
0
0
-1.57118e-15
1.53124e-17
2.92676e-17
0
0
0
0
0
0
0
0
0
0
0
0
0
0
0
0
0
0
0
0
0
0
0
0
-8.37369e-14
0
0
0
1.44989e-17
0
0
0
0
0
0
0
0
0
0
0
0
0
0
0
0
0
0
0
0
0
0
0
0
0
0
0
0
0
0
0
0
0
0
0
0
0
0
0
8.22551e-16
0
0
0
0
0
0
0
0
0
0
0
0
0
0
0
0
-3.98788e-14
0
0
0
0
1.05139e-17
0
0
0
0
4.10029e-08
4.35391e-08
0
1.46761e-16
1.67852e-16
-1.74378e-15
1.57534e-15
7.89938e-15
3.74003e-17
1.31882e-17
0
0
0
0
4.2271e-08
0
0
0
0
0
0
0
0
0
0
0
0
0
-1.53545e-15
0
0
-2.85254e-16
-1.71903e-17
0
-2.34634e-17
0
0
0
0
0
0
0
-1.09351e-15
0
0
0
1.21581e-17
3.15206e-17
-7.13639e-15
0
0
0
0
0
0
-3.91697e-16
5.64968e-17
0
0
0
0
0
0
1.02282e-16
0
0
0
0
0
0
0
0
0
0
0
0
0
0
0
0
0
0
0
0
0
0
0
2.04575e-14
0
0
0
0
0
0
0
0
0
-5.64403e-17
0
0
0
0
0
0
0
0
-4.61722e-14
0
0
0
0
0
0
0
2.44415e-14
0
0
0
0
0
0
0
0
0
0
0
0
0
0
0
0
0
0
0
0
0
0
0
-3.163e-17
0
0
0
0
0
0
-6.56687e-14
0
0
0
0
0
0
0
0
0
0
-3.73989e-17
0
0
0
0
0
-4.35009e-14
0
0
0
0
0
0
0
0
0
0
0
0
0
0
3.04662e-17
0
0
0
0
-2.85358e-14
8.78359e-14
0
0
0
0
0
0
0
0
0
0
0
0
-5.01691e-17
0
0
0
0
0
0
0
0
0
0
0
0
0
0
0
0
0
0
0
0
0
0
0
0
0
0
0
0
0
0
0
0
0
0
0
0
0
0
0
0
0
0
0
0
0
0
0
0
0
0
-4.75815e-08
-3.60454e-16
-2.97364e-15
0
0
4.92042e-14
0
0
0
0
0
-4.812e-17
0
0
0
0
0
0
0
0
0
0
0
0
0
0
0
0
0
0
0
0
0
0
0
0
0
0
0
0
0
0
0
0
0
0
0
0
0
0
0
0
-1.65549e-17
1.02293e-16
0
0
0
0
0
0
0
0
0
0
0
0
0
0
0
0
0
0
0
0
0
0
0
-1.01347e-16
0
0
0
0
-2.4078e-14
0
0
0
0
-2.44977e-17
0
0
0
0
0
0
1.17072e-16
0
0
0
0
0
0
0
0
0
0
0
3.69605e-08
0
-3.29808e-15
0
0
0
0
0
0
0
0
0
0
0
0
0
0
0
0
0
0
0
0
0
0
0
0
0
0
0
0
0
0
0
0
0
0
0
4.14207e-17
0
0
0
0
0
0
0
0
0
0
0
0
0
0
0
0
0
0
0
0
0
0
0
0
0
0
0
0
0
0
0
0
0
0
0
0
0
0
0
0
0
0
0
0
0
0
-2.36212e-13
-1.05441e-16
-3.1447e-17
0
0
0
0
0
0
0
0
0
0
0
0
0
0
0
0
0
1.97775e-15
0
0
0
7.75776e-16
-2.48908e-15
0
0
5.00152e-16
0
0
0
0
0
0
0
0
0
0
0
0
0
0
0
0
0
-1.13611e-15
0
0
0
0
0
0
0
0
0
0
0
0
0
0
-2.64828e-16
0
0
0
0
0
0
0
0
0
0
0
0
0
0
0
0
0
0
0
0
0
0
0
0
0
0
0
0
0
0
0
0
0
0
0
0
0
-1.15333e-16
0
0
0
0
0
0
0
0
0
0
0
0
0
0
-8.30208e-14
0
0
0
0
0
0
0
0
0
0
0
0
0
-7.82309e-17
0
0
0
0
0
-4.11344e-30
0
0
0
0
0
0
0
0
0
0
0
0
0
0
0
2.82565e-17
0
0
0
0
0
0
0
0
0
0
0
-3.34501e-17
1.72136e-16
0
0
0
-1.14029e-16
0
0
0
0
0
0
0
0
-9.32415e-18
4.29374e-18
-3.62402e-17
0
0
0
0
0
0
3.7536e-17
0
0
0
-8.87143e-18
0
0
0
0
6.36634e-15
0
0
0
0
0
0
0
0
0
-1.074e-14
0
0
0
-4.79348e-16
0
0
0
0
0
0
0
0
0
0
0
0
0
0
0
0
0
0
0
0
0
0
0
0
0
0
0
0
0
0
0
-2.55622e-14
4.79187e-14
2.20525e-14
0
0
0
0
0
0
0
0
0
0
0
0
0
0
0
0
0
0
1.86387e-15
0
0
0
0
0
0
0
0
0
0
0
0
0
0
0
0
0
0
-5.02669e-17
-7.16584e-15
0
0
8.62731e-17
0
0
0
0
-1.46964e-15
0
0
0
0
0
0
0
0
0
0
0
0
0
0
0
0
0
0
0
0
0
0
0
3.93565e-17
-2.27921e-18
0
0
0
0
0
0
0
0
0
0
0
0
0
0
0
-5.13229e-17
0
0
0
0
0
0
0
0
0
-3.4958e-15
0
0
0
0
0
0
0
0
-1.05735e-14
-1.38845e-15
0
0
0
0
0
0
0
0
0
0
0
0
0
0
0
0
0
0
0
2.71206e-14
0
0
0
0
0
0
0
0
0
0
0
0
0
0
0
0
0
0
0
0
0
0
0
0
0
0
0
0
0
0
0
0
0
0
0
0
0
0
0
0
0
0
-1.15688e-17
-7.74558e-16
5.26383e-17
0
0
0
0
0
0
0
0
0
0
0
0
0
0
0
0
0
0
0
0
3.20783e-17
0
0
0
0
0
-4.62082e-14
0
0
0
0
0
0
0
0
0
0
0
0
0
0
0
0
0
0
0
0
0
0
0
0
0
0
0
0
0
0
0
0
0
0
0
0
0
0
0
0
0
0
0
0
0
0
0
5.46495e-18
0
0
0
0
0
0
0
0
0
0
0
0
4.67612e-14
-7.61818e-16
0
-5.778e-17
0
0
0
0
0
0
0
0
0
0
0
0
0
0
0
0
0
0
-7.46114e-16
0
0
0
0
0
0
0
0
0
0
0
0
0
0
0
0
0
0
0
0
0
0
0
3.92379e-17
0
0
0
0
0
0
0
0
0
0
0
0
0
0
0
0
0
0
0
0
0
-2.80004e-14
0
8.07839e-15
0
0
8.0028e-33
0
0
0
0
0
0
0
0
0
0
0
0
0
0
0
0
0
0
0
0
0
0
0
0
0
0
0
0
0
0
0
0
0
0
0
-7.06281e-16
0
0
-1.49866e-15
0
2.21512e-16
-2.24831e-16
0
0
0
0
-1.55041e-15
0
0
0
0
0
0
0
0
0
0
0
0
0
0
0
0
0
0
0
0
0
0
0
0
0
0
0
0
0
0
0
0
0
0
0
0
0
0
0
0
0
0
2.47932e-14
0
0
0
0
0
0
0
0
0
0
5.73426e-16
1.62737e-17
0
0
0
0
-2.05611e-16
0
0
0
0
0
0
0
0
0
0
0
0
0
-1.58776e-29
0
0
0
0
0
0
0
0
0
0
0
0
0
0
0
-3.31762e-14
0
0
0
0
0
0
0
0
0
-3.34446e-15
0
0
0
0
0
0
0
0
0
0
0
0
6.37614e-14
0
0
0
0
0
0
0
0
0
0
0
0
0
0
0
0
1.34041e-16
1.94451e-17
1.24085e-17
-2.0614e-17
0
0
0
0
-1.47163e-14
0
0
0
0
3.84628e-14
0
0
0
0
0
0
2.74719e-14
0
0
0
0
0
0
0
0
0
0
0
-5.10558e-14
0
0
0
0
0
0
-3.86056e-08
0
0
0
0
0
0
0
0
0
0
0
0
0
0
0
0
0
0
0
0
0
0
0
0
0
0
0
-2.32715e-16
0
0
0
0
0
5.37069e-15
9.86239e-17
0
0
0
0
0
0
0
0
0
0
0
-2.39841e-16
0
0
0
0
0
0
0
0
0
0
0
0
0
0
0
0
0
0
0
0
0
0
0
0
0
0
0
0
0
-2.75381e-16
-7.12793e-15
0
0
0
0
0
0
-4.10028e-18
0
0
0
0
0
0
0
0
0
0
0
3.17159e-14
0
0
0
0
-3.47569e-17
0
0
0
0
0
0
0
0
0
0
0
0
0
3.54748e-15
-1.93741e-17
-2.88756e-16
0
0
0
0
0
0
0
0
0
0
-3.07858e-17
-1.48892e-15
0
0
0
0
0
0
0
0
-4.59364e-08
-1.54651e-15
-2.23039e-15
0
0
0
0
0
0
0
0
0
0
0
0
0
0
0
0
0
0
0
4.15065e-15
0
0
0
0
0
0
0
0
0
0
0
0
0
0
0
0
0
0
0
0
0
0
0
0
0
0
0
0
0
0
0
0
0
0
0
0
0
0
0
0
-4.33361e-08
0
0
0
0
0
0
0
0
0
0
-9.2425e-16
0
0
0
0
2.09178e-17
0
0
0
0
0
5.10179e-31
0
0
-5.355e-08
0
0
0
3.14883e-15
0
0
0
0
0
0
0
0
0
0
3.07206e-14
-5.35323e-14
0
0
0
0
0
0
0
0
0
0
0
0
-8.49102e-16
0
-1.31571e-17
7.65225e-16
0
0
0
3.2464e-16
4.64034e-15
0
0
0
0
0
0
0
0
0
0
0
0
0
0
0
0
0
0
0
-1.34812e-15
0
0
0
0
5.58274e-08
0
0
-1.83002e-17
5.45725e-08
0
0
0
-1.57002e-15
0
0
0
0
1.9434e-15
0
0
0
0
0
0
0
0
0
0
0
0
0
0
0
0
0
-3.02867e-16
-2.31425e-17
-9.22204e-18
0
0
2.06762e-16
1.5993e-15
0
0
0
0
0
0
0
0
0
0
0
0
-9.92332e-17
0
0
-3.15339e-14
0
0
0
0
0
0
0
0
0
0
0
0
-5.58274e-08
0
0
0
0
0
0
0
-1.80505e-15
0
0
0
0
0
0
0
0
0
0
0
-3.97566e-15
0
0
0
0
0
0
-4.2768e-17
0
1.90801e-17
0
0
0
0
0
0
0
0
0
0
0
0
0
-1.57676e-15
0
0
0
0
-1.49949e-14
1.67504e-14
0
0
0
0
0
0
0
0
1.7592e-14
-4.84125e-15
0
0
0
0
0
0
0
0
0
0
0
0
-5.45725e-08
0
0
0
0
0
0
0
-5.58189e-15
0
0
0
0
0
0
0
0
0
0
0
0
1.55829e-15
0
0
0
0
0
0
0
0
0
0
0
0
7.42741e-16
0
0
0
0
0
0
0
0
0
0
0
0
0
-7.93042e-15
0
0
0
0
0
0
0
0
0
0
0
0
0
0
0
0
0
0
0
0
0
0
0
0
0
0
0
0
-2.02682e-15
0
0
0
0
0
3.85519e-15
0
0
0
0
0
0
0
0
0
-6.11109e-17
0
0
0
0
0
0
0
0
0
0
0
0
0
0
0
0
0
0
0
0
0
0
0
0
0
0
0
0
0
0
0
0
0
0
0
0
0
0
0
0
0
0
0
0
0
0
0
0
0
2.69612e-15
0
0
0
0
0
0
0
0
0
0
0
0
0
0
0
0
0
0
0
0
0
0
0
0
0
0
0
0
0
0
0
0
0
0
0
0
0
0
0
0
0
0
0
0
0
0
0
0
0
0
0
0
0
7.85072e-17
0
0
0
0
0
0
0
0
0
0
0
0
0
0
1.59396e-14
-2.89739e-15
0
0
0
0
0
0
0
0
0
2.50652e-15
0
0
0
0
0
0
0
0
-8.25703e-16
0
0
-1.79345e-15
0
0
0
0
0
0
0
0
0
0
0
0
0
0
0
0
0
0
0
0
0
0
0
0
0
0
0
0
0
0
0
0
0
-3.09513e-16
0
0
0
0
0
0
0
0
0
0
0
0
0
0
0
0
0
0
0
0
0
0
0
0
0
8.26895e-16
0
0
0
0
0
0
0
0
0
0
0
0
0
0
0
0
0
-1.75964e-15
0
0
0
0
0
0
0
-3.28435e-29
4.59667e-16
-9.77977e-15
0
0
0
0
0
0
0
0
0
0
0
0
0
0
-5.1318e-31
0
0
0
0
0
-2.20077e-16
0
5.14564e-17
0
0
0
0
0
0
0
0
0
0
0
0
0
0
0
0
0
0
0
0
0
0
0
0
0
4.05593e-15
0
0
0
0
-3.80112e-14
0
0
0
0
0
0
0
0
0
0
0
0
0
0
0
0
0
0
0
0
0
0
0
0
0
0
0
0
0
7.81522e-14
0
0
-1.28849e-16
0
0
-1.47101e-14
2.4929e-17
0
0
0
0
0
0
0
0
0
0
0
0
0
0
0
0
0
0
0
-4.30706e-15
-4.41943e-15
0
0
0
0
0
0
0
0
0
0
0
0
0
0
0
0
0
0
0
0
0
0
0
0
0
0
0
0
0
0
0
0
0
0
0
0
0
0
0
0
0
0
0
0
0
0
0
0
0
7.27302e-15
0
0
0
0
0
0
0
0
0
0
0
0
0
0
0
0
0
0
3.0992e-08
0
0
0
0
0
0
0
0
3.14219e-15
0
0
0
0
0
0
0
0
2.05446e-16
0
0
0
0
0
0
0
0
0
0
0
0
0
0
2.00075e-17
-2.04291e-14
0
0
0
0
0
0
0
0
0
0
0
0
0
0
0
0
0
2.81792e-14
0
0
0
0
0
0
0
0
0
0
0
0
0
0
0
0
0
0
-1.09646e-14
0
0
0
0
0
0
0
0
0
0
0
0
0
0
0
0
0
0
0
0
0
0
0
0
0
0
0
0
0
0
0
0
0
0
0
0
0
0
0
0
0
0
0
0
0
0
0
0
0
0
0
0
0
-6.22937e-14
0
0
4.12059e-08
0
0
0
0
0
0
0
0
0
0
0
0
0
0
0
0
0
0
0
0
0
0
0
0
0
0
0
0
0
0
0
0
0
0
0
-1.49947e-15
0
0
0
-6.61101e-15
0
0
0
0
0
0
0
0
1.27923e-17
0
0
0
0
0
0
0
0
0
0
0
0
0
0
0
0
0
0
0
0
0
0
0
-1.00884e-14
0
0
0
0
0
0
0
0
0
-2.65568e-14
0
0
-1.29781e-14
0
0
0
0
0
0
0
0
0
0
0
0
0
0
0
0
0
0
0
0
0
0
0
0
0
0
1.22427e-14
0
1.12185e-16
0
0
0
0
0
0
0
-2.71085e-14
0
0
0
0
0
0
0
0
0
0
0
0
0
0
0
0
0
0
0
0
0
0
0
0
0
0
-1.0736e-15
0
0
0
0
0
0
0
0
0
0
0
0
0
0
0
0
0
0
0
0
0
0
0
0
0
2.19412e-14
0
0
0
0
2.98415e-16
0
0
0
0
0
0
0
0
0
0
0
0
0
0
0
0
0
0
3.5861e-15
0
1.98523e-16
0
0
0
0
0
0
0
0
0
0
-5.92208e-15
0
0
0
0
0
0
0
0
0
0
0
0
0
0
0
0
0
0
0
0
0
0
0
0
0
0
0
0
2.77084e-16
0
0
0
0
0
0
2.04429e-14
0
0
0
0
0
0
0
0
0
0
0
0
0
0
0
0
-3.13113e-14
0
0
0
0
0
0
0
0
0
0
0
0
0
0
0
0
0
0
0
0
0
0
0
0
0
0
0
0
0
0
0
0
0
0
0
0
0
0
-1.12952e-15
0
0
0
0
-1.28114e-14
0
0
0
0
0
0
0
0
0
0
0
0
0
0
0
0
0
0
0
0
0
0
0
0
0
0
0
0
0
0
-3.83403e-14
0
-3.50965e-17
0
0
0
0
0
0
0
-3.57056e-16
0
0
0
0
0
0
0
0
0
0
0
0
0
0
0
0
0
0
0
0
0
)
;

boundaryField
{
    frontback
    {
        type            empty;
        value           nonuniform List<scalar> 0();
    }
    topbottom
    {
        type            calculated;
        value           uniform 0;
    }
    outlet
    {
        type            calculated;
        value           uniform 0;
    }
    inlet
    {
        type            calculated;
        value           nonuniform List<scalar> 0();
    }
    walls
    {
        type            calculated;
        value           nonuniform List<scalar> 
45
(
0
0
0
0
0
-1.69084e-07
-1.69084e-07
-1.69084e-07
-1.69084e-07
-1.69084e-07
-1.69084e-07
-1.69084e-07
-1.69084e-07
-1.69084e-07
-1.69084e-07
-1.69084e-07
-1.69084e-07
-1.69084e-07
-1.69084e-07
-1.69084e-07
-1.69084e-07
0
0
-1.69084e-07
0
0
0
-1.69084e-07
0
-1.69084e-07
-1.69084e-07
0
0
0
0
-1.69084e-07
0
-1.69084e-07
-1.69084e-07
-1.69084e-07
-1.69084e-07
-1.69084e-07
-1.69084e-07
9.2266e-16
0
)
;
    }
    procBoundary3to1
    {
        type            processor;
        value           nonuniform List<scalar> 
205
(
-1.05257e-07
0
5.60542e-14
0
-4.16392e-17
0
0
0
8.37753e-16
-1.05636e-16
3.56405e-16
7.25732e-15
2.16551e-14
2.50846e-16
0
0
0
0
-1.009e-16
0
0
0
0
0
0
0
0
0
0
0
0
0
0
5.43192e-17
1.49005e-16
0
2.68549e-16
0
0
0
0
0
0
0
0
0
0
0
0
2.78176e-15
0
0
0
0
0
0
0
0
0
0
0
0
0
0
0
0
6.12224e-16
0
0
0
0
0
0
0
5.61927e-14
0
-2.21077e-15
0
0
0
0
0
2.87334e-16
0
0
0
0
0
1.0418e-16
0
0
0
0
0
0
0
0
0
0
5.7892e-16
0
0
0
0
0
0
0
0
0
0
0
0
0
0
0
0
5.86792e-16
0
0
0
0
0
0
0
0
0
0
0
0
0
0
0
0
0
0
0
0
0
0
-1.01728e-16
-9.87052e-17
0
0
0
-4.7111e-17
0
0
0
0
-4.62457e-17
0
0
0
0
0
0
0
0
0
0
0
-2.04071e-30
0
0
0
0
0
0
0
-5.10179e-31
0
0
0
3.66047e-16
-7.63356e-15
0
0
-3.16063e-15
7.61406e-15
0
0
-3.20347e-15
0
0
0
0
5.49312e-16
0
1.43151e-16
0
8.11643e-15
0
0
0
0
0
0
0
-2.54678e-15
0
0
0
0
0
0
)
;
    }
    procBoundary3to2
    {
        type            processor;
        value           nonuniform List<scalar> 
99
(
0
0
0
0
0
0
0
0
0
0
0
0
1.11921e-14
0
0
0
0
0
0
0
0
0
0
0
0
0
0
0
0
0
0
0
0
0
0
0
0
0
0
0
0
0
0
0
-2.18032e-14
0
0
0
0
9.11018e-14
0
0
0
0
0
0
0
0
0
0
0
0
0
0
0
0
0
0
0
-4.61767e-08
0
0
0
0
0
0
0
0
0
0
0
0
0
0
0
0
0
0
0
0
0
0
0
-6.22781e-14
-2.82976e-14
0
0
0
0
)
;
    }
}


// ************************************************************************* //
